# solver=cpp-a0f9b8019
# cpu=AMD EPYC Processor (with IBPB)
# isolated_core=11
# strategy=basic
# n_solutions=1
# solve_time=0.00040
15 1 15
1 1 1
13 1 1 1 13
1 1 1 1 1
11 1 1 1 1 1 11
1 1 1 1 1 1 1
9 1 1 1 1 1 1 1 9
1 1 1 1 1 1 1 1 1
7 1 1 1 1 1 1 1 1 1 7
1 1 1 1 1 1 1 1 1 1 1
5 1 1 1 1 1 1 1 1 1 1 5
1 1 1 1 1 5 1 1 1 1 1
3 1 1 1 1 1 1 1 1 1 1 3
1 1 1 1 1 9 1 1 1 1 1
1 1 1 1 1 1 1 1 1 1 1 1
1 1 1 1 1 13 1 1 1 1 1
1 1 1 1 1 1 1 1 1 1
1 1 1 1 17 1 1 1 1
1 1 1 1 1 1 1 1 1 1
1 1 1 1 1 13 1 1 1 1 1
1 1 1 1 1 1 1 1 1 1 1 1
1 1 1 1 1 9 1 1 1 1 1
3 1 1 1 1 1 1 1 1 1 1 3
1 1 1 1 1 5 1 1 1 1 1
5 1 1 1 1 1 1 1 1 1 1 5
1 1 1 1 1 1 1 1 1 1 1
7 1 1 1 1 1 1 1 1 1 7
1 1 1 1 1 1 1 1 1
9 1 1 1 1 1 1 1 9
1 1 1 1 1 1 1
11 1 1 1 1 1 11
1 1 1 1 1
13 1 1 1 13
1 1 1
15 1 15
---
1 1 1 1 1 1 1 7 1 1 1 1 1 1 1
1 1 1 1 1 1 1 1 1 1 1 1 1 1
1 1 1 1 1 1 11 1 1 1 1 1 1
1 1 1 1 1 1 1 1 1 1 1 1
1 1 1 1 1 15 1 1 1 1 1
1 1 1 1 1 1 1 1 1 1
1 1 1 1 19 1 1 1 1
1 1 1 1 1 1 1 1
1 1 1 23 1 1 1
1 1 1 1 1 1 1
1 1 12 1 12 1 1
1 1 1 1 1 1 1
1 12 1 1 1 12 1
1 1 1 1 1 1 1
12 1 1 1 1 1 12
1 1 1 1 1 1 1
10 1 1 1 1 1 1 1 10
1 1 1 1 1 1 1
12 1 1 1 1 1 12
1 1 1 1 1 1 1
1 12 1 1 1 12 1
1 1 1 1 1 1 1
1 1 12 1 12 1 1
1 1 1 1 1 1 1
1 1 1 23 1 1 1
1 1 1 1 1 1 1 1
1 1 1 1 19 1 1 1 1
1 1 1 1 1 1 1 1 1 1
1 1 1 1 1 15 1 1 1 1 1
1 1 1 1 1 1 1 1 1 1 1 1
1 1 1 1 1 1 11 1 1 1 1 1 1
1 1 1 1 1 1 1 1 1 1 1 1 1 1
1 1 1 1 1 1 1 7 1 1 1 1 1 1 1