# solver=cpp-400bd85f2
# cpu=AMD EPYC Processor (with IBPB)
# isolated_core=11
# strategy=basic
# n_solutions=1
# solve_time=0.00020
2
1 1 3 3
1 2 1 1 1 2
1 2 2 3 1 1 2
1 3 3 3 2 1 1
1 3 3 3 3 2 1
1 3 3 3 3 3 1
1 3 3 3 3 3 1
1 3 3 3 3 3 1 1
1 3 3 3 3 3 1 1
1 3 3 3 3 3 1 1
1 2 3 3 3 3 1 1
1 3 1 3 3 1 2 1
1 3 1 2 2 1 2 1
1 8 2 5 1
1 18 1
2 16 1
2 15 1
2 13 1
---
9
1 6
1 9 2
1 13 2
1 12 1
1 5
1 8 4
1 10 5
1 9 5
1 6
1 10 5
1 11 4
1 11 4
1 5
1 8 5
1 10 4
1 10 4
1 5
1 6 6
1 8 5
1 7 5
1 4 1
1 5 2
2 3
5