# solver=cpp-1e16a40
# cpu=AMD EPYC Processor (with IBPB)
# isolated_core=11
# strategy=contra
# n_solutions=1
# solve_time=0.00230
3
2 1
2 2 3 4
2 3 2 1 1
2 3 3 2 1 1
2 3 3 2 3 1
1 3 3 3 3 1
3 2 3 3 4 2 3
2 2 4 4 2 1 1
2 1 4 2 1 1
2 10 4 2 1 1
1 12 4 2 1 1
1 11 4 2 1 1
1 7 5 2 2 1
1 7 7 2 2 2
1 7 7 2 3 2 3
1 15 2 1 3 2
1 14 2 1 1 3
1 13 2 1 3
2 11 2 1 3
1 8 2 1 1
3 5 2 6
2 2 2
3 1
4
---
4
2 3
2 3 1
2 6 2
2 8 2
2 10 1
2 11 2
1 13 1
3 13 1
2 12 1
2 2 4 6 1
2 3 3 6 1
2 3 3 7 1
1 3 2 3 6 1
1 3 3 3 5 2
1 2 3 2 5 2
1 3 1 2 4 2
2 2 2 4 2
1 1 4 4 2
1 4 4 2
1 2 4 2
1 4 2
1 4 2
1 4 2 7
1 4 2 1 1
1 3 2 3 1
1 2 2 1 1 1
1 2 2 2 1
6 2 5
2 2
7 3
1 3
9
0
0