# solver=cpp-1e16a40
# cpu=AMD EPYC Processor (with IBPB)
# isolated_core=11
# strategy=contra
# n_solutions=1
# solve_time=0.00080
4
5 2 2 4
1 2 4 2 3 2 2
1 2 2 2 3 2 2 2 1
1 3 5 3 2 4 3 1
1 4 2 3 3 1 2 1
1 5 1 3 3 2 3 2
2 6 3 3 3 3 2
2 5 2 3 3 3 1
2 5 3 3 4 2
2 6 3 3 4 2
1 5 3 3 4 2
2 3 2 1 2 5 1
2 3 2 5 2
1 15 1
2 14 2
2 11 1
2 9 2
4 5 2
4 1
8
---
7
1 2
1 3 2
1 4 2
2 4 3
2 5 2
2 6 3
1 6 2
2 7 2
2 9 2
2 1 6 1
2 2 1 3 1
1 3 2 3 2
1 3 3 4 1
2 3 3 5 1
2 3 3 6 2
1 3 3 5 1
1 2 3 2 5 1
2 3 3 5 1
2 3 3 6 1
1 2 3 7 1
2 3 7 1
2 3 6 3
1 2 6 2
2 5 3
2 4 3
2 4 3
2 4 2
1 4 2
1 2 3
2 2
5