# solver=cpp-b64f6aebe
# cpu=AMD EPYC Processor (with IBPB)
# isolated_core=11
# strategy=backtrack
# n_solutions=2
# solve_time=0.00040
0
1 1
1 1
1 1
0
0
0
1 1 1 1 1
3 1 1 1
1 1 1 1
0
24
1 1 1 1
1 1 1 1 1 1
1 1 1 1 3
1 1 1 1 1
1 1 1 1
24
1 1 1 1
1 1 1 1 1
1 1 1 1 1 1 1 1
1 1 1 1 1
1 1 1 1
24
1 1 1 1
1 1 1 1 1 1
1 1 1 1 1 1 1 1
1 1 1 1 1 1
1 1 1 1
24
1 1 1 1
1 1 1 1 1 1
1 1 1 1 1 1 1 1
1 1 1 1 1 1
1 1 1 1
---
1 1 1 1
2 1 1 1 1
1 1 1 1 1
3 1 1 1 1
1 1 1 1
24
1 1 1 1
1 1 1 1
3 1 1 1 1 1 1 1
1 1 1 1
1 1 1 1
24
1 1 1 1
1 1 1 1
3 3 1 1 1 1 1 1
1 1 1 1
1 1 1 1
24
1 1 1 1
1 1 1 1
3 3 1 1 1 1 1 1
1 1 1 1
1 1 1 1
24
0
2 3 3 3
1
3
3 3
0