# solver=cpp-6dc88e3e
# cpu=AMD EPYC Processor (with IBPB)
# isolated_core=11
# strategy=backtrack
# n_solutions=2
# solve_time=0.00050
5 2 2 7
6 2 2 4
2 2 2 2 1
2 2 2 3 3 2 2
2 2 2 5 5 5 8
2 3 2 2 2 2 4 1 1
2 2 2 2 2 2 3 2 2 1 1
2 3 2 3 2 5 2 2 3 1
2 2 2 2 2 3 2 3 1 1
1 1
1 4
2 2 2 2 2 2 1 1
2 2 2 2 2 2
2 2 2 2 2 1 1
2 2 2 4 2 4 3 3 1
2 2 2 5 2 4 5 1 2
2 2 2 2 2 2 2 2 4 1 2
2 2 2 2 2 2 3 2 2 3
8 2 2 2 4 5 4
2 2 2 2 2 3 3 6
---
9
9 8
2 9
2 2 2 2
9 8
3 3 8
2
9 2
9 8
7
2
4 9
2 2 9
2 2 2
2 6
5 5
4
2 6
2 2 6
4
2 2 2
2 2 8
2 3 9
1 2 2 3
1 2
2
9 4
9 2 2
2 3 2
6 3 2
2 3 2 1
1 1
1
1 1 1 1 1 1
1 5 1 5 1
1 1 1 1 1
2 1 1 2
2 1 3 3
2 1 1 5
3 7 7