# solver=cpp-6b570c1b3
# cpu=AMD EPYC Processor (with IBPB)
# isolated_core=11
# strategy=basic
# n_solutions=1
# solve_time=0.00030
1 30
1 2 1 1 1 1 2 1 1
1 1 2 4 1 1 1 2 1 1
1 2 1 2 4 1 2 3
2 5 1 1 4 2 2 1
1 1 4 3 4 2 2 1 1
3 1 2 1 1 1 1 1 2 2
1 1 1 3 3 1 1 3 1 1
1 2 1 2 2 1 1 1 2 3 1
1 1 1 1 1 6 1 1 1
2 5 1 1 3 4 1 1
1 1 7 2 1 3 1 3
6 1 2 1 2 3 2
2 1 2 1 1 2 8 2 1
1 1 4 1 1 1 1 1 1 2
1 5 1 1 1 3 1 1 7
1 1 4 1 3 1 1 1 1
1 1 1 1 1 3 4 2
1 3 3 4 1 1 1 1 4
1 1 1 1 4 3 3 1 1
2 3 3 2 2 1 1 1 2
1 1 3 2 3 7 1
1 2 1 1 1 3 1 2 3 1
1 1 1 3 1 1 1 3 2 2 1
1 2 1 1 1 1 4 1
30 1
---
26
1 1 1 2 1 1
3 3 1 4 2 1
2 1 1 1 1 2 5 1
1 4 1 1 1 2 1 2
1 3 6 1 6
1 1 1 1 1 2 1 1 1
1 10 1 2 1 3
1 1 1 1 1 2 3 1 1
1 2 2 2 1 1 1 2 1
1 1 1 1 1 2 3 1
1 2 3 1 3 1 1 4
1 5 2 1 1
2 1 2 7 3 2 1
1 3 1 4 1
1 2 5 7 2 2
1 1 1 1 4 1 1
4 3 2 1 1 5
1 1 1 4 3 1 1
1 4 3 3 1 1 3 1 1
1 1 1 1 2 1 1
3 4 1 1 5 2 1
1 1 2 3 1 1 1 2 1
1 1 2 3 1 3 2
2 1 6 1 3 1 3
1 3 2 1 2 1 1 3
2 1 1 2 4 2
3 1 1 4 1 2 1
1 5 4 1 4 1
2 2 2 1 1 1 2 1
1 1 1 2 2 2 1
26