# solver=cpp-d85c7576
# cpu=AMD EPYC Processor (with IBPB)
# isolated_core=11
# strategy=basic
# n_solutions=1
# solve_time=0.00030
0
3
1 1
11 18
1 1
7 4
3 1 1 3
2 1 1 2
2 1 1 2
2 7 6 2
1 1 7 8 1 7
1 20 1
1 15 5 1
1 7 1 1 1 2
1 1 1 2 1
2 2 4 1
1 1 2 1
2 1 3
2 4
2 2 1 1
2 2 2 1 4
2 2 1 1
2 2 2 1
10 7
0
---
1 7
1 2 3
1 2 2 2
1 1 1 2
1 1 2 2
1 1 4 2
1 2 4 2
1 1 4 2
1 1 4 1
1 1 5 1
2 1 5 1
1 2 2 3 1
3 3 4 1
1 2 6 1
1 3 5 1
1 1 5 1
1 1 4 2
1 2 4 2
1 1 7 2
1 1 3 3 2
1 1 1 2
1 2 2 1 1 1 1
1 2 3 1 1 2
1 2 2 1 2 1 1
1 1 1 1 1 1 1
1 1 1 2 1 1 1
1 1 3 1 1 1
1 1 1 1 1 1
1 1 2 1 2
1 4 3