# solver=cpp-d85c7576
# cpu=AMD EPYC Processor (with IBPB)
# isolated_core=11
# strategy=contra
# n_solutions=1
# solve_time=0.00030
10 10 5
1 1 2 1 1 10 5
1 1 2 1 1 10 5
1 1 10 5
1 1 10 5
2 2 10 5
3 3 10 5
1 6 1 10 5
2 2 10 5
10 10 5
10 10
2 10 10
4 10 10
4 10 10
2 10 10
2 10 10
4 10 10
4 10 10
6 10 10
10 10
10 10 5
10 1 1 1 1 10 5
10 1 1 1 1 10 5
10 8 10 5
10 8 10 5
10 6 10 5
10 4 10 5
10 1 1 10 5
10 6 10 5
10 10 5
10 10
10 10
10 10
10 10
10 10
---
10 10
1 2 2 10
3 2 1 1 10
1 1 1 2 3 10
3 1 1 8 10
3 1 1 8 10
1 1 1 2 3 10
3 2 1 1 10
1 2 2 10
10 10
10 5
10 4 1 5
10 3 1 5
10 6 1 5
10 4 1 5
10 4 1 5
10 6 1 5
10 3 1 5
10 4 1 5
10 5
10 10
10 10
10 10
10 10
10 10
10 10
10 10
10 10
10 10
10 10
10 5
10 5
10 5
10 5
10 5
10 5
10 5
10 5
10 5
10 5
10 10
10 10
10 10
10 10
10 10