# solver=cpp-a0f9b8019
# cpu=AMD EPYC Processor (with IBPB)
# isolated_core=11
# strategy=basic
# n_solutions=1
# solve_time=0.00030
2 5 5 2
2 2 2 2 2
2 2 2 2 2
2 2 8 2 2
2 8 2
2 4 4 2
2 4 4 2
2 4 2 4 2
2 4 2 4 2
2 2 2 2 2
2 2 8 2 2
2 2 8 2 2
2 2 2 2 2
2 4 2 4 2
2 4 2 4 2
2 4 4 2
2 4 4 2
2 8 2
2 2 8 2 2
2 2 2 2 2
2 2 2 2 2
2 5 2 5 2
2 5 2 5 2
2 2 2 2 2
2 2 2 2 2
2 2 8 2 2
2 8 2
2 4 4 2
2 4 4 2
2 4 2 4 2
2 4 2 4 2
2 2 2 2 2
2 2 8 2 2
---
33
33
0
4 8 8 4
4 8 8 4
1 4 4 2 4
1 4 4 2 4
1 4 2 4 2 4 1
4 2 4 4 1
2 2 2 2 1
4 8 10 4
4 8 10 4
2 2 2 2 1
4 2 4 4 1
1 4 2 4 2 4 1
1 4 4 2 4
1 4 4 2 4
4 8 8 4
4 8 8 4
0
33
33