# solver=cpp-1e16a40
# cpu=AMD EPYC Processor (with IBPB)
# isolated_core=11
# strategy=basic
# n_solutions=1
# solve_time=0.00050
17
2 2
3 3
1 2 2 1
1 2 2 1
1 2 2 1
1 2 2 1
1 2 2 1
1 3 1
1 2 2 1
1 2 2 1 4
1 2 2 1 1 1
1 2 2 1 1 1
1 2 2 1 4
3 3
2 2 4
17 1 1
1 1
4
0
4
1 1
14 1 1
2 2 4
3 3
1 2 2 1
1 2 2 1
1 6 1 5
1 1 1 1 1 1
1 1 1 1 1 1 1
1 6 1 1 1
1 2 2 1 5
1 2 2 1 6
3 3 5
2 2 6
14
0
0
0
0
---
14
3 3
1 2 2 1
1 2 2 1
1 2 2 1
1 4 1
1 1 1 1
1 1 1 1
1 4 1
1 2 2 1
1 2 2 1
1 2 2 1
3 3
17 14
3 3
1 2 2 1 5
1 2 2 1 1 1
1 2 2 1 1 1 1
1 2 2 1 1 1
1 2 2 1 5
1 3 1
1 1 1
1 3 1
1 2 2 1
1 2 2 1
1 2 2 1
1 2 2 1
1 2 2 1
3 3
17
0
1
4 4 4 3
1 1 1 1 1 1 3
1 1 1 1 1 1 3
4 4 4 3
1 1
1 1
0
0