# solver=cpp-eb7e8a1
# cpu=AMD EPYC Processor (with IBPB)
# strategy=contra
# n_solutions=1
# solve_time=0.00130
# solver=cpp-b35e477
# cpu=AMD EPYC Processor (with IBPB)
# strategy=contra
# n_solutions=1
# solve_time=0.00090
5 2 5 2 5
1 3 2 3 2 3 1
2 1 2 1 2 1 2
2 7 2 1 2 7 2
2 5 2 2 5 2
2 1 3 3 3 1 2
1 3 1 1 1 3 1
2 2 7 7 2 2
2 2 5 5 2 2
1 2 1 3 3 1 2 1
2 3 1 1 3 2
2 2 2 7 2 2 2
2 2 2 5 2 2 2
2 1 2 1 3 1 2 1 2
1 2 3 1 3 2 1
2 2 2 2 2 2 2 2
2 2 2 2 1 2 2 2 2
4 1 2 1 2 1 4
2 2 3 2 2
2 2 5 2 2
4 2 2 7 2 2 4
3 4 9 4 3
2 2 13 2 2
1 2 9 2 1
7 2 7 2 7
5 2 5 2 5
1 3 2 3 2 3 1
2 1 2 1 2 1 2
3 7 2 1 2 7 3
4 5 2 2 5 4
---
2 2 3 4 4
4 2 2 2 3 1 3
1 2 2 2 2 2 2 2
2 2 2 2 1 3 1
3 2 2 3 4
2 1 4 2 2 2 3 1
1 2 2 2 2 2 2 2
3 2 2 2 1 2
4 2 2 3 2
3 1 4 2 2 2 2
1 2 2 2 2 2 1 2 2
2 1 3 2 2 1 2 1
2 4 2 2 3 2
2 3 1 4 5 2
1 2 2 2 2 7 2
2 2 1 3 9 1
4 2 4 13
2 2 1 3 9 1
1 2 2 2 2 7 2
2 3 1 4 5 2
2 4 2 2 3 2
2 1 3 2 2 1 2 1
1 2 2 2 2 2 1 2 2
3 1 4 2 2 2 2
4 2 2 3 2
3 2 2 2 1 2
1 2 2 2 2 2 2 2
2 1 4 2 2 2 3 1
3 2 2 3 4
2 2 2 2 1 3 1
1 2 2 2 2 2 2 2
4 2 2 2 3 1 3
2 2 3 4 4