# solver=cpp-b35e477
# cpu=AMD EPYC Processor (with IBPB)
# strategy=basic
# n_solutions=1
# solve_time=0.00340
8 8 8 8 8
9 9 9 9 9
10 10 10 10 10
1 3 1 3 3 1 3 1 1 3
1 1 1 3 1 1 1 3 3 1 1 1 3 1 1 1 1 1 1 3
1 3 1 3 3 1 3 1 1 3
1 3 1 3 3 1 3 1 1 3
1 1 1 3 1 1 1 3 3 1 1 1 3 1 1 1 1 1 1 3
1 2 1 2 2 1 2 1 1 2
8 8 8 8 8
---
0
8
2 1
3 1 1 1
3 1
3 1
3 1 1 1
3 1
10
9
8
0
8
2 1
3 1 1 1
3 1
3 1
3 1 1 1
3 1
10
9
8
0
8
9
10
3 1
3 1 1 1
3 1
3 1
3 1 1 1
2 1
8
0
8
9
10
3 1
3 1 1 1
3 1
3 1
3 1 1 1
2 1
8
0
8
2 1
3 1 1 1
3 1
3 1
3 1 1 1
3 1
10
9
8