# solver=cpp-b35e477
# cpu=AMD EPYC Processor (with IBPB)
# strategy=contra
# n_solutions=1
# solve_time=0.00030
5 5 5 5
1 1 3 1 1 3 1 1 3 1 1 3
1 1 1 1 1 1 1 1 1 1 1 1 1 1 1 1 1 1 1 1
1 1 3 1 1 3 1 1 3 1 1 3
5 5 5 5
5 5 5 5
3 1 1 3 1 1 3 1 1 3 1 1
1 1 1 1 1 1 1 1 1 1 1 1 1 1 1 1 1 1 1 1
3 1 1 3 1 1 3 1 1 3 1 1
5 5 5 5
5 5 5 5
1 1 3 1 1 3 1 1 3 1 1 3
1 1 1 1 1 1 1 1 1 1 1 1 1 1 1 1 1 1 1 1
1 1 3 1 1 3 1 1 3 1 1 3
5 5 5 5
5 5 5 5
3 1 1 3 1 1 3 1 1 3 1 1
1 1 1 1 1 1 1 1 1 1 1 1 1 1 1 1 1 1 1 1
3 1 1 3 1 1 3 1 1 3 1 1
5 5 5 5
5 5 5 5
1 1 3 1 1 3 1 1 3 1 1 3
1 1 1 1 1 1 1 1 1 1 1 1 1 1 1 1 1 1 1 1
1 1 3 1 1 3 1 1 3 1 1 3
5 5 5 5
5 5 5 5
3 1 1 3 1 1 3 1 1 3 1 1
1 1 1 1 1 1 1 1 1 1 1 1 1 1 1 1 1 1 1 1
3 1 1 3 1 1 3 1 1 3 1 1
5 5 5 5
5 5 5 5
1 1 3 1 1 3 1 1 3 1 1 3
1 1 1 1 1 1 1 1 1 1 1 1 1 1 1 1 1 1 1 1
1 1 3 1 1 3 1 1 3 1 1 3
5 5 5 5
5 5 5 5
3 1 1 3 1 1 3 1 1 3 1 1
1 1 1 1 1 1 1 1 1 1 1 1 1 1 1 1 1 1 1 1
3 1 1 3 1 1 3 1 1 3 1 1
5 5 5 5
---
5 5 5 5
1 1 3 1 1 3 1 1 3 1 1 3
1 1 1 1 1 1 1 1 1 1 1 1 1 1 1 1 1 1 1 1
1 1 3 1 1 3 1 1 3 1 1 3
5 5 5 5
5 5 5 5
3 1 1 3 1 1 3 1 1 3 1 1
1 1 1 1 1 1 1 1 1 1 1 1 1 1 1 1 1 1 1 1
3 1 1 3 1 1 3 1 1 3 1 1
5 5 5 5
5 5 5 5
1 1 3 1 1 3 1 1 3 1 1 3
1 1 1 1 1 1 1 1 1 1 1 1 1 1 1 1 1 1 1 1
1 1 3 1 1 3 1 1 3 1 1 3
5 5 5 5
5 5 5 5
3 1 1 3 1 1 3 1 1 3 1 1
1 1 1 1 1 1 1 1 1 1 1 1 1 1 1 1 1 1 1 1
3 1 1 3 1 1 3 1 1 3 1 1
5 5 5 5
5 5 5 5
1 1 3 1 1 3 1 1 3 1 1 3
1 1 1 1 1 1 1 1 1 1 1 1 1 1 1 1 1 1 1 1
1 1 3 1 1 3 1 1 3 1 1 3
5 5 5 5
5 5 5 5
3 1 1 3 1 1 3 1 1 3 1 1
1 1 1 1 1 1 1 1 1 1 1 1 1 1 1 1 1 1 1 1
3 1 1 3 1 1 3 1 1 3 1 1
5 5 5 5
5 5 5 5
1 1 3 1 1 3 1 1 3 1 1 3
1 1 1 1 1 1 1 1 1 1 1 1 1 1 1 1 1 1 1 1
1 1 3 1 1 3 1 1 3 1 1 3
5 5 5 5
5 5 5 5
3 1 1 3 1 1 3 1 1 3 1 1
1 1 1 1 1 1 1 1 1 1 1 1 1 1 1 1 1 1 1 1
3 1 1 3 1 1 3 1 1 3 1 1
5 5 5 5