# solver=cpp-1e16a40
# cpu=AMD EPYC Processor (with IBPB)
# isolated_core=11
# strategy=basic
# n_solutions=1
# solve_time=0.00040
35
1 16 1
1 2 2 1
1 2 2 1
1 2 2 1
1 2 1 1
1 1 17 1 1
1 1 2 2 1 1
1 1 8 10 1
1 4 1 1 3 1
1 2 5 5 1 1
1 1 1 1 1 1 1 1 1
1 4 1 3 1 1 3 4 1
1 1 1 1 3 1 1 3 1 1 1
1 1 1 5 1 5 1 1 1
1 1 2 3 2 1 1
1 1 1 1 1 1 1
1 4 1 4 1
1 1 1 1 1 1
1 1 5 1 5
1 1 1 1 1 1
1 2 9 2 2 2
1 2 7 2 5
1 2 2 1 1
1 2 2 1 1
14 3 14
1 1 1 1 1 1 1
1 1 9 1 1
1 2 2 1
1 3 1 1 3 1
1 2 1 1 1 1 2 1
1 2 2 1 1 2 2 1
1 2 3 3 2 1
7 7 7
35
---
35
1 1 2
1 1 2
1 1 2
1 1 2
1 6 1 2
1 5 1 1 1 3
1 2 2 1 1 1 1 2 1
1 2 15 1 2 1
1 2 4 2 1 2 1
3 1 1 5 2 1 2 1
2 1 1 1 1 9 1
2 1 1 1 3 2 2 1
2 1 1 1 3 1 3 1 1
2 1 1 5 2 1 3
2 1 2 2 2 1 2
2 1 1 2 1 1 3 2
2 1 5 1 2 3 2
2 1 1 1 2 1 1 3 2
2 1 2 5 2 1 2
2 1 1 5 2 1 3
2 1 1 1 1 1 3 1 1
2 1 1 1 3 2 2 1
2 1 1 1 3 9 1
2 1 1 5 2 1 2 1
3 4 2 1 2 1
1 2 15 1 2 1
1 2 2 1 1 1 1 2 1
1 5 1 1 1 3
1 6 1 2
1 7 2
1 1 2 1 2
1 2 1 1 2
1 1 2 1 2
35