# solver=cpp-6b570c1b3
# cpu=AMD EPYC Processor (with IBPB)
# isolated_core=11
# strategy=contra
# n_solutions=1
# solve_time=0.00030
8
1 1
1 1 1 1
1 1 1 1
1 1
1 1 1
1 1 1
1 1 1
1 1 1
1 1 1
19 19
1 1
1 1 3 3 1 1 3 3 3 3 1 1 2 1
1 1 1 1 1 1 1 1 1 1 1 1 1 1 1 1
1 1 2 3 1 1 3 2 3 2 3 2 1
1 1 1 1 1 1 1 1 1 2 1 1 1 1 1 1
1 3 3 3 3 3 1 1 1 3 1 1 1 2 1
1 1
19 1 19
1 1 1
1 1 1 1
1 1 1
1 1 1
1 1 1
1 1 1
1 1 1
1 1 1
1 1 1
1 1 1
1 1 1
1 1 1
1 1 1
1 1 1
1 1 1
1 1 1
1 1 1
1 1 1
1 1 1
1 1
8
---
9
1 1
1 2 1
1 1 1
1 5 1
1 1
1 5 1
1 1 1 1 1
1 1 1 1
1 1
1 3 1 1
1 1 1 1 1
1 1 3 1
1 1
1 5 1
1 1 1
1 5 1
1 1
11 3 1 22
1 1 1 1 1
1 2 1 3 1
1 5 6 5 1
1 5 5 2 1
1 2 1 1 3 1
1 1 1
11 22
1 5 1
1 1 2 1
1 3 1 1
1 1
1 5 1
1 1 1 1 1
1 1 1 1
1 1
1 4 1
1 1 1 1
1 4 1
1 1
1 5 1
1 1 1
1 2 2 1
1 1 1 1
1 1
9