# solver=cpp-86fd3e96b
# cpu=AMD EPYC Processor (with IBPB)
# isolated_core=11
# strategy=contra
# n_solutions=1
# solve_time=0.00060
0
15
3 3
2 2
2 2
1 9 2
2 3 1 1 3 1
1 2 1 1 1 1 2 1
1 2 1 1 2 1
1 1 1 1
1 1 1 1
1 1 1 1
1 1 1 1
1 15 1
1 1 1 1 1 1 1 1
1 1 1 1 1 1 1 1
1 1 1 1 1 1 1 1
1 2 1 1 1 1 2 1
1 3 1 1 3 1
2 2 1 1 2 2
1 9 1
2 2
2 2
3 3
1 15 1
1 1 1 1 1 1 1 1
1 1 1 1 1
1 1 1 1 1 1
5 5 5
0
---
0
0
14
3 3 2
2 2 1 2
2 2 1
1 1 1 1
2 10 2 1
1 2 1 2 1 1
1 2 1 2 1 1
1 2 8 3
1 3 1 1 1 1
1 1 1 8 1 1
1 3 1 1 2 1
1 1 1 1 1 1 1
1 3 1 1 2 1
1 1 1 8 1 1
1 3 1 1 1 1
1 2 8 3
1 2 1 2 1 1
1 2 1 2 1 1
2 10 2 1
1 1 1 1
2 2 1
2 2 1 2
2 3 2
15
0
0
0