# solver=cpp-b64f6aebe
# cpu=AMD EPYC Processor (with IBPB)
# isolated_core=11
# strategy=basic
# n_solutions=1
# solve_time=0.00020
32
1 1 1 1
1 1 1 1
1 1 1 1
1 1 1 1
1 1 1 1
1 1 1 1
1 1 1 1 1 1
11 11
1 1 1 1
1 1 1 1 1 1 1 1 1 1 1 1
1 1 3 1 1 1 1 3 1 1
1 1 3 1 3 1 3 1 1
1 1 3 1 3 1 3 1 1
1 1 3 1 3 1 1 3 1 1
1 4 1 4 1 4 1
1 2 2 1 1 2 1 2 2 1
32
---
18
1 1 1
1 1 4 1
1 1 1 3
1 1 4
1 2 3 1
1 1 8
1 1 3 2
1 1 3 1
1 1 1
18
1 1
1 1
1 1
1 4 1
1 6
1 6 1
1 4
1 3
1 1 1
1 1
18
1 1 1
1 1 3 1
1 1 3 2
1 1 8
1 2 3 1
1 1 4
1 1 1 3
1 1 4 1
1 1 1
18