# solver=cpp-400bd85f2
# cpu=AMD EPYC Processor (with IBPB)
# isolated_core=11
# strategy=contra
# n_solutions=1
# solve_time=0.00090
5
7
3 3
2 5
2 8
2 3 3 2
2 3 2 2
2 2 1 2
2 3 2 2
3 2 5 2
5 4 5
7 2 4
2 7 2
2 2 2 2
2 2 3
3 2 3
2 2 3
3 2 2 2
1 2 4 3 2
1 2 10 2
2 2 2 6 2
2 1 2 2 2 2
4 2 2 1 2
2 2 1 2
3 2 1 2
2 2 1 2
2 2 1 2
2 1 2
2 2 2
2 2
2 2
2 2
2 2
2 2
2 2
4 2
2 3 5
2 10 2
2 2 7 2
4 4
---
0
6
4 2
3 2 2 2
2 2 1 5
2 2 1 3 2
2 3 5 1
2 3 5 2 2
3 11 7 3
11 11 2
3 5 7 2
2 2 2 2
3 2 2 2 3 2
2 5 2 8 2
2 4 3 4 3 2
2 3 2 3 1 2
3 2 2 3 3
4 1 5 2 2 1
4 2 3 4 2 1
9 3 5 1
4 10 5 4
2 5 4 4 2
2 2 11
6 7
4