# solver=cpp-b35e477
# cpu=AMD EPYC Processor (with IBPB)
# strategy=basic
# n_solutions=1
# solve_time=0.00010
1 1 1 1 1 2 1 1 1 1 2 1 1 1 1 1 1
1 1
1 1 3
4 1 4 1 4 3
3 1 1 1 3 1 1 3
3 1 1 1 1 1 3 1 1 1
3 1 1 1 3 1 1 1
1 3 1 3 1 1 3 1
7 1 7 1 7
1 3 4 1 4 1
2 2 1 2 2 2 2 2 2
2 2 1 2 2 1 2 2
5 1 5 1 5
5 1 5 1 5
1 1 1 1 1 2 1 1 1 1 2 1 1 1 1 1 1
---
1 1
3
1 5 1
3 6
1 1 2 5
1 1 2 2
1 1 2 5
4 6
1 2 1
2
1 1
15
2
1 2 1
4 6
1 1 2 5
1 1 2 2
1 1 2 5
3 6
1 5 1
3
1 1
15
2
1 2 1
4 6
1 1 2 5
1 1 2 2
1 1 2 5
6
1 3 1
3
1 3 1
3
1 1