# solver=cpp-1e16a40
# cpu=AMD EPYC Processor (with IBPB)
# isolated_core=11
# strategy=basic
# n_solutions=1
# solve_time=0.00030
0
2 16
2 2 2 4 1
2 2 1 2 3 2 2 3
2 2 1 1 2 1 1 4 2
2 2 2 1 2 2 1 2 2
2 2 1 3 3 4 1 2 2 2
2 2 2 1 4 3 3 1 2 2
2 2 1 2 2 1 2 2 2
2 4 1 1 2 1 1 2 2
3 2 2 3 2 1 2 2
1 4 2 2 2
16 2
0
0
---
0
1 4
10 1
4 1 1
2 1
3 1
6 1
5 2 1
2 1 1
3 1
3 1 1
4 3 1
1 3 1
4 1
2 2 1
1 1 1
1 1 1
2 2 1
4
10
4
1 2 2
1 1 1
1 1 1
1 2 2
1 4
1 3 1
1 3 4
1 1 3
1 3
1 1 2
1 2 5
1 6
1 3
1 2
1 1 4
1 10
4 1
0
0