# solver=cpp-d85c7576
# cpu=AMD EPYC Processor (with IBPB)
# isolated_core=11
# strategy=basic
# n_solutions=1
# solve_time=0.00020
17
1 1 1 1 1
1 1 1 1 1
1 1 1 1 1
1 1 1 1 1 1 1
1 1 1 1 1
1 1 1 1 1 1 1 1 1
1 1 1 1 1
25
1 13 1
1 1 13 1
1 13 1
25
1 5 1 5
1 1 1 5 1 5
1 5 1 5
25
1 13 1
1 1 13 1
1 13 1
25
1 5 1 1 1
1 1 5 1 1 1
1 5 1 1 1
25
---
17
1 1 1 1 1
1 1 1 1 1
1 1 1 1 1
1 1 1 1 1 1
1 1 1 1 1
1 1 1 1 1 1 1 1 1
1 1 1 1 1
25
1 17
1 1 17
1 17
25
1 5 5 1
1 1 1 5 5 1
1 5 5 1
25
1 5 5 1
1 1 1 5 5 1
1 5 5 1
25
1 1 5 1 1
1 1 1 5 1 1
1 1 5 1 1
25