# solver=cpp-400bd85f2
# cpu=AMD EPYC Processor (with IBPB)
# isolated_core=11
# strategy=contra
# n_solutions=1
# solve_time=0.00100
26
3 3
2 2 2
1 1 1
1 2 1
1 1 1
1 2 1
1 1
1 1 1
1 3 3 3 1
1 1 3 3 1
1 5 5 1
1 5 5 1
1 5 5 1
1 1 1 1
1 1 1 1
1 1
1 3 1
1 3 1
1 5 1
1 5 1
1 5 1
1 1 1
1 1 1
1 1
1 1 1 1
1 1 1 1
1 5 5 1
1 5 5 1
1 5 5 1
1 3 3 1 1
1 3 3 3 1
1 1 1
1 1
1 2 1
1 1 1
1 2 1
1 1 1
2 2 2
3 3
26
---
41
3 3
2 2
1 3 1 1 1
1 1 3 3 1
1 1 1
1 3 3 1
1 5 5 1
1 7 7 1
1 5 5 1
1 3 3 1
1 3 1
1 5 1
1 7 1
1 5 1
1 3 3 3 1
1 5 5 1
1 7 7 1
1 5 5 1
1 3 3 1
1 1 1
1 3 3 1 1
1 1 1 3 1
2 2
3 3
41