# solver=cpp-400bd85f2
# cpu=AMD EPYC Processor (with IBPB)
# isolated_core=11
# strategy=basic
# n_solutions=1
# solve_time=0.00020
25
25
2 2
2 2
2 2
25
25
2 2 2 2
2 2 2 2
2 2 2 2
2 2 2 2
2 2 2 2
2 3 2
2 1 2
2 3 2
7
5
7
2 3 2
2 1 2
2 3 2
2 2 2 2
2 2 2 2
2 2 2 2
2 2 2 2
2 2 2 2
25
25
2 2
2 2
2 2
25
25
---
2 2 2 2
3 3 3 3
4 4 4 4
2 4 2 2 4 2
2 3 2 2 3 2
2 2 2 2 2 2
2 3 2 2 3 2
2 4 2 2 4 2
2 2 2 2 2 2 2 2
2 2 2 2 2 2 2 2
2 2 2 3 2 2 2
2 2 2 5 2 2 2
2 2 9 2 2
2 2 2 5 2 2 2
2 2 2 3 2 2 2
2 2 2 2 2 2 2 2
2 2 2 2 2 2 2 2
2 4 2 2 4 2
2 3 2 2 3 2
2 2 2 2 2 2
2 3 2 2 3 2
2 4 2 2 4 2
4 4 4 4
3 3 3 3
2 2 2 2