# solver=cpp-ce7a535
# cpu=AMD EPYC Processor (with IBPB)
# strategy=basic
# n_solutions=1
# solve_time=0.00020
40
5 5 5 5 1
5 5 5 5 1
5 5 5 5 1
5 5 5 5 1
1 5 5 5 5
1 5 5 5 5
1 5 5 5 5
1 5 5 5 5
1 5 5 5 5
5 5 5 5 1
5 5 5 5 1
5 5 5 5 1
5 5 5 5 1
5 5 5 5 1
1 5 5 5 5
1 5 5 5 5
1 5 5 5 5
1 5 5 5 5
1 5 5 5 5
5 5 2 2 5 1
5 5 1 1 1 5 1
5 5 1 3 5 1
5 5 2 2 5 1
5 5 1 1 5 1
1 5 2 2 5 5
1 5 1 1 5 5
1 5 2 2 5 5
1 5 1 1 5 5
1 5 1 1 5 5
5 5 5 5 1
5 5 2 2 5 1
5 5 1 1 5 1
5 5 2 2 5 1
5 5 1 1 5 1
1 5 5 1 5 5
1 5 5 3 5 5
1 5 5 1 5 5
1 5 5 3 5 5
40
---
40
5 5 5 5 1
5 5 5 5 1
5 5 5 5 1
5 5 5 5 1
1 5 5 5 5
1 5 5 5 5
1 5 5 5 5
1 5 5 5 5
1 5 5 5 5
5 5 5 5 1
5 5 5 5 1
5 5 5 5 1
5 5 5 5 1
5 5 5 5 1
1 5 5 5 5
1 5 5 1 1 5
1 5 5 5
1 5 5 1 1 5
1 5 5 5 5
5 5 5 5 1
5 5 1 1 2 1 1 2
5 5 2 1 5
5 5 1 2 2 1 1 2
5 5 5 5 1
1 5 5 5 5
1 5 5 5 5
1 5 5 5 5
1 5 5 5 5
1 5 5 5 5
5 5 5 5 1
5 5 5 5 1
5 5 5 5 1
5 5 5 5 1
5 5 5 5 1
1 5 5 5 5
1 5 5 5 5
1 5 5 5 5
1 5 5 5 5
40