# solver=cpp-6b570c1b3
# cpu=AMD EPYC Processor (with IBPB)
# isolated_core=11
# strategy=basic
# n_solutions=1
# solve_time=0.00030
0
24
0
1
16
1 11
8 1
6 1
5 3
1
24
0
1
16
11 1
1 8
1 6
3 5
1
24
0
8
1 2
2 2 1 1 1 1 1 1
1 1 20
2 3 1 1 1 1 1 1
1 21
8 1 1 1 1
0
24
---
0
5
3
1 3 1 1 1 1 1 1 1
1 3 1 1 7 1
1 1 4 1 1 1 1 1
1 4 1 1 1 1 1 1 1
1 3 1 1 1 1 1 1 1 1
1 3 1 1 1 1 1 2 1 1
1 2 1 1 1 1 2 2 1
1 4 1 1 1 7 1
1 2 1 1 1 1 1 1
1 2 1 1 1 1 1 1
1 2 1 1 1 1 1 1
1 2 1 2 1 5 1
1 2 1 2 1 1 1 1
1 1 1 2 1 1 1 1
1 1 1 2 1 5 1
1 1 1 2 1 1 1 1
1 1 1 4 1 1 1 1
1 1 1 2 1 1 5 1
1 1 1 3 1 1 1 1 1
1 1 3 1 1 1 1 1
1 1 4 1 5 1
1 1 1 4 1 1 1 1
1 1 3 1 1 1 1
1 1 3 1 1 1 1
3 4
5 1 1
1 1