# solver=cpp-1e16a40
# cpu=AMD EPYC Processor (with IBPB)
# isolated_core=11
# strategy=contra
# n_solutions=1
# solve_time=0.00030
0
0
1 9
4 1 2 2
4 6 1 1 1 1
1 1 1 3 1
1 1 1 1 1
1 9
13
1 1 9
1 1 2 2
1 1 1 1 1 1
1 1 1 3 1
1 1 1 1 1
13 9
4
4 1 1
4 7 1
4 1 1 1 1 1
4 1 1 1 7
4 7 1
4 1 1 1 1
4 1 1 1 1
4 7
4 1 1
---
7
1 1
1 1
2 1 1
2 1 1
2 1 11
6 11
1 11
1 11
1 1 1
3 1 1 4 2
1 1 1 1 1 1 1 1
1 7 9
1 1 1 1
1 9
1 1 1
6 6 2 4
2 1 2 1
1 1 1 1 1 1 1
1 1 1 1 1 1 1
1 3 1 3 1
1 1 1 1 1 1 1
1 1 1 1 1 1 1 1 1
2 1 2 1 3
6 6 1