# solver=cpp-86fd3e96b
# cpu=AMD EPYC Processor (with IBPB)
# isolated_core=11
# strategy=basic
# n_solutions=1
# solve_time=0.00030
4
6
7
11
1 1
1 1 1 1
23
1 1
1 1 1 1
1 1 1 2 2 1 2 2 1
1 3 1 1 1 1 1 2 1 1
1 1 1 2 2 1 1 1 1
1 1 1 1 1 1 2 2 1
1 1
1 2 1 1
3 1 3 3
3 2 1 3
3 1 3 3
2 1
1 1
23
2 2
22
1 2 2 2 2 2 1
1 3 3 2 3 3 1
---
4
8 3 2
1 3 1 3
1 4 1 1
1 1 1 1 3
1 4 1 3
1 1 1 1
1 4 1 1
4 1 1 1 3
3 1 1 3 1 5
4 2 1 3 3 1
4 1 4 1 1
4 1 1 1 3 1 3
4 2 1 2 2 1 3
3 1 1 1 3
5 5 3 1
1 1 1 3
1 1 4 1 3
1 1 2 1 1 1
1 1 1 1
1 2 1 1 3
1 1 2 1 3
1 3 1 1
8 3 2 3
4