# solver=cpp-1e16a40
# cpu=AMD EPYC Processor (with IBPB)
# strategy=contra
# n_solutions=1
# solve_time=0.00070
# solver=cpp-eb7e8a1
# cpu=AMD EPYC Processor (with IBPB)
# strategy=contra
# n_solutions=1
# solve_time=0.00060
# solver=cpp-ce7a535
# cpu=AMD EPYC Processor (with IBPB)
# strategy=contra
# n_solutions=1
# solve_time=0.00050
4 1 3 1 9 27
1 1 1 1 1 4 3 1
4 1 3 1 3 1 1 1
3 1 1 1 1 1 1 1 1
1 2 1 3 1 1 1
12 1
4 1 3 1 10 1 1 1
1 1 1 1 1 6 3 1 2 2 1
4 1 2 1 1 3 3 3 3 2 1
3 1 2 1 1 1 2 3 4 1
1 2 1 1 1 1 2 2 2 1 1 2 1
2 2 1 1 2 2 1
1 2 3 3 1 1 1
1 1 3 1 1 1 2 1 1 1
1 1 1 1 1 1 1 2 4 1
1 1 4 1 2 1 1 2 1 3 1
1 2 1 1 1 1 1 1 2 2 2 4
1 1 1 2 2 1 1 1 1 2 1 6
1 1 1 1 1 2 4 3 2 2
1 1 1 2 1 2 2 2 1
1 1 1 1 1 2 2 10 1
1 1 1 1 1 2 1 2 2 2
1 1 1 1 2 11 1
1 2 1 1 1 2 1 1 1
1 1 2 2 4 1 1 1
1 3 2 4 1 1 1
1 2 2 2 1
1 2 2 2 1
1 1 1 1
38 4 6
---
5 5 18
1 2 1 2 1
1 3 1 3 1
3 1 3 1 6 1
3 1
5 5 1 1
2 2 1
5 1 2 9 1
1 1 1 1 2 1
1 3 3 1
5 1
11 5 1
1 1 1
1 3 1 1
2 4 3 2 1
3 3 6 1
4 4 1
3 4 5 1
1 4 9 1
4 2 1
2 5 1
9 4 1
6 3 4 1
1 1 3 1
1 6 1
1 1
1 1
1 7 1
1 2 1 1
1 2 1 1
1 1 1 1
1 1
1 3 1
1 11 1
1 5 1
1 2 5 1
1 2 1 6 1
1 8 1
1 5 1 1 2
1 3 6 1 1 2 1
1 2 1 2 1 1 4 1
1 4 1 1 1 4 1
1 5 2 1
1 4 6 2
1 3 1 2 1 6 1
1 1 1 2 3 1 1
1 8 2 6 1
1 6 3 1
1 4 1
16 8