# solver=cpp-1562f45ac
# cpu=AMD EPYC Processor (with IBPB)
# isolated_core=11
# strategy=basic
# n_solutions=1
# solve_time=0.00030
1
2
1 1 1 1 5
7 1
1 1 1
1 1 1
2 2 1
2 2 1 2 1 1
1 1 8
1 1 1 1 1 1 1 1 1 1 1
3 18 2
1 1 1 2 2
1 1 1 1 1
1 1 2 1 1 1 1 1 1 1 2 1 1 1
1 1 19 5
1 1 1 1 1
1 1 1 1 1
1 1 1 1 1
1 1 1 1 1
1 1 1 1 1
1 1 1 1 1
1 1 1 1 1
1 1 1 4 1 1
1 1 1 6 1 1
1 1 1 6 1 1
1 1 1 6 1 1
1 1 1 6 1 1
1 1 1 6 1 1
1 1 1 6 1 1
1 1 1 6 1 1
---
5 21
1 2 1
2 23
1
2 23
1 2 1 2
5 1 1
2 2
1 1
2 2
1 1
2 2 7
1 1 8
2 2 8
1 1 8
2 2 8
1 1 7
2 2
1 1
1 1 2
1 4 1
1 1 2 2
2 2 19
9
1
2 19
1 2 1
4 2
1
2