# solver=cpp-ce7a535
# cpu=AMD EPYC Processor (with IBPB)
# strategy=backtrack
# n_solutions=1
# solve_time=0.00530
3 1 1 1 1 3 5 1 1
1 1 1 2 1 1 1 1 1
3 1 1 4 3 1 1 1
1 1 1 1 2 1 5 1 1
1 3 1 1 3 1 1 1
1 1 1
3 1 1 1 1 3 1 5
1 1 1 2 1 1
3 1 1 4 3 5 1
1 1 1 1 2 1 1 1
1 3 1 1 3 1 1
5 1
3 1 1 1 1 3 1 1
1 1 1 2 1 1 1 1
3 1 1 4 3 1 3
1 1 1 1 2 1
1 3 1 1 3 5 1
1 1
1 3 1 1 1 1 3 1 1
1 1 1 2 1 1 5 1
1 3 1 1 4 3 1 1
1 1 1 1 1 2 1 1 1
1 1 3 1 1 3 1 1
0
2 3 1 1 1 1 3 5
1 1 1 2 1 1 1
2 3 1 1 4 3 1
1 1 1 1 1 2 1 5
2 1 3 1 1 3 1
1
---
5 1 3 1 1 1
1 1 5 1 3
1 1 1 1 5
1 1 1 1 5
5 1 1 1 1 5
1 5 1 1 1 1
5 1 5 1 1
5 1 5
5 5 1 5
2 5 5 1
2 2 5 5
5 2 2 5
5 2 2 5
3 1 5 2 2
1 1 1 3 1 5 2
1 3 1 1 1 3 1 5
1 3 1 1 1 3 1
1 3 1 1 1 3 1
7 1 3 1 1 1
1 1 1 3
1 1 7
1 1 1 1
1 1 1 1 7
1 1 1 1
1 1 1 1 6
7 1 1 1 1
1 1 1 1 1
1 7 1 1
1 1 1 1
7 1 7