# solver=cpp-ce7a535
# cpu=AMD EPYC Processor (with IBPB)
# strategy=basic
# n_solutions=1
# solve_time=0.00020
21
1 1
1 5 5 5 1
1 2 2 1 1 1 1 1
1 2 2 3 1 3 1 1
1 2 2 1 1 2 1 1
1 2 2 1 3 3 1 1
1 2 2 1 1 1 1 1
1 5 5 5 1
1 1
1 5 5 5 1
1 1 1 1 1 1 1 1 1
1 1 1 1 1 3 1 3 1
1 1 1 1 1 1 1 1
1 3 1 3 1 1 1 1 1
1 3 1 1 1 1 1 1
1 5 5 5 1
1 1
1 5 5 5 1
1 1 1 1 1 1 1 1
1 3 1 1 1 1 1 1 1 1
1 3 1 1 1 1 1 1
1 3 1 1 1 1 3 1 1
1 3 1 1 1 3 1 1
1 5 5 5 1
1 1
1 5 5 5 1
1 2 2 1 1 2 2 1
1 1 1 1 1 1 1 1 1
1 2 2 1 1 1 2 2 1
1 5 1 1 1 5 1
1 5 1 1 5 1
1 1 1 5 1 1 1 1
1 1 3 1 1 1 1
1 1 3 1 1 1 1
1 1 1 2 2 1
1 5 5 1
1 5 5 1
1 1 1 1 1 1
1 5 5 1
1 1
1 1
1 16 1
1 1 1 1 1 1 1 1 1
1 1 1 1 2 2 2 1
1 1 1 1 1 2 2 1 1
1 1 1 1 1 2 2 2 1
1 1 1 1 2 2 1 1
1 16 1
1 1
1 1
1 15 1
1 1 1 1 1 1 1 1
1 1 1 1 1 1 1 1 1 1
1 1 1 1 1 1 1 1 1
1 1 3 1 1 1 1 1 1
1 1 3 2 1 2 1
1 15 1
1 1
21
---
60
1 1
1 7 7 7 14 7 1
1 7 1 3 1 5 2 3 2 1 7 1 1 1
1 1 1 3 3 1 5 1 2 2 2 1 1 1 1 1 3 1
1 7 1 1 1 1 2 3 2 2 1 2 4 1 3 1
1 7 7 7 14 1 1 7 1
1 7 1 1 1
1 7 7 7 7 1 1 1 3 1 1
1 1 1 1 1 1 1 1 1 1 1 5 1 1 1 1
1 1 1 1 1 1 1 1 1 1 1 1 1 1 3 1 1 1 7 1
1 1 1 1 1 1 1 1 1 1 1 7 1 2 1
1 7 7 7 7 1 5 5 1 1
1 1 1 1 2 1
1 7 7 7 14 1 5 5 1 1
1 1 3 1 1 1 1 3 2 3 3 1 7 1 2 1
1 1 1 1 1 1 1 1 1 1 1 3 1 5 2 1 1 1 7 1
1 1 1 1 1 1 1 1 2 3 3 1 1 1 1 1 1
1 7 7 7 14 7 1
1 1
60