# solver=cpp-86fd3e96b
# cpu=AMD EPYC Processor (with IBPB)
# isolated_core=11
# strategy=basic
# n_solutions=1
# solve_time=0.00030
10 1 1 1 1 1 1
1 1 1 1 1 1 1 1 1
1 1 1 1 1 1 1 1 1
1 1 1 1 1 1 1 1 1
9 1 1 1 1 1 1 1 1 1 1 1
1 1 1 1 1 1 1 1 1
1 1 1 26
1 1 1 7 1
10 10
4 1
4 2 2 10
1 1 4 1 1 3 1 1 1
1 3 2 2 1 1 2 3 1 1 1
1 1 1 1 1 1 1 1 2 1
3 17 1 1 4
12 2 1
12 1 1 5 4
1 1 11 1
1 1 2 1
1 17 1 2 1 1
1 1 2 1
1 1 1 1 1 1 11
1 1 2 1
1 1 2 6 1
1 17 1 1 1
1 1 2 1 1 1
1 1 1 1 2 6 1
1 1 2 1
1 1 2 1
40
---
1 1 1 2 1
1 1 1 2 1
9 3 1
1 1 1 7 1 1
1 1 1 1 3 1
9 1 1 15
1 1 1 3 2 1
1 1 1 1 2 1 1
9 2 1
1 1 2 1
1 2 1
7 19
1 1 1 1 1 1
1 1 1 1 1 1
1 1 4 1 1 1
1 1 1 1 1 1 1 1 1
7 1 1 1 1 1
1 6 1 1 1
1 1 1 1 1 1
1 1 1 1 1 1 1
1 6 1 1 1
7 1 1 1 1 1
1 1 1 1 1 1 1 1 1
1 4 1 1 1
1 1 1 1 1 1 1
1 4 1 1 1
7 1 16
1 1 20
3 1 2 1 1
1 3 1 1 1 2 1 1 4 1
3 1 2 1 1 1 1
9 1 1 1 1 1 1 1 1
3 1 1 1 1 1 1 1 1
3 1 2 1 1 1 1
1 3 1 1 1 2 1 1 4 1
1 1 1 2 1 1
30
1 1
1 1
1 1 1 1