# solver=cpp-a0f9b8019
# cpu=AMD EPYC Processor (with IBPB)
# isolated_core=11
# strategy=basic
# n_solutions=1
# solve_time=0.00030
4
2
4
6
4
4 10
2 15
2 2 2
6 1 8 1
10 2 2 1
1 1 1 1 1
1 3 4 3
1 1 1 2 1 1 1
1 3 2 1 1 1
1 4 3
11 2 2 3
5 2 8 1
2 1 2 1 1 1 1
2 2 2 6 7
6 4 4 1
1 2 1 2 2 2 4
3 2 1 1 1 1 1
9 12 2
4 4
2 2
---
4
2 2
6
2 2 1
2 2 2
1 8
1 2 1
1 9 3
1 4 2 1 2 2
10 3 1 2 2
10 1 1 1 2 2
1 4 2 3 1 2 2
1 2 1 3
10 1
3 8 1
2 1 1 1 1
1 7 1 1
2 2 2 1 1
2 1 3 1
2 1 1 1
2 1 1 1
2 1 1 3
2 1 1 2 2
2 1 4 2
2 2 2 2 2
2 7 3 2
3 1 1 1 3
13 1
1 1 4
1 1 2