# solver=cpp-d85c7576
# cpu=AMD EPYC Processor (with IBPB)
# isolated_core=11
# strategy=basic
# n_solutions=1
# solve_time=0.00190
4 4
6 6
6 6
6 6
6 6
7 7
6 6
5 5
2 5 5 1
3 5 5 3
5 5 5 5
7 5 5 7
8 5 5 8
9 5 5 8
7 5 5 7
7 5 5 7
7 5 5 7
7 5 5 7
8 5 5 7
9 5 5 7
9 9 7
10 9 7
11 7 7
19 7
6 12 6
6 11 6
7 10 6
7 10 6
7 11 6
7 13 6
7 5 6 6
8 5 12
8 5 10
8 5 9
8 5 8
8 5 8
8 5 8
8 5 9
8 5 8
8 5 7
8 5 6
8 7 5
7 9 4
6 11 3
3 1
---
2
3
6 1
8 4
12 7
15 10
35
34
32
1 28
3 24
5 21
9 5 11
13 5 3
15 5
18 4
4 12 4 1
3 11 5 2
2 16 3
28
26
24
26
28
2 16 3
3 11 4 2
4 12 4 1
18 4
15 4
13 4
9 4
5 3 4
3 11 4
1 21
25
33
35
35
13 15
8 9
5 6
3 4
1 2