# solver=cpp-86fd3e96b
# cpu=AMD EPYC Processor (with IBPB)
# isolated_core=11
# strategy=basic
# n_solutions=1
# solve_time=0.00030
0
0
2
3 2
1 4 2
2 3 1 1 5
2 4 1 3 2 9
9 1 16
9 2 15 1
5 4 1 21
1 3 26
28
31
1 28
4 2 1 1 3 2 2 1 4 1
9 1 3 2 1 1 1 1 2 4
4 1 1 2 1 1 1 1 2 4
4 3 1 2 1 1 1 2 3
2 1 1 1 1 1 2 1 3
27
24
23
1 23
24
15
11
9
5
0
0
---
0
1
3 1
1 3 1
6 2
4 2 2
3 2 2 1
4 3 1 4 2
8 2 3 1 3
9 10
18
2 3 5
15
5 1 7
4 1 1 8
8 1 8
19
5 9
12 9
23
9 9
7 2 10
9 8
20
7 6
10 9
10 7
9 5
21
11 4
9 3 3
9 3 2
9 3
2 11
12
9
4 2
1 3
0
0