# solver=cpp-a0f9b8019
# cpu=AMD EPYC Processor (with IBPB)
# isolated_core=11
# strategy=backtrack
# n_solutions=3138
# solve_time=0.00320
0
5 5 5 1 5
1 1 1 1 1 1
1 1 1 1 1 1
1 1 1 1 1 1
5 1 1 5 1 5
1 1 1 1 1 1
1 1 1 1 1 1
1 1 1 1 1 1
5 5 5 1 5
0
0
1 1 5 6 7 1 1
2 1 1 1 1 1 1 1 1
1 1 1 1 1 1 1 1 1 1
1 1 1 1 1 6 1 6 6
1 1 1 1 1 1 1 1 1 1
1 1 1 1 1 1 1 1 1 1
1 2 1 1 1 1 1 1 1
1 1 5 1 1 1 1 1
0
0
7 6 5 5 7
1 1 1 1 1 1
1 1 1 1 1 1
1 6 5 5 1 3 3
1 1 1 1 1 1 1 1 1
1 1 1 1 1 1 3 1 1
1 1 1 1 1 1 1 3
7 1 1 5 5 1 3 1 1
1
3 1 1 3 3 4 3 1 1 1 4
1 1 1 1 1 1 1 1 1 1 2 1 1 1
1 1 1 3 3 4 1 1 1 1 1 1 1
1 1 1 1 1 1 1 1 1 1 2 1 1
3 4 1 3 1 1 1 1 1 1 4
0
0
0
3 3 3 3 3 1 1 1
1 1 1 1 1 1 1 1 1 1 1
1 3 3 3 1 1 1 3
1 1 1 1 1 1 1 1 1
3 1 1 3 3 3 1 1
0
0
0
0
0
0
---
0
0
0
1 5 8 8 5 5
1 1 1 1 1 1 1 1 1 1
1 1 1 1 1 1 1 1 1 1
1 1 1 1 1 1
5 1 1 1 1 5 5
1 1 1 1 1 1
9 1 1 1 1 5
1 1 8 5
1 1 8
1 1 8 1 1 5 3 1
9 1 1 1 1 1 1 1 1 1
1 1 1 2 3 5
1 5 1 1 1 1 1
1 1 1 8 4 1 5 3 1
1 1 1 1 1 1 1 1 1 1
1 1 1 8 1 1 1 1 3
5 1 1 1 8
1 1 1 1 1 5 5
9 1 2 1 1 1 1 1 1 1
1 1 1 1 1 1 1 2 5
1 1 1 4 1 1 1 1 3 1
1 1 1 1 5
1 1 1 1 4 1 1
1 1 1 1 1 1 1 5 3
9 1 1 1 1 1 1
8 1 1 1 5
1 1 5 5
1
1 1 5
1 1
8 1 1
1 8 1
1 1 5
1 1
1 1 5
8 1 1
3 1 1 1
1 1 1 5
1 3
1
1 4
1 1 1
1 6
1
1 1
0
0