# solver=cpp-1e16a40
# cpu=AMD EPYC Processor (with IBPB)
# isolated_core=11
# strategy=backtrack
# n_solutions=873
# solve_time=0.00510
9
13
4 1 1 1 4
4 1 1 3
3 3
3 2
4 2
2 3
4 2
3 3
3 3
1 2 2
1 2 3 5 3
1 1 1 5 1 2 1 2
1 2 1 1 1 3
2 1 4 2 2
2 1 2 1 3
1 1 3 1 2 1
1 1 1 2
2 1 1 2
2 1 2 1 1
1 1 2 1
2 1 1 1 1
2 5 1
1 1 1 1
3 2 3
4 3
5 1 1 1 5
4 1 1 1 1 6
22
25
29
30
---
5 1
1 3 3 2
9 1 2 2
10 1 4 3
5 1 1 1 1 3 4
4 2 1 1 1 8
3 3 1 9
3 2 1 8
2 3 1 1 7
3 1 1 1 4
2 1 4 1 5
3 1 1 1 1 4
2 1 1 1 1 1 5
3 10 1 1 1 4
2 1 1 1 1 5
3 2 1 1 1 4
2 2 1 5
3 1 1 1 4
3 1 2 1 1 9
3 1 1 1 1 1 1 8
7 1 1 1 3 1 7
13 6
7 5
5
4
4
3
3
2
2