# solver=cpp-1e16a40
# cpu=AMD EPYC Processor (with IBPB)
# isolated_core=11
# strategy=basic
# n_solutions=1
# solve_time=0.00030
1
2
5
6 7
10 11
26
26
26
14 7
12 6
5 4 6
5 4 5
4 4 5
6 5 5
15 7
6 19
8 5 3 5
9 5 5
2 4 5 5
4 5 5
4 5 5
4 5 5
6 5 3 5
8 17
20 7
2 13 5
4 5 5
4 5 5
4 5 5
3 4 5
3 4 5
3 12 8
3 25
26
27
27
8 11
4 7
4 4
5
4
3
2
1
---
3 1 1 5
3 3 3 5
3 3 3 1 6
4 3 3 2 6
5 3 3 3 6
5 21 4
5 21 4
26 5
25 5
8 2 2 6
7 2 2 5
6 2 2 5
5 2 2 8
5 23
31
31
24 5
24 5
6 2 2 6
5 2 2 6
5 2 2 7
5 2 2 7
5 2 2 7
5 2 2 8
6 2 2 8
35
35
34
32
30
4 4
2