# solver=cpp-ce7a535
# cpu=AMD EPYC Processor (with IBPB)
# strategy=contra
# n_solutions=1
# solve_time=0.00050
6 7
14 2
3 2 4 4 2
3 3 2 4 3 2
5 6 3 3 3 3 2 3
2 3 1 2 2 3 2 2 4
4 1 5 2 3 2 2 2 2
3 1 1 2 2 5 4 3 1 4
2 1 1 1 2 3 2 3 1 1 2
2 1 2 3 2 2 2 2 2 1 1 3
3 5 1 2 2 5 1 1
3 4 1 2 1 3 1 1 5 2
4 2 3 1 2 3 1 1 4 4
3 4 2 1 2 3 2 3 3 2
7 1 1 2 2 1 3 1 2 3
1 2 5 2 2 3 6 2 1
2 2 1 1 7 3 2 3 1 1
7 1 16 4 2 1 2
1 1 6 2 1 1 3 2 1 2 2
2 1 5 1 1 1 1 1 4 1 1 2 6
30 2 1 1 11
30 2 2 15
2 1 1 3
3 1 1 1 1
10
---
8
2 2 3
3 2 2
4 2 3
2 4 2
3 2 1 2
2 2 2 2
2 3 2 1 1 2
5 4 2 2
1 2 1 1 1 1 4
1 3 2 1 4
3 3 1 4
1 1 2 1 3
2 1 2 1 4
1 1 1 5 2
2 2 6 2
1 1 3 2 3
3 2 2 2 2
4 2 7
1 2 1 4 2
2 2 3 2 3
2 2 1 2
8 5
1 3 3 2 2
3 3 3 3
1 1 1 3 2
2 2 1 2 2 2
1 1 3 3 5
4 3 12
3 3 7 5
2 1 3 3 2 2
3 1 2 2 4
5 3 1 2 1
4 2 2 2
4 1 5 1
1 5 3 2 4
2 5 1 3 1
3 2 2 2
3 2 3 1
3 1 1 1 3
1 2 1 2 2
1 1 3 1 3
2 3 1 1 1 1
2 1 1 2 2 1
2 1 1 2
4 1 1 2
7 3
2 2 5
3 1 2 2
4 1 3
1 1 4
6 1 5
2 1 2 3
6 5
11