# solver=cpp-eb7e8a1
# cpu=AMD EPYC Processor (with IBPB)
# strategy=basic
# n_solutions=1
# solve_time=0.00040
# solver=cpp-ce7a535
# cpu=AMD EPYC Processor (with IBPB)
# strategy=basic
# n_solutions=1
# solve_time=0.00030
2 11
3 15
22
8 15
7 18
27
30
1 19
17
1 16
2 15
2 14
17
2 16
4 6 16
2 8 15
1 2 19
1 1 1 17
5 3 4 16
1 1 3 2 5 12
1 1 3 2 2 12
1 2 3 2 1 13
2 1 5 16
2 5 17
1 1 5 9 7
1 1 5 8 8
3 3 2 8 8
3 6 18
3 1 4 18
3 1 18
5 18
5 4 7 11
6 1 4 2 16
6 1 1 4 12
7 3 2 10
7 4 3 10
7 10 10
8 11 10
9 12 10
13 6 10
13 6 9
13 1 3 9
12 1 1 3 9
11 2 1 4 8
10 7 3 8
---
15
22
2 19
1 1 2 21
2 3 15
2 2 2 2 1 13
2 2 1 2 3 11
4 5 6 1 8
5 7 1 7
6 7 3 2 6
6 14 3 5
7 3 7 2 2 4
1 5 2 1 1 1 4
6 2 2 2 1
3 2 2 4 3 1
3 3 2 1 1 3 2
8 3 1 3 4 1
8 2 2 2 1 6 4 1
9 3 2 2 9 7 1
10 4 5 19 1
11 8 13 9
20 12 6 1
19 12 10
31 13
34 5
40 2
24 16
23 20
43
43
42
41
41
39
39