# solver=cpp-a0f9b8019
# cpu=AMD EPYC Processor (with IBPB)
# isolated_core=11
# strategy=contra
# n_solutions=1
# solve_time=0.00080
12 3 10
12 3 3 1 12
13 3 3 13
4 4 1 4 10
2 2 3 10
4 2 3 12
3 3 1 4 4 3 11
5 2 2 2 3 9
1 4 2 3 3 8
4 2 3 3 6
2 1 2 2 2
3 1 2 2 2
4 5 3 5 2
3 1 2 3 3 2 2
3 1 1 3 1 3 2 3 2
3 1 1 3 2 2 3
3 1 1 3 2 2 1
2 1 1 2 3 3 2
2 1 1 3 3 2 2
2 1 1 1 1 2 2 2
1 1 1 1 2 2 2 2
1 1 1 1 2 3 2 2
1 1 1 1 2 3 2 2
1 3 4 1 2 3 3 2
1 3 1 1 2 3 2 1
1 2 1 2 1 2 3 2
1 1 1 3 4 3 2 3 2
1 1 1 1 1 2 3 2 2 1
1 1 1 1 2 2 1 2 2
1 1 1 1 2 2 3 2
5 1 1 2 2 3 2
11 2 2 2 2
40
40
39
2 31
1 25 3 1
4 8 1
4 7 7 2
3 4 14 5
---
1 1 13 2 1
2 1 3 1 3 1
3 2 2 1 5 2
3 1 2 1 6 2
3 2 25
3 1 3 2 4 3
3 2 3 2 4 2 1
4 1 3 1 4 1 1
4 1 3 1 4 1 2
4 29 1
4 3 6 1
3 33 1
2 2 2 2 2 2 6 1
2 2 2 3 3 5 1
2 2 4 3 2 5 2
1 1 1 2 3 3 2 5 1
1 1 1 2 3 2 8 1
2 2 1 3 4 7 1
2 2 1 3 3 6 1
2 2 2 3 1 2 6 1
1 5 2 3 2 2 6 1
1 2 4 2 4 2 8 1
2 3 1 3 2 7 1
6 4 3 1 6 1
1 5 4 3 1 5 1
1 4 4 3 5 1
3 4 4 5 1
1 1 3 3 4 5 2
2 2 3 3 3 5 1
3 3 3 3 8 1
7 2 4 7 1
8 3 4 4 1
9 4 4 4 1
9 4 3 5 2
10 1 4 3 5 1
10 1 4 2 5 1
10 2 3 2 4 1
10 2 3 6 2
4 5 2 2 8
3 4 1 2 4