# solver=cpp-a0f9b8019
# cpu=AMD EPYC Processor (with IBPB)
# isolated_core=11
# strategy=contra
# n_solutions=1
# solve_time=0.00340
4
2 2 1
5 1 2
3 2 3 2
4 1 1 2
3 1 5
2 2 1 2
2 1 15 2 2
2 2 22 1 1
1 1 11 9 1 1
2 3 5 5 1 2
1 2 3 3 2 1
2 3 5 1 2 1
4 1 2 3 1 2
2 1 2 1 3 2 1
2 3 1 3 3 2 2
2 4 2 1 6 2 2
2 3 1 3 1 1 5 2 1
3 3 2 1 1 6 3 2
3 3 1 2 7 3 2
3 3 2 2 5 4 1
2 3 1 4 6 1 2
2 2 2 3 3 5
2 2 2 1 3 5 1
2 3 1 4 2
2 3 2 3 2
3 3 1 3 2
3 3 1 2 3
4 3 1 2 4
4 3 2 1 7
4 4 13 3
4 11 4
6 8
20
13
---
10
12
4 5
2 3 4
4 2 7 4
6 2 10 3
2 5 2 5 5 3
2 4 2 4 3 2
5 4 3 3 2
3 4 2 3
2 2 2 2
2 2 2 2
4 3 1 2
2 3 3 1 2
2 2 4 2 1 2
4 2 3 1 2
4 3 7 2
3 3 3 2
3 2 2 2
4 5 3 2 2
3 3 4 2 2
3 2 1 4 1 2 3
3 1 1 4 1 1 2
2 1 6 1 1 2
2 2 8 1 2
2 8 2 1 2
2 6 2 1 1
3 4 2 3
3 2 4 4
3 3 8 1
4 15
5 3 3 2
6 2 2 3
5 2 2 2
3 3 3 3
2 2 2 2
2 3 2
3 2 2
3 3 2
3 4 2
3 6
2 1 3
1 2
1 3
4