# solver=cpp-86fd3e96b
# cpu=AMD EPYC Processor (with IBPB)
# isolated_core=11
# strategy=contra
# n_solutions=1
# solve_time=0.00120
2
1 7
13
1 4 4
9 2 1
4 1 4 2
3 1 3 2
2 1 2 2
2 1 2 2
2 1 2 1
1 1 1 2
2 1 2 1
2 1 2 1
1 1 1 2
2 1 2 1
1 1 1 1
1 1 1 2
1 3 1 1
1 1 1 1
2 2 2
1 1 1
2 2 5
2 2 2 1 2
1 1 2 1 2
2 2 1 1 1
2 2 1 1 1
2 2 1 1
3 3 2 2
4 4 2 2
9 5
---
6
4 4
4 4
2 2
2 2
2 2
2 2
2 2
1 1
2 2
1 1
1 1
1 1 1 1
19 1
1 1 1 1 1
1 1 1
4 1
5 2
3 1 1
3 2 2
2 2 2
4 2 2
5 2 2
2 2 2 2
3 2 4 4
2 4 4
3 6 5
4 2 2
4 2 2
4 1 1
7 1
1 1
2 2
2 2
5