# solver=cpp-b64f6aebe
# cpu=AMD EPYC Processor (with IBPB)
# isolated_core=11
# strategy=basic
# n_solutions=1
# solve_time=0.00040
2
4
11 7
8 7 7 3
11 15 2
13 9 4
6 7 4
6 2 7 8
2 3 2 2 14 3
1 2 4 2 2 11 2
1 2 4 1 1 2 2 2 2 2
2 3 2 2 2 2 2 2 2
5 2 2 2 2 2 2 2 2
4 5 2 2 1 2 2 2
4 3 2 1 2 2 2 2
4 3 1 2 2 2 2 2
4 2 2 2 1 2 2 2
5 5 1 2 2 2 2
4 3 2 2 2 2 2
5 3 2 1 2 2 2
4 3 1 2 2 3 2
5 5 2 2 3 2
4 4 1 2 3 2
5 4 2 2 2 2
4 6 2 2 2
5 5 2 2 2
4 4 2 3 2
5 5 2 3 2
4 6 2 1
5 5 3 2
5 5 3 1
5 6 3 2
5 5 3 2
5 5 3 1
5 3 3 2
5 2 3 2
5 4 1
5 4 2
6 4 2
9 2
8 1
7 1
6
4
2
---
2 4
6 2
5 2 2
6 2 4
6 6
7 8
9 8
4 4 8
4 5 9
1 2 9 9
1 5 5 10
2 2 9 10
2 2 6 5 10
2 4 8 10
2 2 5 6 10
2 2 4 7 10
2 7 11 10
2 3 5 6 9
2 2 5 9 8
2 7 5 7 7
2 4 5 8 5
2 2 5 11 5
2 2 5 6 5 5
2 5 6 3 4
3 3 6 4 1
3 3 6 5 2
3 9 6 2
3 6 6 2
3 3 7 3
3 9 11 2
4 2 18 4
3 4 8 4
3 8 5
4 20
3 12