# solver=cpp-d85c7576
# cpu=AMD EPYC Processor (with IBPB)
# isolated_core=11
# strategy=basic
# n_solutions=1
# solve_time=0.00040
4
9
12
13
14
4 14
7 14 5
8 15 7
10 15 9
10 15 10
10 15 10
12 15 9
12 16 10
8 1 9 1 2 1
7 2 1 2 6 2 7 2
5 2 4 3 5 3 11 2
1 1 9 1 7 6 11 1
13 20 9
12 23 4
9 18 2
6 14 1
4 1 8 2
2 2 3 1
2 2 3
2
---
2 1
7 3
10 5
10 4
10 5
16
11 4
10 4
9 1 3 2
7 1 3 3
5 1 4
2 1 3
4
5
3
3
2 1
1 2
1 3
4
5
7
10 1 5
11 1 5
11 1 5
12 1 5
12 5
13 6
13 7
21
21 1
20 1
14 3 2
14 4 2
12 4
11 5
13
7
3
2
1 1
2 1
2
3
5
4 4
5 4
11
12 1
7 4 2
7 4
7 1 3
7 2 2
7 5
3 1