# solver=cpp-eb7e8a1
# cpu=AMD EPYC Processor (with IBPB)
# strategy=basic
# n_solutions=1
# solve_time=0.00050
# solver=cpp-ce7a535
# cpu=AMD EPYC Processor (with IBPB)
# strategy=basic
# n_solutions=1
# solve_time=0.00030
20 22
19 7 22
18 4 3 21
18 1 6 21
19 1 6 20
4 6 3
18 7 17
50
2 2
7 1 1 1 1
2 1 1 1 1 1 1 2 1 2 1 2 2 2
1 3 1 1 3 3 1 1 1 1 3 1 1 1 3
3 1 1 1 1 1 1 2 1 1 2 2 1 1 1 2 1 1 3
1 1 8 6 4 9 4
4 4
20 17
19 8 16
18 1 9 15
17 2 10 1 14
16 4 10 13
7 3 5 11 12
3
2
1 1
1 20 1
2 2 8 1
3 2 4 2
2 1 2 2 14
1 3 2 4 1 1 1 1 7
1 2 1 19 1
1 4 1 2 2 2
1 1 1 4 1 1 2 2 1 6
6 1 2 1 1 3 1 6
7 1 1 19 1 1 7
5 4 4 4 5 5
---
5 3 1 1 14 3
5 3 1 1 9 4 2
5 2 1 8 1 2
5 2 1 7 1 4
5 2 1 6 2 3
5 2 1 2 6 3 3
5 2 3 6 1 3 2
5 2 1 1 5 1 5 1
5 2 1 2 5 1 2 1
5 2 3 5 1 2 2 1
5 2 3 5 1 1 4 1
5 2 1 5 1 1 4 1
5 2 2 6 1 2 2 1
5 2 2 1 6 1 2 1
5 2 2 6 1 5 1
5 2 2 1 5 1 2
5 2 2 4 1 1 2
5 2 2 1 3 2 1 2
2 2 1 2 2 3 1 1
1 2 1 1 4 1 4 1 1
2 1 1 1 2 1 1
2 2 1 3 3 1 1
3 2 1 1 5 2 1
1 5 4 5 1 1
1 5 2 1 5 1 1 1
7 2 5 1 1 1
7 1 2 5 1 3 1
6 1 1 5 1 3 1
2 4 1 5 1 1 1 1
4 1 3 4 5 1
6 1 1 1 3 2 1 1
6 1 2 1 2 3 2
6 1 1 1 1 1 2
5 2 5 1 1 3 2
5 2 1 1 2 1 1 2 1
5 2 3 3 4 1
5 2 1 4 1 3 1
5 2 1 3 5 3 2 1
5 2 1 6 3 1 1
5 2 3 6 3 2 1
5 2 1 1 6 4 1
5 2 2 1 6 3 1
5 2 1 6 2 2 1
5 2 3 6 2 2
5 2 1 1 6 1 4
5 2 3 6 4
5 2 2 7 4
5 2 1 7 3
5 3 1 1 7 4
5 3 1 1 7 3 5