# solver=cpp-6dc88e3e
# cpu=AMD EPYC Processor (with IBPB)
# isolated_core=11
# strategy=contra
# n_solutions=1
# solve_time=0.00040
1 1 1 1 1 1 1 1 1 1 1 1 1 1 1
1 1 1 1 1 9 1 1 1 1 1
1 1 1 1 4 5 1 1 1
1 1 1 3 2 1 1 1
1 1 1 2 3 1 1
1 1 1 1 10 2 1 1
1 1 1 1 1 1 2 1 1
1 1 1 1 14 2 1 1
1 1 1 3 4 1 1
1 1 1 2 1 1 1 1
1 1 1 2 5 5 1 1 1 1
1 1 1 19 1 1
1 1 1 1 14 2 1 1
1 1 1 1 5 5 2 1 1
1 1 1 2 4 4 3 1 1
1 1 1 2 1 1 1 1
1 1 1 2 1 1 1 1 1 1
1 1 1 2 2 1 1 1 1
1 1 1 2 1 1 1 1
1 1 1 2 6 1 1 1 1
1 1 1 2 1 1 1 1 1 1
1 1 1 2 1 4 1 1 1 1 1
1 1 5 1 2 1 4 1 1
1 1 2 3 3 3 1
5 3 1 1 1 1 3 5
1 5 6 5 1
4 5 1 2 1 5 4
1 1 5 5 1 1
1 5 5 1
3 5 5 3
---
26 1
1 1
25 1
1 2 1
25 1 2
2 1 1
23 3
2 4 9 4
4 2 2 1 5
1 2 5 1 5
3 1 1 5 1 4
2 1 1 5 5 3
2 1 1 5 1 2 2
1 1 1 4 1 1 1 2 1
2 1 1 2 1 1 2 2
1 1 1 2 1 1 2 2
2 1 1 4 1 1 1 2 1
1 1 1 5 1 2 2
3 1 1 5 5 3
1 1 1 5 1 4
3 2 5 1 5
2 2 2 1 5
5 4 9 4
5 4 1 3
24 1 1
2 1 2
25 2 1
1 1
25 1
2 1