# solver=cpp-6b570c1b3
# cpu=AMD EPYC Processor (with IBPB)
# isolated_core=11
# strategy=basic
# n_solutions=1
# solve_time=0.00050
1 1 1 5 5
11 1 6 3
1 1 1 1 1 6 1
1 1 1 1 1 1 6
11 1 1 1 1 1 6
1 1 1 1 1 1 3
9 1 1 1 11 2
9 1 1 1 1 1 3
9 1 1 1 2 5
10 1 1 2 6
9 1 1 3 2 4
9 1 1 1 4 2 1
10 1 1 1 1 2 1
13 1 1 1 2 1
1 10 1 1 1 2 1
2 10 1 1 1 2 1
1 10 1 1 1 2 1
2 10 1 1 1 2 1
1 13 1 1 1 2 1
2 2 8 1 1 1 2 1
1 2 7 1 1 6
9 6 1 1 8
4 1 10 1 1 1 3 2 3
1 1 1 4 1 1 1 2 2 2
1 1 1 3 1 1 1 1 2 1
1 1 1 2 4 1 1 2 1
15 7 1 2 2 2
14 4 5 2 2 2
1 1 1 1 1 1 2 2 4 1 2 1
1 2 2 6 2 2
16 2 3 2 3
2 2 2 2 3
12 2 1 2 2
12 2 2 2 1
12 2 2 2 1
10 1 2 2 2 1
1 2 1 2 2 4 2
1 2 1 2 2 3
1 2 7
1 2 5
---
1 1 1 2 1 8
1 1 1 2 3 1 4
5 2 4 2 1 4
1 1 3 3 8 1 4
1 1 4 3 1 2 1 4
1 1 5 3 1 3 1 4
5 8 8 1 4
1 1 8 3 2 1 8
1 1 9 2 1 3 1 8
1 1 10 1 7 1 4
5 10 1 1 2 1 3
11 1 3 1 6
10 1 2 1
20 1 11
1 10 5 7
1 14 2
1 12 2
24 2
1 8 2
1 6 7
1 15
1 2
26
1 2
1 2
1 1 2
1 3 2
5 22
1 1 1 2 2
2 1 1 2 2 3
7 1 5 8
2 1 1 2 3 2 3 2
1 4 14 3 2
1 1 2 2 1 2
1 34
1 1 32
1 4 2 1 2
19 5 3
3 3 2 4 3
1 5 8