# solver=cpp-b64f6aebe
# cpu=AMD EPYC Processor (with IBPB)
# isolated_core=11
# strategy=contra
# n_solutions=1
# solve_time=0.00050
20
22
28
1 23
16 7
1 8 6
3 3 5
3 2 5
5 5
1 5
2 7
1 5 4 5 1
3 3 3 7 1
1 2 4 1 1 3 2 1
1 1 3 3 3 4 1
1 1 1 4 1 1 3 1
1 1 2 2 3 3 1
1 1 1 5 1 2 1 2
1 1 2 1 1 2 3
2 1 1 2 2 1
1 2 2 1 2 3 1
1 3 1 3 6 1
1 2 2 2 1
3 3 9 1 2 1
3 1 2 1 2 7 2
2 2 1 5 1 10
1 7 2 11
9 2 11
11 3 11
9 3 2 12
11 6 12
12 13
13 14
15 16
38
---
7 3
2 7
1 2 2
1 2 2 3
2 1 2 5
1 1 2 2 7
1 1 1 9 8
1 1 1 3 9
1 1 1 1 1 2 10
12 1 12
8 1 2 2 2 9
7 1 1 2 5 9
6 1 1 1 4 11
6 3 1 2 9
6 1 2 1 2 5
6 1 1 2 1 1 2 4
6 6 1 2 1 2
5 1 1 1 2 1
5 4 2 1 1 1 1
5 1 1 2 1 1 1 1 1
5 1 1 1 1 1 1 1 1
4 3 1 1 1 3 1 1
4 1 1 1 1 2 2 2 1
4 1 1 2 1 1 1 2 1
4 2 1 1 1 2 1 2
5 1 1 1 1 1 2 2
6 3 1 1 1 1 2 3
13 1 1 3 4
13 1 2 6
14 2 11
13 13
8 12
8 11
2 11
1 10
1 10
1 11
15
10
9