# solver=cpp-b64f6aebe
# cpu=AMD EPYC Processor (with IBPB)
# isolated_core=11
# strategy=basic
# n_solutions=1
# solve_time=0.00050
1
1 3
34 1 1
3 4 2 6 3 1 1 1
1 1 1 1 1 1 1 1 1 1 1 3
1 1 1 1 1 1 6 1 1 1 3
1 1 1 1 1 1 1 1 1 1 1 3
5 1 1 1 1 1 1 5 1 1 1
1 1 1 1 6 1 1
6 4 3
0
2 1 1 1 1 1 19
5 3 2 2 1 1
2 1 2 1 1 1 2 2 1
18 1 15 1
2 1 3 1 4 5 4 1
2 3 1 1 3 1
2 1 1 1 5 1 5
2 1 1 1 3 2 3 2 3
1 19 1
1 1 1 2 1 1 1 1 1
2 1 1 2 1 1 2 1 1 1 1 3 1
3 1 1 3 1 1 1 2 1 1 1 1 3 1
6 9 1 2 4 4 3 1
3 1 1 3 1 1 1 7 10
3 1 1 3 1 1 2 4 4 3 1
2 1 1 2 1 1 2 1 1 1 1 1 3 1
1 1 3 1 2 1 2 2 1 3 1
2 2 1 1 2 1 1 1 1 1 1
1 1 1 1 1 2 2 1 1
1 7 1 9
11 3 1 3
37
1
15 15 1
1 1 1 1 1
1 5 1 1 5 1 1
1 1 1 1 1
15 15 1
1
---
1 4 1 1 1 1
2 1 8 4 3 5
2 1 8 6 2 1 1
2 1 1 1 8 3 1 1
1 4 4 1 5 1 1
1 1 7 3 1 1
1 6 2 1 3 1 1 1
2 1 3 3 7 3 1 1 1
2 1 6 1 5 1 1 1
2 1 1 3 8 3 1 1 1
2 1 1 6 2 1 1 1
1 6 2 1 4 3 1 1
1 4 1 1 1 1 1
1 5 8 1 1 1
1 6 4 1 1 1 1 1
2 1 2 1 3 1 5
2 1 1 1
1 6 1 12 1
1 2 1 5
1 9 1 1 1 1 1 1 1
2 4 1 1 11 1 1 1
4 1 1 2 1 2 1 1 1 1 1 1 1
2 1 1 1 3 3 1 1 1 1
2 1 1 1 3 12 2 1 1 1
4 1 1 2 1 3 3 1 1 1
2 4 1 1 1 3 4 1 1 1
1 1 2 12 1 1 1 1
1 4 1 3 2 1 1 1 1 1 1
2 1 1 6 1 1 3 1 1
2 1 1 3 2 1 1 1 1 1
2 1 1 2 12 1 1 1
1 4 1 1 1 3 4 1 1
1 1 2 1 3 3 5
8 1 3 12 2
1 3 3 1 1
1 2 1 1 7 8
9 1 1 1 7 1
1 3 1 9 7
9 2 1
12