# solver=cpp-d85c7576
# cpu=AMD EPYC Processor (with IBPB)
# isolated_core=11
# strategy=basic
# n_solutions=1
# solve_time=0.00030
14
1 1 3
2 2
2 4
1 3 2
1 2 1
2 1 2
2 1 5
2 1 1 1 1
1 2 8
1 1 1 1 1
1 1 5
2 2 3
2 1 1
2 1 4
1 1 1
1 3 3
2 1 5
1 1 1 1 1
1 2 12
2 1 1 1 1
1 1 5
2 1 2
1 1 1
2 7 4
1 1 2
1 2 2
1 1 2
1 1 2
1 15
---
2 6
1 3
1 3
1 4 4
1 4 3 1
1 3 6 1
1 7 4 1 1
1 3 1 1 1
1 4 5 1 1 1
1 2 4 1 1 1
3 5 1 1 1 1
1 2 1 1 1
2 1 1 5 1 1
2 4 1 1 1 1 1 3 1
3 2 1 2 2 1 2 1 1
3 5 5 1 1
2 1 1 1 1 1 1 2 1
5 5 5
1 1 1 1 1 1 3
3 3