# solver=cpp-a0f9b8019
# cpu=AMD EPYC Processor (with IBPB)
# isolated_core=11
# strategy=contra
# n_solutions=1
# solve_time=0.00210
9 1 8
10 2 4 4
10 3 1 2
8 1 1 3 2
4 1 1 3 5 2
1 7 3 1 2
2 2 2 1 2
2 3 2 2 1 2
4 1 2 2 3 2
6 4 1 2 2 1 2
3 1 2 3 5 3
2 2 2 1 3
2 2 3 1 1 2
2 1 1 1 1 1 1 2
2 1 2 3 2 1 1 1 2
2 1 1 1 1 1 2
2 2 1 4 5
2 2 1 2 1 1 1 3
2 2 3 1 2 1 1 2
2 2 2 1 1 1 2
2 2 1 5 5
2 2 2 2 1 1 1
2 2 2 2 1 1 1
2 1 4 3 1 3
2 2 2 6 2
2 3 2 3 2 1
1 2 3 2 2 1 2 2
2 4 2 2 1 1 2 1
5 3 2 4 3
9 2 4 2 1
---
1 1
3 3 3
4 3 3
4 4 3 2
5 3 10
4 1 3 4 5
4 1 9 1 1
4 2 4 2 1 2 1
3 5 1 3 2 1
3 2 6 2 2
3 6 1 3 4 2
2 4 6 2 2
1 3 1 1 2 1
1 1 1 1 2 2 2 2
2 1 2 2 1 2 2 2
6 1 1 3 2 2
1 1 3 2 2 1
2 3 4 5 2
1 2 2 1 3 4 6
1 4 3 3 1 1 2
2 2 7 1 1 2
2 2 2 1 1 3 1
1 2 2 17 1
1 7 2
1 2 11 2
2 2 2 1 3 3
3 2 5 1 1 5
4 4 6 1 2
1 2 2 10
1 4