# solver=cpp-6b570c1b3
# cpu=AMD EPYC Processor (with IBPB)
# isolated_core=11
# strategy=basic
# n_solutions=1
# solve_time=0.00030
44
2 2
2 5 2
1 2 1 2 1
1 11 1
1 2 2 1 2 2 1 2 2 1
2 4 3 4 5 5 5 3 4 2
1 7 1
20 1 1 21
1 3 1
1 1
1 1 1 1 1 1 1 1 1 1 1 1 1
2 1 3 1 3 1 3 1 3 1 3 1 1
2 2 2 2 2 2 2 2 2 2 2 2
5 5 5 5 5 5
---
3
5 5
2 1 2
2 1 1 1 2
1 1 1 1 1
1 1 1 1
1 1 1 1
1 1 2
1 1 1 2
1 2 1 2
1 1 1 2
1 2 1 1 2
1 1 1 1 1
1 1 1
1 1 1 1
1 1 1 2
1 1 1 2
1 1 1 2
1 1 2
1 3 1 1 2
1 1 1 1 1
1 5 1
1 7 1
1 1 1 2 1 2
1 3 1 1 2
1 1 1 2 1 2
1 7 2
1 5 1 2
1 1 1 1 1
1 3 1 1
1 1 1
1 1 1 2
1 1 1 2
1 1 1 2
1 1 1 2
1 1 1 1 2
1 1 1 1
1 1 1 1
1 2 1 1
1 1 1 2
1 2 1 2
1 1 1 2
1 1 2
1 1 1 1 2
1 1 1 1 1
1 1 1 1
2 1 1 1
2 1 2
5 6
3