# solver=cpp-b64f6aebe
# cpu=AMD EPYC Processor (with IBPB)
# isolated_core=11
# strategy=basic
# n_solutions=1
# solve_time=0.00020
7 18
1 1 1 1
1 1 1 1 1 1 13 1
1 1 1 1 3 1
1 1 1 1 1 1 1 2 1 3 1
1 1 1 1 1 2 1 4 1
1 1 1 1 4 2 3 1 4 1
1 1 1 2 3 1 4 1
1 1 1 1 1 2 13 1
1 1 2 1
1 1 1 1 1 1 3 1
1 1 2 1 1
1 1 1 1 1 1 16 1
1 1 16 1
1 1 1 1 1 1 2 2 1
1 1 18
1 1 1 1 1 1
1 1
1 1 2 2 1
1 2 1
---
10
9
1 1 1 1 1 1
1 1 1 1 1
1 1 1 1 1 2
1 1 1 1 1 2
1 1 1 1 1
1 1 1 1 1 1
1 1 1 1 1 1
9
1 10
1
16
1 8
1 1 2 1
1 7 3 1
1 1 3 2 1
1 1 1 1 2 1
1 1 3 2 1
1 1 5 2 1
1 1 5 2 1
1 1 1 2 1
1 1 4 2 1
1 1 1 1 2 1
1 1 4 2 1
1 7 4
1 7 4
1 7 2 1
1 1
16