# solver=cpp-b64f6aebe
# cpu=AMD EPYC Processor (with IBPB)
# isolated_core=11
# strategy=basic
# n_solutions=1
# solve_time=0.00040
1 2
1 3 4
3 5 6
5 7 6
7 9 4
9 11 2
10 13
25
26
27
28
29
16
17 1
18 3
19 5
20 7
21 9
11
5 5 13
7 7 15
2 6 2 17
1 3 4 3
5 2 5
16
3 7 4
2 3 5 3
1 9 2 1
10 4
17 3 1
17 3 3 3
3 8 3 3 4 5
2 6 2 1 10
2 4 1 3 10
1 4 5 1 9
4 1 3 3 8
4 3 2 2
4 3 2 2
4 1 1 2 2
4 1 1 2 2
---
13 2 3 6
14 2 3 6
15 2 3 5
16 2 3 5
17 2 3 5
16 2 3 6
15 3 3 6
14 3 16
13 19
12 20
11 4 16
12 3 4 4
13 2 4 4
14 2 3 4
15 2 4 4
16 2 4 4
11 5 1 3 4
12 4 3 3
11 3
10 2 1
9 1 1
8 3 7
7 9
6 1 3 7
5 2 1
4 3 1
3 4 1
2 5 1 1
1 6 2 1
7 5
8 5
2 9 4
4 8 8
6 7 9
6 6 6
4 5 6
2 4 10
3 9
2 4
1