# solver=cpp-6dc88e3e
# cpu=AMD EPYC Processor (with IBPB)
# isolated_core=11
# strategy=basic
# n_solutions=1
# solve_time=0.00050
1
3
5
7
9
11
13
7 7
7 7
8 8
1 9 9 1
3 23 3
1 25 1
1 27 1
3 29 3
5 1 1 5
7 1 1 7
9 1 1 9
15 3 3 3 15
13 3 3 3 13
15 3 3 3 15
17 3 3 3 16
1 1 1
1 1 1
1 1 1
1 2 2 1 2 2 1 2 2
1 2 2 1 2 2 1 2 2
1 1 2 2 1
1 2 2 1 1 2 2
1 2 2 1 1 2 2
1 1 1
1 1 1
1 1 1
1 1 8 1
1 1 10 1
1 3 1 12 1 3
1 5 1 12 1 5
1 5 1 12 1 5
1 3 1 1 12 1 3 1
1 5 1 12 1 5
---
19
2
3
4
5
6 2 2 4
7 2 2 5
1 8 5
12 2 2 3 1
1 8 2 2 4
7
6
5
4
4
1 20
1 1 1
6
3
4
5 4
6 4
7 4
8
9 5
10 3 6
11 3 7
12 7
13 7
7 4 4 7
7 4 4 7
7 4 4 7
13 7
12 7
11 3 6
10 3 5
9
8
7 4
6 4
5 4
4
3
6
1 1 1
1 20
4
4
5
6
7
1 8 2 2 4
12 2 2 5
1 8 5
7 2 2 3 1
6 2 2 4
5
4
3
2