# solver=cpp-ce7a535
# cpu=AMD EPYC Processor (with IBPB)
# strategy=contra
# n_solutions=1
# solve_time=0.00030
4 8
6 2 3
4 1 2 3
2 6 1 2 2
3 4 1 3 2
4 2 1 1 4 2
1 10 2 1 1
1 4 1 1 1 1 1
1 8 1 1 1 1
1 4 1 1 1 1 1
1 4 1 1 1 1 1
1 1 1 1 1 1 1 1
1 2 1 1 1 2 1 1
1 1 2 4 1 3 1
1 1 1 1 1 2 1 1 2
2 5 1 2 3 1
1 1 1 2 2 2
20 1 2 2
1 2 2 2
21 8
---
12 1 1
3 1 1
2 1 1
1 1 1
1 1
3 1 1
5 5 1 1
13 3 1
11 4 1 1
2 2 6 3
3 1 1 2 3 1
1 1 3 1 1
1 1 1 1 1
12 1
1 1 1 1 1
10 1 1
1 1 1
1 1
1 1
2 1
2 2
2
7
5 3
2 2
2 2
1 2
1 2
1 2
1 1
1 3 1
1 11 1 1
2 3 3 1
1 2 1
2 1 1
1 2
2 2
2 2
2 3
10