# solver=cpp-86fd3e96b
# cpu=AMD EPYC Processor (with IBPB)
# isolated_core=11
# strategy=basic
# n_solutions=1
# solve_time=0.00050
0
0
0
3 3
7 7
10 10
13 13
14 14
2 13 12 2
17 16
33
33
35
4 3 14 3 4
4 3 12 3 4
3 3 10 3 3
2 3 10 3 2
5 12 5
2 14 2
2 15 3 1
1 3 16 4 1
1 4 8 9 5 1
1 6 7 8 6 1
1 6 7 8 7
8 7 8 1 6
7 1 7 8 7
8 7 8 4
7 17 1 3
5 1 16 4
5 15 2
14
13
16
18
21
23
26
27
28
30
32
34
35
37
38
40
39
39
38
38
37
36
36
36
36
36
29 5
27 5
26 6
24 7
---
15
15
5 16
1 5 16
7 17
9 17
1 8 18
9 18
7 1 19
5 1 1 19
3 1 20
2 20
3 2 21
6 22
4 4 1 23
10 1 24
4 5 2 24
9 3 25
10 3 25
13 26
12 26
10 3 27
9 7 27
8 11 28
9 13 27
9 42
52
50
15 31
14 29
12 29
12 33
13 34
51
52
53
9 34 2
8 32 1
8 9 16
8 6 12
9 3 8
10 3
12
13
10 3
9 3
4 5 2
10 1
4 4 1
6
3 2
2
4 1
4 1
6
1 5 1
7 1
7
1 7
8