# solver=cpp-b64f6aebe
# cpu=AMD EPYC Processor (with IBPB)
# isolated_core=11
# strategy=contra
# n_solutions=1
# solve_time=0.00040
1 6
3 1 1
1 1 1 4 1
1 1 10 5
1 1 4 4 1 1
1 1 4 4 1 1
1 1 10 1 1
1 1 2 4 2 11
3 3 10 1 1
2 1 1 2 10 1 1 1 1
2 1 1 2 10 1 1
1 5 5 1 10 13
3 1 1 3 10 2 2
1 1 1 1 2 2
1 1 10
1 1 1 1
5 12
1 1 1 1
1 5 1 14
2 2 1 1
---
2
1 1
1 1
1 1
1 1 2
1 1 1 1
1 1 1 1
16 1
2 1 1
16 1
1 1 1 1
1 1 1 1
1 1 2
1 1
1 1
1 1
2 1
1 2
11 1 3
1 10 3 1
1 4 7 1 1
1 11 1 1 1
1 2 7 1 1 1
1 2 7 1 1 1
1 11 1 1 1
1 4 7 1 1
1 10 3 1
11 1 3
1 2
1
0
0
4
1 3
3 1 3
1 1 1
1 1 1
1 1 1
1 1 1
1 1 1
1 1 1
1 1 1
3 1 3
1 3
4