# solver=cpp-a0f9b8019
# cpu=AMD EPYC Processor (with IBPB)
# isolated_core=11
# strategy=basic
# n_solutions=1
# solve_time=0.00190
4
6
7
4 2
3 2
3
4
4 3
4 5
10
2 6 3
2 10
2 10
2 10
3 25 9
32 5
37
35
35
35
36
36
36
36
36
35
34
32
31
3 4 4 4
2 3 3 3
2 2 2 2
2 2 2 2
2 2 2 2
2 19 2
2 23 2
29
37
14 15
13 13
13 13
11 11
10 9
9 2 2 9
7 1 1 2 2 1 1 7
8 1 1 1 3 3 1 1 1 8
6 1 1 1 21 1 1 1 6
4 1 1 1 2 19 2 1 1 1 4
3 4 1 18 1 4 3
1 5 1 18 1 5 1
6 4 7 4 6
5 3 2 5 2 4 5
3 4 3 3 5 3
3 9 10 3
4 8 11 4
5 8 10 5
6 4 9 5 6
6 5 1 1 1 1 6 6
13 1 1 1 13
31
---
4
4
4
4
4
4
4
4
5
4
4
4 6
4 1 8
4 1 11
4 1 9
5 1 1 3 4
4 1 1 1 3
3 4 1 1 1 3
5 4 1 3
2 3 4 3
1 12 4 3
14 4 2
15 4 2
25 2
26 1 3
15 4 3 10
16 4 17
17 4 1 14
25 5 8
24 4 1 3 2
15 4 4 1 4 1
15 4 5 6 1
15 4 11 2
15 4 8 2 1
15 4 6 1 1 2
15 4 12 1
15 4 11 2
15 4 5 6 1
15 4 4 1 4 1
15 4 4 1 3 2
15 4 5 8
15 4 14
15 4 1 14
16 4 17
17 4 4 9
25 2 3
25 2
4 15 4 2
6 16 4 3
8 16 4 3
4 4 24 1 3
3 4 24 1 1 1 3
3 1 4 13 4 1 1 1 3
5 18 4 1 1 3 4
3 18 4 1 9
10 5 4 1 11
9 4 1 8
3 4 4 6
7 4
6 4
5 4
4 4
2 4
4
4
4
5
4
4
4
4
4
4
4
4