# solver=cpp-6b570c1b3
# cpu=AMD EPYC Processor (with IBPB)
# isolated_core=11
# strategy=contra
# n_solutions=1
# solve_time=0.00040
3 6
1 2 1 2 2
1 3 4 1 2 1 2
1 15 4 2 3 2
1 3 5 2
3 2 1
6 5 15
13 1
1 3 3 3
2 3 3 3
16 2 3 3 3
1 1
3 1 1
2 2 2 1 1
1 2 1 1 1
2 1 1 4 4
2 3 1 1 1 1 4 3 4
1 1 1 1 2 1 1 4 3 4
1 3 1 1 1 1 3
2 1 1 2 2 1 1 3
---
6 1
1 1 1
2 2 1 3 2 1
2 1 1 2 1 2
1 1 1 1
2 1 1 4
1 1 1 2 1 1
1 2 1 2 4
1 1 1
1 1 1 2 4
1 1 1 1 1
1 1 1
1 1 1 5
1 1 1 1 1 1
1 1 1
1 1 10
1 1
1 1
1 1
2 2
1 1
1 1
2 1
1 1
3 4
6 11
1 1
1 1 3 3
2 1 3 3
2 1 3 3
2 1 1 3
1 2 1
1 3 1 3 4
1 2 1 3 4
1 1 1 3 4
2 1
2 1 3
2 1 3 3
2 1 3 3
3 3 3