# solver=cpp-eb7e8a1
# cpu=AMD EPYC Processor (with IBPB)
# strategy=contra
# n_solutions=1
# solve_time=0.00240
# solver=cpp-ce7a535
# cpu=AMD EPYC Processor (with IBPB)
# strategy=contra
# n_solutions=1
# solve_time=0.00180
6 5 2
2 2 2 2 6
2 2 2 1 2 6
1 4 1 2 1 2 2 3
1 8 1 4 1 1 3
1 2 1 6 1 1 1 3
2 1 1 1 1 5 1 1 1
1 2 2 4 2 1
3 2 2 2 1
2 1 1 2 2
4 2 5 1 1
3 3 3 1 3 3
2 2 1 1 1 2 2
1 1 2 1 1 1 6 2
1 2 2 4 1 1 1 1 1
2 4 2 3 3 2 2 1 1
2 2 2 3 2 4 4 2
5 1 3 2 1 1 2
1 4 3 6 1 4
3 1 3 7 1 1
10 6 1 1 3 1
3 1 3 2 1 4 4
3 1 10 1 1 3 1
3 1 2 2 2 8 3
3 1 1 2 3 2 1 1
1 1 1 1 3 3 3 1 1 1
1 3 1 8 1 2 1 3 1
1 1 1 7 3 1 2 1 1 1 1
1 1 1 3 2 1 1 1 1 1 1 1
2 1 1 2 2 3 1 1 1 1 1 1
3 1 1 2 6 1 2 1 1 1 1
1 4 4 2 4 1 1 3 1
4 4 4 3 1 1 3 2
4 4 2 2 3 3 1 1 1 3
4 4 1 1 2 6 1 1 1 1
4 4 2 2 4 4 1
4 4 2 3 1 1 1 1 1
10 3 4 4 6
11 7 13
2 4 3 4 1 12
---
4 4 2
2 2 2 3 2
5 1 24
2 3 2 2 1 3 9
2 2 3 1 1 5 8
1 3 4 1 1 1 14
1 5 2 3 1 2 3
1 2 1 2 1 14
1 1 1 2 1 1 9
2 1 1 1 1 8
2 1 1 1 24
3 5 2 1 2 4 3
2 2 1 2 2 2
4 2 2 2
1 3 5 4
2 2 12 3
4 1 1 4 3 3
5 9 1 2 2 3
2 2 2 5 4 2 2 2
2 2 2 2 10 3
2 4 2 2 3 5 4 4
1 4 1 5 8
1 7 30
1 6 1 2 3
2 3 2 1 1 1 2 2
2 2 2 2 1 1 2 5
2 2 1 1 1 4 2
5 1 2 1 1 2
1 1 1 1 2
1 2 24
2 1 2 2 1 1 3
2 1 1 2 1 1 3
2 1 2 3 14
2 1 1 1 2 2 2
6 2 3 14
5 2 1 1 1 1 3
6 1 3 1 1 1 3
2 23
2 3 1 2 3
4 1 6