# solver=cpp-a0f9b8019
# cpu=AMD EPYC Processor (with IBPB)
# isolated_core=11
# strategy=basic
# n_solutions=1
# solve_time=0.00040
13
2 2 3 2
2 2 3 3
2 2 3 2
10 7 3 5
1 2 2 1 2 1 2 1
9 1 1 1 2 1 1
1 1 2 1 2 1 2 1
1 1 2 1 2 1 2 1
1 1 2 2 1 3 2 2 1
1 1 1 3 1 1 1 1 3 1
1 1 1 2 1 9 1 2 1 1
1 1 1 1 1 1 1 1 1 1 1 1 1
1 1 2 1 1 1 1 3 1 1 1
1 1 2 1 1 1 3 3 1 1 1
1 1 2 1 1 1 2 2 3 1 1 1
1 1 1 1 1 3 3 1 1 1 1
1 1 1 1 1 2 2 1 1 1 1
1 1 1 1 1 9 1 1 1 1
1 1 1 1 1 1 1 1 1 1 1
1 1 1 1 1 1 1 1 1 1 1
1 1 1 1 1 1 1 1 1
1 1 1 1 1 1 1 1 1 1 1
1 1 1 1 1 1 1 1 1
1 1 1 1 1 1 1 1 1 1 1
1 1 1 1 1 1 1 1 1 1 1
1 1 1 1 1 1 1 1 1 1 1
1 1 1 1 1 1 1 1 1 1 1
1 1 1 1 1 1 1 1 1 1 1
1 1 1 1 1 1 1 1 1 1 1
1 1 1 1 1 1 1 1 1 1 1
1 1 1 1 1 1 1 1 1 1 1
1 1 1 1 1 1 1 1 1 1 1
1 1 1 1 1 1 1 1 1 1 1
1 1 1 1 1 1 1 1 1 1 1
1 1 1 1 1 1 1 1 1 1 1 1 1
1 1 2 1 1 4 6 1 1 1
1 1 2 1 1 4 6 1 1 1
1 1 2 1 1 4 6 1 1 1
1 1 1 1 1 2 1 1 2 1 1 1 1
---
3
1 34
1 1
1 1
2 1
3 1
2 1 34
2 1 1
1 3 3 3
1 3 31
1 2 2
3 2 29
2 3 2
1 2 2
1 1 12 1 16
5
40
5 1 3 4
1 1 2 2 1 4
2 2 2 2 1 4
2 3 4 1
1 2 1 2 1 4
2 2 1 2 1 4
2 1 1 3 4
1 34
3 3 3
31
2
2
3 29
2 2
1 2
1 12 1 16
1
36