# solver=cpp-1562f45ac
# cpu=AMD EPYC Processor (with IBPB)
# isolated_core=11
# strategy=basic
# n_solutions=1
# solve_time=0.00030
2 1 1 9
1 1 8
1 1 2 2 7
2 2 2 7
2 7
3 7
4 3 8
5 9
7 11
5 10
6 11
5 10
2 2 5
2
3 3 1 2
1 1 1 1 2 1
1 5 5
1 2 2 1
1 1 1 1 1 2
1 5 5 2
1 2 2 2
1 1 1 1 1 2
2 5 5 3
2 1 1 2 3
3 1 2 2 4
4 2 2 5
7 7 1
6 6 1
8 8 1
7 7 1
6 6 1
7 7 1
1 2 2 2 1
1 1 2
3
1 1 1
1 4 4 1
1 3 3 2
2 3 3 1 1
2 3 1
---
2 18 4
1 1 4 10 2
1 9 8
1 10 2 2 3 7 1
6 1 2 2 1 1 6 3
1 5 1 2 2 2 7 3
2 5 1 1 1 1 3 2 2 2
2 1 1 1 1 2 2 2 2 1 1 2
1
2 1 1 1 1 2 2 2 2 1 1 2
2 5 1 1 1 1 3 2 2 2
1 5 1 2 2 2 7 3
2 6 1 2 2 2 6 3
12 2 2 2 7 1
12 2 8
13 11 1
13 18 3
13 9 2 2 1
15 7 1 1
16 1