# solver=cpp-eb7e8a1
# cpu=AMD EPYC Processor (with IBPB)
# strategy=basic
# n_solutions=1
# solve_time=0.00050
# solver=cpp-ce7a535
# cpu=AMD EPYC Processor (with IBPB)
# strategy=basic
# n_solutions=1
# solve_time=0.00020
1 1
1 2 3 1 2 5
4 4 4 2 1
5 1 1 1
2
0
4 2
2 4
2 1 2 1
2 3 2 1 8
2 3 2 1 6
2 3 4 1 1
3 16 1 1
25 2 1
3 9
34
3 3 4 6 4 1 2
11 6 4 4 1 3
9 2 2 2 2 7
11 1 1 2 1 6
1 2 1 2 2 1 2 1 2 1 2 5 1
6 1 3 2 6 2 7
4 1 3 6 1 5
1 1 2 2 2 2 2 2
1 1 6 6
3 4 4
40
1 2 2 2 2 2 2
2 2 2 2 2 2 2
1 1 1 1 1 1 1
---
2 3
1 1 1
2 1 1
3 1
4 1 2 1
1 11 2
2 14 1 3
3 8 1 7 1 1
4 1 1 1 4 1 1 1
2 1 1 3 2
1 1 1 1 3 1 2
2 1 1 3 3
2 1 1 4 1 3
2 1 9 1 1
2 5 3 2 1 1
1 1 6 2 6 1
1 1 5 1 2 2 1
3 2 3 4
1 2 3 2 5
2 2 3 2 3 1
2 7 3 3 1
1 8 1 2 2 1
2 2 3 2 6 1
1 7 3 2 2
2 2 9 3
1 2 9 1 1
1 2 3 2 1 1
2 2 6 1
4 2 2 1
6 4
4 2 5
1 6 2 3 1
8 2 3 1
2 2 8 1
2 3 4 1 1
7 6 2
2 10 3
2 9 1 1
1 2 1 1
3 1