# solver=cpp-b64f6aebe
# cpu=AMD EPYC Processor (with IBPB)
# isolated_core=11
# strategy=basic
# n_solutions=1
# solve_time=0.00080
7 2 2 2 6 4 2 4 3
13 4 5 8 6
3 7 6 6 11 2
21 2 18 2
1 3 14 3 1 17 1
4 7 9 7 7 4
6 3 5 8 3 5 3 6
2 3 11 7 2 11 4 2
1 4 4 5 4 1 4 5 5 2
1 8 3 2 4 8 2
2 5 1 3 4 1 5 1
2 3 2 4 4 4 2 3 2
3 2 1 13 1 2 3
2 2 2 3 2 2
3 3 2 3 3 3 2
3 2 2 2 4 2
3 5 2 1 4 4
12 1 2 11
6 3 1 6
4 1 1
2 2 1 2
3 3 2 2
2 1 1 1 2
2 3 2 2
2 1 2 2
2 2 2 2
3 1 2 3
6 1 10
1 9 2 5 6 1 1
41
1 5 22 3 9 1
18 2 2 2 2 3 12
1 1 1 2 3 6 1 2 5 2 4 7 1
3 2 1 5 1 2 2 2 2 1 4 2 4
2 1 2 1 1 2 3 2 2 2 3 2
---
4
2 2
2 2
2 1
2 1
3
1 3
1 1 3 2
2 2 3 2
2 1 1 4 5
2 4 6 1
7 7 5
7 3 3 3 1
3 1 2 2 5
1 3 3 2 6
5 2 1 4
5 1 2 3 3
5 2 2 9
4 2 2 10
5 2 1 2 8 1
5 2 1 2 2 8
3 2 2 2 2 2 6
2 2 3 2 2 7
5 2 2 1 5
6 3 2 2 6
7 5 4 2 2 10
16 2 1 3 4
6 4 6 2 1
1 4 2 6 5
5 1 2 3
6 2 2 2
6 2 1 6
2 2 2 2 6
2 3 2 1
1 5 4
1 2 1 4 3 6
1 1 4 6 3 3 3
7 7 2 9
7 4 3 2 7
6 2 2 2 3 1
6 3 2 2 8
5 2 2 2 1 4
2 1 2 8
2 2 2 5 1
5 2 2 8
5 2 2 8
5 2 1 2 8
5 2 1 2 4 1
4 2 2 2 2 4
6 2 3 2 5
6 3 2 5
5 3 2 7
5 8 3 1
7 6 4
4 2 4 4
2 2 3 1 2
2 1 3 3
3 3
3 3
1 3
1 2 1
2 1
2 2
6
3