# solver=cpp-400bd85f2
# cpu=AMD EPYC Processor (with IBPB)
# isolated_core=11
# strategy=basic
# n_solutions=1
# solve_time=0.00030
0
22
24
2 2
2 7 2
2 2 2 2
2 2 1 1 2 2
2 2 2 2
2 5 1 3 1 2
2 5 1 3 1 2
2 5 2 2 2
2 1 1 7 2
24
16 1 7
17 8
11 4 1 7
10 1 7
3 6 2 3 3
2 2 4 4 2
2 1 1 1 1 2
3 3 1 1 1 3
11 5 7
8 1 1 10
7 3 9
7 7 10
26
4 14 4
4 4
4 4
4 4
---
0
11
13
16 10
16 9
2 5 9
2 6 10
2 3 14
2 11 3 2
2 3 6 1 2
2 11 2 2
2 3 4 2 1 3
2 3 2 4
2 4 2 5
2 4 1 4
2 6 4 3
2 4 7 1 3
2 1 4 2 3
2 1 1 2 2 2 2
2 1 2 3 1 1 2 3
2 1 1 2 2 2 6
2 1 4 2 5
2 4 10 5
2 6 6 10
2 5 9
16 9
16 10
13
11
0