# solver=cpp-1e16a40
# cpu=AMD EPYC Processor (with IBPB)
# isolated_core=11
# strategy=basic
# n_solutions=1
# solve_time=0.00040
1 1 2 1
2 3 1 2 3
3 5 3 3
1 1 5 3
1 1 7 1
7 3 1 1
5 3 1 4
1 1 5
2 1 8
3 5 3
7 2
1 3 1
1 1 3 2 1
3 2 3 3
6 2 1
6 5 1
5 1 5 1
4 5 5
4 1 2 1 1 1 1
2 2 7 4
2 3 1 1 1 1 1 1
7 7 4
3 3 1 1 1 3 2
3 1 3 1 1 1 1 1
6 1 1 14
11 15
9 15
1 1 1 1 1 3 2
1 1 1 1 1 3 1
1 1 1 1 3 1
---
1 2
1 1 4
2 1 6 2
6 8 4
1 8 8
1 2 1 7
2 2 1 2 3
1 2 1 3
1 1 2 2
1 1 3 9
2 2 3 3 2
6 9 6
2 2 9 1
1 1 3 2
1 3 1 1
2 2 5
3 1 3
10 4
3 3 11
2 3 1 1 4
1 2 4 3
2 1 1 4
3 4 3
2 1 5 1 1 1 4
10 1 6 6
2 4 6 8
2 3 1 6 6
1 3 1 1 1 4
2 3 1 2 4
4 12