# solver=cpp-ce7a535
# cpu=AMD EPYC Processor (with IBPB)
# strategy=basic
# n_solutions=1
# solve_time=0.00120
1 3 3 3 3 3 3 3 3 3 3 3 3 3 2
3 1 3 1 3 1 3 1 3 1 3 1 3 1 3 1 3 1 1
1 53
2 5 3
3 3 1 3
3 1 1 1 1 1
1 1 2 1 1 2
2 1 2 2 1 1
1 1 1 1 1 3
3 1 1 1 3
3 1 1 2 2
2 1 1 2 4 1
1 1 2 1 2 2 4
3 1 1 1 6 2 1
1 1 1 1 2 2 3
2 2 6 5 2 4
3 16 1 3 4
3 3 11 1 8 1
1 1 2 5 8 4 1 2
2 2 3 1 7 3 2 1 1
1 1 2 2 2 3 2 1 3
3 3 1 1 3 2 1 3
3 13 2 2 1 2 2 2
2 8 2 3 1 1 2 1 1
1 1 10 3 1 2 1 1 3
3 13 2 2 1 1 1 1
1 1 1 13 5 1 2
2 1 14 1 3
5 14 1 3
4 15 1 1 1
1 2 14 1 2
3 14 1 1 1
1 2 11 1 3
5 9 1 3
5 6 1 1 2
4 3 2 1 1 1
1 1 2 1 4 2 1 3
3 3 1 3 2 1 1 1
1 1 2 1 4 2 1 2
2 2 1 4 2 1 3
3 2 1 4 2 1 3
3 2 2 5 3 1 1 1
1 1 3 2 4 3 1 2
2 8 5 2 1 1 1
1 1 6 2 6 2 1 3
3 6 5 2 2 3
3 10 6 3 3 2
2 20 2 4 1 1
1 1 2 17 2 4 3
3 1 15 3 4 1 1
1 1 2 13 2 5 2
2 2 9 3 5 3
3 4 7 3 6 3
3 5 2 6 1 1
1 1 2 4 3 6 2
2 2 3 6 1 1
1 1 2 3 6 3
3 2 3 7 3
3 4 3 7 2
2 5 2 7 1 1
1 1 12 7 3
54 1
1 3 1 3 1 3 1 3 1 3 1 3 1 3 1 3 1 3 1
3 3 3 3 3 3 3 3 3 3 3 3 3 3
---
1 1 3 3 3 3 3 3 3 3 3 3 3 3 3 3 3
1 3 1 3 1 3 1 3 1 3 1 3 1 3 1 3 1 3 1 3 1 1
64
3 8 3
1 1 2 5 2
2 1 3 1 1
1 1 1 4 3
3 5 4 1 1
3 8 3 2
2 10 3 3
1 1 11 2 3
3 13 2 1 1
1 1 20 2 2
2 14 4 3 1 1
3 14 3 3 2 3
3 13 1 3 2 3
1 1 13 4 4 2
2 1 10 5 5 1 1
1 1 1 9 5 2 8
3 1 7 6 1 5 1
3 1 5 6 2 5
2 2 3 6 1 6
1 1 4 4 7 1 5
3 7 2 5 7 1 2 1
1 5 4 1 6 3
4 12 3 6 2 1
8 3 3 6 4
4 2 1 6 4
1 6 2 1 6 3
2 4 11 6 3 1
1 1 2 6 2 7 2 3
3 2 4 1 8 2 1 1
3 7 3 9 3 2
2 5 3 11 3 3
1 1 3 2 1 11 3 3
3 4 6 9 2 1 1
1 1 5 6 3 2
2 6 2 3 1 1
3 6 2 4 3
3 5 6 3
1 1 2 9 2
2 2 11 1 1
1 1 5 7 7
3 2 10 1
3 2 3 13
2 1 5 17
1 1 1 3 18
3 1 4 17 1
1 1 1 3 40
2 2 2 2 1 1
3 2 1 4 3
3 1 3 3
1 1 7 2
61 1
1 3 1 3 1 3 1 3 1 3 1 3 1 3 1 3 1 3 1 3 1 2
2 3 3 3 3 3 3 3 3 3 3 3 3 3 3 3 1