# solver=cpp-6b570c1b3
# cpu=AMD EPYC Processor (with IBPB)
# isolated_core=11
# strategy=basic
# n_solutions=1
# solve_time=0.00030
30
1 2 1 1 1 1 3 4
1 2 1 2 1 2 1 2 1 1 4
1 2 1 2 1 2 1 2 2 5
1 1 1 1 3 6
1 2 1 2 1 4 6 6
1 2 1 2 1 4 6 6
1 2 1 2 1 4 6 6
30
0
0
4 4 4 5 4 4
1 1 1 1 1 1 1 1
1 1 1 1 1 1 1 1
3 4 4 1 3 4
1 1 1 1 1 1 1 1
1 1 1 1 1 1 1 1
4 1 1 4 1 4 1 1
0
0
---
9 7
1 1 1 1 1
4 4 1 1 1
4 4 1 1
1 1
9 7
1 1 1 1
1 2 4 1 1
1 2 4 7
1 1
9 4 1
1 1 1 1 1
1 2 4 1 1 1
1 2 4 1 4
1 4
9 1
1 1 1
1 2 4 7
1 2 4 1
1 4 1
9
1 6 7
2 5 1 1 1
3 1 1 1 1
2 5 1 1
1 6
9 7
9 1 1
9 1 2
9 4 2