# solver=cpp-6b570c1b3
# cpu=AMD EPYC Processor (with IBPB)
# isolated_core=11
# strategy=basic
# n_solutions=1
# solve_time=0.00030
3 9 2 2 1 2
2 1 9 1 2 1
2 4 10 1 1
1 9 7 2
1 9 9 4
1
1 9 14
1 1 1 2 4
6 7 2 1
17 2
7 2 2
1 11 2
20 2
2 1
21 3
2 2 2 2 6
2 6 4 1
1 1 1 4 3
3 3 2 1
2 2 2 2 2 1 1
1 1 1 1 2 1 3
1 1 1 1 2 1 2 2
2 2 2 2 2 1 1 1
3 3 2 1 1 1
1 1 2 1 2 2
2 1 3
5 2 1 1
5 6 2 1
2 1 1 2 1
2 1 1 2 1 1
2 1 1 1 2 1
2 1 1 2 1
2 1 1 2 1
2 6 2 1
2 2 1
---
5 2 3 1 2 2
3 1 1 3 4 2
1 1 1 2 2 2 9
1 1 1 1 2 2 9
4 2 1 1 1 2 2 2
3 1 1 1 1 1 4
3 1 3 1 1
1 2 1 2 1 1
2 2 1 2 1 1 4 7
5 1 2 1 1 2 2 1 1
5 1 2 2 1 2 2 1 1 1
5 2 1 2 1 2 2 1 1
5 1 1 2 2 4 1 1
3 1 2 3 7
3 1 2 1 2
5 1 1 2 21
4 2 1 2 21
3 4 2 1 2
1 3 1 2 2 3
1 2 1 2 2 2
1 2 1 4 2
2 1 3 2
2 1 1 2 2 19
3 1 1 1 2 2
1 2 3 1
1 2 2 4
2 1 3 2 2 2
1 2 3 2 2
1 2 2 2 2 2
1 4 2 2 4