# solver=cpp-6b570c1b3
# cpu=AMD EPYC Processor (with IBPB)
# isolated_core=11
# strategy=contra
# n_solutions=1
# solve_time=0.00030
1 1 3 1 1 2 3
1 1 1 1 1 1 1 1
3 1 1 1 1 2 2
1 1 1 1 1 1 1 1
1 1 3 3 2 3
0
3 3 2 3 3 3 4
1 1 1 1 1 1 1 1 1 1 1
1 1 1 1 1 1 1 1 1 1 1
3 3 4 1 3 1 3
1 1 1 1 1 1 1 1 1 1
1 1 1 1 1 1 1 1 1 1
1 1 1 1 1 1 1 1 1 1
1 1 1 1 1 3 1 1 3 4
---
8
1 1
1 1
2
0
8
1 1
5 1 2
1 2 3
5
7
5 1 1
1 1 1 1
5 7
0
5 1 1
1 8
5 1 1
0
3 1 8
1 3 1 1
1 2
5 2 3
1 1 1
1 1 1 1
8
1 1
0
8
1 1 1
1 1 1
1 1