# solver=cpp-6b570c1b3
# cpu=AMD EPYC Processor (with IBPB)
# isolated_core=11
# strategy=contra
# n_solutions=1
# solve_time=0.00090
15
3 2
4 3 3 2
1 1 1 2
1 3 2 6
1 1 1 1
1 2 3 3 2 1
1 1 1 1 1 1
4 14 6
2 2
0
4 4 4
1 1 1
3 3 3
1 1 1
1 1 1
0
1 1 1
0
0
15
3 2
4 3 3 2
1 1 1 2
1 3 3 6
1 1 1 1
1 2 3 3 2 1
1 1 1 1 1 1
4 14 6
2 2
---
0
7 7
1 1 1 1
1 1 1 1
2 2 2 2
1 1 1 1 1 1
2 1 1 1 2 1 1
1 2 1 3 1 1 2
1 1 1 1 1 1
1 3 1 1 3 1 3 1 1
1 1 1 1 1 1 1 1 1 1
1 1 3 1 1 1 1 3 1
1 1 1 3 1 1 1
1 1 1 1 1 1 1 3 1 1
1 1 1 1 1 3 1 1 1 1 1
1 5 1 1 1 3 1
1 1 1 1 1
1 1 1 3 1 1 1
1 1 1 1 1 1
1 1 3 1 1
2 2 2 2
2 1 1 2 1 1
2 1 1 2 1 1
2 2 2 2
1 1 1 1
1 1 1 1
1 1 1 1
1 1 1 1
5 5
0