# solver=cpp-6b570c1b3
# cpu=AMD EPYC Processor (with IBPB)
# isolated_core=11
# strategy=basic
# n_solutions=1
# solve_time=0.00030
2
2 1
1 1 2
1 1 1 1
1 1 1 1
1 1 1 1
40
1 1 1 1
2 2 1
2 2 1 1
40
1 1 3 1 1
1 1 1 1 2 1 1
1 3 1 1 4 1
40
1 1 1 1 2 1 4 1
1 1 1 2 1 2 1
1 1 1 3 1
40
1 1 1 1
1 1 1 2 1
1 1 2 4
40
4 4
1 2
1
2 1
3
---
1 1 1 1 1
1 1 1 4 1
1 1 3 1 1 1
1 1 1 1 1 2
1 2 1 1 1 2
1 1 3 1 2 2
1 2 2 1 2 1
27
2 1 1 1 2 1 2
6 1 1 1 1
1 1 3 1 2
1 1 1 7
1 1 1 1 1
1 1 4 1 1
1 1 2 1 1
1 1 1 1 1
5 1 1 1
1 3 1 1 1
1 1 1 1 1
1 1 5 1 1
1 2 1 2 1
1 2 1 2 1
1 2 1 2 1
1 1 1 1 1
1 1 1 1 1
1 1 1 1 1
1 1 1 1 1
1 1 3 1 1
1 1 5 1 1
1 1 5 1 1
1 1 3 1 1
12 1 1 1
1 1 1 1 1 1
4 1 1 1 1
1 1 1 1 1
1 1 1 1 3
1 1 1 1 5
1 1 1 1 5
1 1 1 1 3
1 12 1