# solver=cpp-86fd3e96b
# cpu=AMD EPYC Processor (with IBPB)
# isolated_core=11
# strategy=contra
# n_solutions=1
# solve_time=0.00300
11
4 2 2 2
1 2 2 2 1 2
3 2 1 2 1 2
5 1 3 2 2 2 4
2 3 1 2 3 3
2 3 1 2 1 5 1
2 3 2 1 1 2 1 2 1
8 2 1 7 1
5 5 1 2 1 2 1 2
4 2 1 7 1 1
2 1 1 2 1 2 1 2 4
2 1 1 7 1 1
1 4 1 2 2 1 1
1 5 7
1 1 3
2 1 1 1
3 1 2 2
3 2 1 2 1
1 1 2 4 4 3
1 3 3 2 5 2
1 1 2 5 2
1 3 2 2 4 2
1 3 3 2 2 2
1 1 1 4 2 2 2
1 2 2
1 3 1 1 2 2
2 7 5 9
3 6 1 3 1
3 2 1 1 1 1
---
3 6
5 3 1
2 7 5 1 1 1 2
5 5 3 3
1 3 3 4 1 1 2
1 7 2 1 1
2 4 2 1 1
2 2 2 1 3
1 2 1 1 1 1 2 2
2 3 1 1 3 8
6 2 2 1 2 2
1 3 1 2 2 2
2 1 3 1 1 3
2 2 2 2 1
3 1 2
2 1 1 2 1
12 2 2 1 1 3
2 1 1 3 1 4
2 8 4 2 2
2 1 9 5 2
1 1 1 1 1 1 3 2
1 2 7 3 1 2
1 1 1 1 1 1 2 3 2
2 1 9 2 1 3
3 8 2 2 1
1 2 1 1 2 2 1
1 12 3 1
1 2 1 1 1 1
1 1 6 3
1 1 1 1 1 1