# solver=cpp-6b570c1b3
# cpu=AMD EPYC Processor (with IBPB)
# isolated_core=11
# strategy=contra
# n_solutions=1
# solve_time=0.00040
4 4 1
2 2 3 2 3
2 1 1 3 4
1 1 1 2 1 2 4 1
2 1 1 1 1 2 1
3 2 1 1 1 1 3
2 2 2 2 2 2 1
1 1 5 1 1 2 1
2 2 2 2 2 1 1
2 3 6 2 2 1
1 2 1 1 4 1 1
1 2 1 2 2 2 1
1 2 1 4 2 2
2 6 3 3 5
3 4 6 1 1
6 4 2 2
1 1 9
1 1 7 3
1 1 5 2 2 2
1 1 1 1 1 2 1 2 4
1 1 1 5 1 3 3
1 2 1 2 1 8
1 2 1 1 1 7
1 2 1 5 1 6
1 2 1 3 1 5
1 2 1 3 2 8
1 2 2 5 7
1 1 1 1 2 6
1 5 2 1 1
4 2 2
---
6
4 2 17
2 5 1 2 1
2 2 2 1 11
1 2 1 6 2
1 1 4 3 1
2 2 19 1
2 1 2 2 3
2 1 2 1
2 1 2
3 3
1 3 5 1
3 2 1 1 2 3 1 2
2 4 1 9 3
2 10 1 4
1 1 2 2 2 4 3 1 4
2 1 3 5 2 2 1 1
3 1 2 2 1
2 2 1 1 1 1 3
1 3 2 1 3 1
2 2 3
3 2 3 1 1
1 3 1 1 2 1
1 1 3 2
1 1 3 4 5 3 1
2 2 4 1 2 9
1 3 10
2 1 9 1
11 10
2 6