# solver=cpp-d85c7576
# cpu=AMD EPYC Processor (with IBPB)
# isolated_core=11
# strategy=basic
# n_solutions=1
# solve_time=0.00030
20 5
3 1 1 1 2
2 1 4 4
1 1 1 1 1 2
2 1 1 1 1 2
1 1 4 1 5
6 1 1 1 1
1 1 1 1 1 2
1 3 4 1 1
1 2 1 1 4 1 5
1 1 1 1 1 1 1
1 3 1 1 3 1 1 1
1 2 2 1 1 1 2 2 1 1 2
1 2 3 1 3 2 3 2
2 1 2 1 2 1 1 1 1 1
11 3 4 4
1 1 2 1 2 2 2
1 1 2 1 3 1
1 1 1 1 2 1 1
1 1 2 11 3
1 1 2 1 8 5
1 1 2 1 1 7
1 1 1 1 2 1 1 1 1 1
1 1 2 1 1 1 1 1
1 1 2 1 1 8 1 1
1 1 2 1 1 2 2 1 1
1 1 1 1 2 1 1 2 2 1 1
1 1 2 1 2 2 1 1
1 1 2 1 2 2 1 1
11 1 2 2 1 1
---
6 1 1
3 2 15
3 1 1 2 1
2 1 2 3 1 1 1 1
2 1 1 2 1 1
13 15
1 1 2 1
13 1 1 1 1 1
1 1 1 1 2 1 1
1 1 1 1 17
30
1 1
1 1 3 3
1 1
1 20
1 3 1
1 2 2 11
1 2 2 2 6
1 1 1 1 2 1
1 2 2 2 1
1 2 2 2 1
1 3 2 1
1 1 2 6
16 11
1 1 1 1
16 10
6 1 1 1 3
1 1 1 3 4
1 1 1 2 2 3
1 1 1 2 2 10