# solver=cpp-ce7a535
# cpu=AMD EPYC Processor (with IBPB)
# strategy=basic
# n_solutions=1
# solve_time=0.00010
25
1 1 1 1
1 2 1 2 1 2 1
1 4 1 4 1 4 1
1 4 1 5 1 5 1
1 2 1 1 2 1 1 2 1
1 1 1 1
25
1 1 1 1
1 2 1 2 1 2 1
1 4 1 4 1 4 1
1 4 1 5 1 5 1
1 2 1 1 2 1 1 2 1
1 1 1 1
25
1 1 1 1
1 2 1 2 1 2 1
1 4 1 4 1 4 1
1 4 1 4 1 5 1
1 2 1 2 1 1 2 1
1 1 1 1
25
---
22
1 1 1 1
1 1 2 1 1
1 2 1 4 1 2 1
1 4 1 4 1 4 1
1 4 1 2 1 4 1
1 2 1 1 2 1
1 1 1 1
22
1 1 1 1
1 2 1 2 1 2 1
1 2 1 2 1 4 1
1 4 1 4 1 4 1
1 4 1 4 1 2 1
1 2 1 2 1 1
1 1 1 1
22
1 1 1 1
1 2 1 2 1 2 1
1 2 1 2 1 2 1
1 4 1 4 1 4 1
1 4 1 4 1 4 1
1 2 1 2 1 2 1
1 1 1 1
22