# solver=cpp-1562f45ac
# cpu=AMD EPYC Processor (with IBPB)
# isolated_core=11
# strategy=contra
# n_solutions=1
# solve_time=0.00030
0
0
2
2 2 1
2 3
1 1
2
2
2
6
2 3 3 2
5 5
2 2 2 2
1 2 2 1
1 1
1 1 1 1
1 4 1
2 2
3 3
8
1 1 1 1
2 10 2
2 10 2
2 1 6 1 2
2 1 4 1 2
2 1 2 1 2
2 1 2 1 2
1 1 4 1 1
1 6 1
10
1 6 1
1 4 1
1 2 1
2 1 4 1 2
4 8 4
---
0
1 1
2 6 2
8 8 2
2 2 1
2 1 14
1 2 2 1 1
2 2 1 1 3 3 1
1 2 1 1 4 5 2
1 1 1 14
4 1 1 14
7 2 1 1 4 5 2
3 2 2 1 1 3 3 1
1 1 2 2 1 1
1 2 1 14
1 2 2 1
1 8 8 2
3 2 6 2
1 1 1
0