# solver=cpp-ce7a535
# cpu=AMD EPYC Processor (with IBPB)
# strategy=basic
# n_solutions=1
# solve_time=0.00010
2 2 1 2 2 1 2 2
3 1 3 1 1 1
1 1
23
1 1
1 1 1 3 1 1
2 2 1 2 2 1 5
1 1 1 1 1 1 1 1
3 1 1 1 1 1 1
1 1 1 1 1 5
3 1 1 1 1 1 1
1 1 1 1 1 1 1 1
2 2 1 2 2 1 5
1 1 1 3 1 1
1 1
23
1 1
1 1 1 1 1 1 3
2 2 1 2 2 1 2 2
---
1 1
1 1 2 2 1 2
2 1 3 3 1 1
1 1 3 1
2 1 3 3 1 1
1 1 2 2 1 2
1 1
19
1 1
1 1 7 1 2
2 1 2 2 1 1
1 1 1 1 1
2 1 2 2 1 1
1 1 7 1 2
1 1
19
1 1
2 1 4 1 1 1
1 1 1 1 1 1 2
1 9 1 1
1 1 1 1 1 1 2
2 1 1 4 1 1
1 1