# solver=cpp-1562f45ac
# cpu=AMD EPYC Processor (with IBPB)
# isolated_core=11
# strategy=basic
# n_solutions=1
# solve_time=0.00030
2
2
2
2
2
2
22
2 3
2 3
3 3
9 4
1 11
1 2 9
3 9
35
0
0
0
0
0
2
2
2
2
2
2
22
2 3
2 3
3 3
9 4
1 11
1 2 9
3 9
35
---
1 1
1 1 1
1 1 1 1
1 1 1 1 2
6 4 2 3
6 8 1 3
2 3 2 1
1 1 3 1
1 1 1 2 1
1 1 1 1 2 1
1 1 1 2 1
1 1 1 2 1
1 1 1 5
1 1 1 5
1 1 1 5
1 1 1 5
1 1 1 5
1 1 1 5
1 1 1 4
1 1 1 5
1 1 1 1 5
1 4 2 3 1
1 4 3 3 1
1 4 2 4 1
1 4 2 3 1
1 5 2 2 1
9 2 1 1
9 1 1
9 1
1 4 1
1 1 1 1
1 1
1 1
1 1
1 1