# solver=cpp-d85c7576
# cpu=AMD EPYC Processor (with IBPB)
# isolated_core=11
# strategy=contra
# n_solutions=1
# solve_time=0.00040
3 15
2 1 1
2 1 1 1 1
4 1 1
2 2 1 1 1 1
1 1 1 1
2 1 1 1 1 1 1 1 1
1 1 1 1
1 1 1 1 1
2 1 1 15
1 1 3
1 1 3
4 2 12
8 1
3 2 1 4
1 5 11 1 1
1 1 5 9 1
1 1 5 1 6 1
9 5 2 6 3
1 1 4 7 3
3 3 4 9 3
3 3 5 6 3
1 3 1 6 5 5
1 1 1 7 2 5
1 1 1 1 8 2 7
1 1 1 1 1 1 1 1
1 1 1 1 1 4 1
1 1 1 1 1 1
2 1 1 2 1 1
4 4 1 1
---
1 1
4 1 1 3 2
3 2 1 5 10
2 2 1 2 1
3 1 1 2 6
4 1 1 2
1 2 1 1 2 6
1 1 3 1 2 1
5 2 4 10
1 1 3 2
1 1
10 1 1 12
1 1 1 1 8
1 1 1 1 2 2 9
1 1 13
1 1 2 4 4
1 1 1 1 3 3
1 1 1 4 2 1 1 2
1 1 4 1 2 2 1
1 4 2 4 2
1 1 1 10 1
1 1 1 10 1
1 1 1 8 2
1 1 1 8 1
1 1 1 7 1
10 2 5 3
1 1 3
3 7
1 7
16