# solver=cpp-a0f9b8019
# cpu=AMD EPYC Processor (with IBPB)
# isolated_core=11
# strategy=contra
# n_solutions=1
# solve_time=0.00070
2 2
2 2
2 2
2 2
2 2 12
17 16
17 3 3
2 2 2 2
2 2 2 2
2 2 2 1
17 2 2
17 2 2
2 2 2 2
2 2 2 2
2 2 2 2
2 2 2
2 2 2
2
2
2
2
2
2
2
3
4
4
4
4
4
4
4
3
3
3
2
2
2
2
2
2
2
2
2
2
2
2
3
27
26
---
0
0
2 2
2 2
2 2
2 2
2 2
17
17
2 2
2 2
2 2
17
17
2 2
2 2
2 2
2 2
2 2 7
11
5 3 3
6 2 3
2 2 2
2 2 2
2 2 2
2 2 2
2 2 2
2 2 2
2 2 2
2 2 2
2 2 2
2 2 2
2 2 2
2 2 2
2 2 2
2 2 2
2 2 2
2 2 2
2 2 2
2 2 2
2 2 2
2 2 2
2 2 2
3 2 2
3 2 2
11 2
8 2
0
0
0