# solver=cpp-d85c7576
# cpu=AMD EPYC Processor (with IBPB)
# isolated_core=11
# strategy=contra
# n_solutions=1
# solve_time=0.00040
6
3
2
2 1 1
1
1 1 3
5
1 3 5
1 1 1 1
1 3 1 1 1 1 1 1
5 3 3
3 2 1
2 6 1 1
2 3 5
2 6 5
3 4 3
8 4 1
2 7 8
8 1 4
1 1 2
1 2 6
8 1 11
2 9
11 1 2
2 2 2 2 1
2 2 2 1 1 1
9 1 1 1
9 1 1 1
2 1 3 3
2 9
---
5
1 5
1 1 3
1 1 1
12 1 7
9 1 7
6 3 2 1 1 1 2
4 3 3 1 1 2
2 3 1 2 1 2
1 1 1 1 1 2 2 2
1 1 1 1 1 2 3 2
1 1 1 1 4 1 6
4 6 6
4 1 2 1
2 2 2 9
1 1 1 2 1 2
3 1 2 5
2 2 2 3 1
3 1 4 1 2 7
3 1 5 3 2
3 1 4 5 2
2 2 2 2
3 2 2
1 2 1
2 1