# solver=cpp-eb7e8a1
# cpu=AMD EPYC Processor (with IBPB)
# strategy=basic
# n_solutions=1
# solve_time=0.00040
# solver=cpp-ce7a535
# cpu=AMD EPYC Processor (with IBPB)
# strategy=basic
# n_solutions=1
# solve_time=0.00020
35
30 1 1 1
25 1 1 1
22 1 1 1 5
19 1 1 10
16 1 1 15
13 1 1 18
10 1 1 4 7
7 1 1 8 6 8
8 1 5 1 6
3 1 6 1 2 4 4 6
4 2 4 4 4 5
4 11 2 5 4 4 4
3 5 4 4 4
3 14 4
2 1 1 6 9 4
2 2 1 1 1 1 1 2 1 1 2 2 1 2 3
2 1 1 1 2 3 9 2
2 15 4 4 9 1
2 1 5 1 3 1 3 4 1
2 2 2 6 8 1 8 1
3 4 5 2 3 1 1 2 1
6 1 4 2 1 5 2 1 2 1 1 1
3 1 1 1 4 2 2 1 1 1 1 1
2 1 4 2 2 1 3 1 2 2 1
1 2 8 1 3 2 8 1
2 15 3 1 4
3 6 1 2
6 3 15
---
23 4
23 3
15 3 2
10 2 6 3 1
10 1 1 1 1 4 1
11 1 1 2 2 2 1
10 1 1 1 2 1 2 1
8 1 1 1 2 1 1
8 1 1 1 2 2 2
8 1 1 1 3 4
7 1 1 1 1 1 1 3 3
7 1 1 1 2 2 3
7 1 1 1 1 1 1 3 3
6 1 2 1 1 6 2
6 2 1 1 1 4 2
6 1 2 1 1 3 1 3
5 1 2 1 1 1 1 3 2
5 2 2 7 3 2
5 1 1 3 1 2
4 1 3 8 5
4 2 3 1 4 2 2
4 1 2 4 6 2 2 1
3 1 3 4 1 2 1 1 4
3 1 1 3 1 1 1 2
3 1 1 1 2 4 1 1
2 1 2 1 2 5 2 1
2 2 1 4 1 5 2 2
2 1 2 1 4 2 2 2 5
2 2 1 3 3 4 2 1
2 1 2 1 1 2 1 2 1
1 1 3 1 2 1 2 6 1
1 3 4 4 1 1 1
1 1 3 1 4 1 2 1 1 3 1
1 5 3 1 2 7 1
1 1 7 2 4 1 2 1
1 9 3 1 2 2 1
13 2 2 2 1
1 14 1 6 1
15 1
1 23 1