# solver=cpp-400bd85f2
# cpu=AMD EPYC Processor (with IBPB)
# isolated_core=11
# strategy=basic
# n_solutions=1
# solve_time=0.00040
1 1 1 1 12 1 2 2
1 2 1 2 2 10 2 1
2 1 1 3 8 4 9
1 3 3 6 6 10
2 1 1 1 11
1 3 2 2 1 12
3 1 1 2 1 13
3 11 14
1 9 15
37
3 1 1 2 1
5 2 2 2 1 1
7 1 1 3 5 2
9 2 10 2
11 1 13 2
13 2 4 1 2
15 1 2 1 1 1 1 8
20 1 2 2 2 1 5 1
18 1 1 1 1 1 4 2 2
16 2 1 3 1 2 1 3
14 2 1 2 1 2 7
11 1 3 1 1 4 1 1 1
10 3 2 1 1 1 1 1 1 1
8 5 1 2 1 11
6 7 3 1 1
5 9 3 1 1
2 1 2 1 11
2 1 2 1 3 1
1 2 1 3 1
1 2 1 3
---
2 1 13
3 1 14
3 1 13
2 1 1 14
3 2 1 15
1 1 16
24
1 15
1 3 1 12
4 1 11
2 1 9
2 1 7
2 1 1 6
1 1 5
1 1 1 4 1
2 1 1 3 2
3 1 1 4 3
4 3 3 2 4
4 1 3 1 9
4 1 2 4
4 3 2 3
4 1 2 1 2
4 1 1 1 1
3 2 2 2
2 5 1 4
1 1 3 2 1 3
2 3 3 2 2
3 3 3 13
10 2 6
2 3 2 2 3
1 3 2 7
3 3 2
3 3 3
1 1 3 2
1 1 3
1 22
1 3
1 3
1 4 2
5 2 1 1
6 6 3
7 2 1 1 4
7 3 1 1 4
7 8 1 1
7 2 1 1 3
7 4 4 1
7 3 3 1 1
7 2 1 5 1
7 2 1 3 1 1
7 2 3 4 1