# solver=cpp-400bd85f2
# cpu=AMD EPYC Processor (with IBPB)
# isolated_core=11
# strategy=contra
# n_solutions=1
# solve_time=0.00040
20
22
23
12 11
9 1 4 8
8 1 2 1 6
7 1 1 2 4
7 1 5
8 1 5
8 4 6
10 1 6 5
9 2 1 2 1 4
9 1 2 1 2 5
8 2 2 1 2 5
8 1 2 5
7 1 5
7 1 1 6
8 3 7
9 2 7
8 7 8
7 5 9
8 1 8
10 2 6
7 3 3 6
7 2 3 1 4
7 7 5
5 2 11
5 2 11
5 1 10
6 9
---
18
20
22
25
27
24 1
28
15 3 2 2
13 1 1
12 2
6 1 1
5 1 1 2 2
5 1 1 1 3 1
4 1 1 3 2 1
5 1 1 2 2 3
4 2 2 1 2 4
3 2 1 2 5
5 4 1 7
5 4 8
5 2 3 5
4 1 1 1 1 1 4
6 1 1 1 5 5
5 3 1 3 12
7 1 1 13
6 3 1 14
11 14 1
24
21
18
9