# solver=cpp-a0f9b8019
# cpu=AMD EPYC Processor (with IBPB)
# isolated_core=11
# strategy=contra
# n_solutions=1
# solve_time=0.00100
2 2 5 5
1 2 2 2 2 2
2 2 2 2 2
2 2 2 2 2
1 5 5
5 5 4
2 2 2 2 2 2
1 2 2 2 2 2
2 2 2 2 2
2 5 5
5 5 3
2 2 2 2 2 1
2 2 2 2 2 2
1 2 2 2 2 2
3 5 5
5 5 2
2 2 2 2 2
2 2 2 2 2 1
2 2 2 2 2 2
4 5 5
5 5 1
2 2 2 2 2
2 2 2 2 2
2 2 2 2 2 1
5 5 2 2
---
2 2 2 1 3 2 1
1 2 2 2 2 1 3 2
2 1 2 2 2 2 1 3
2 3 1 2 2 2 2 1
1 2 3 1 2 2 2
1 2 3 1 2
1 1 2 3
2 1 1 2
3 2 1 1
2 1 3 2 1
2 2 2 1 3 2 1
1 2 2 2 2 1 3 2
3 1 2 2 2 2 1 3
2 3 1 2 2 2 2 1
1 2 3 1 2 2 2
1 2 3 1 2
1 1 2 3
2 1 1 2
3 2 1 1
2 1 3 2 1
2 2 2 1 3 2 1
1 2 2 2 2 1 3 2
3 1 2 2 2 2 1 2
2 3 1 2 2 2 2 1
1 2 3 1 2 2 2