# solver=cpp-eb7e8a1
# cpu=AMD EPYC Processor (with IBPB)
# strategy=basic
# n_solutions=1
# solve_time=0.00070
# solver=cpp-ce7a535
# cpu=AMD EPYC Processor (with IBPB)
# strategy=basic
# n_solutions=1
# solve_time=0.00040
4
6
15 6 17
14 8 16
14 2 2 16
3 1 1 3
3 1 1 3
3 1 1
3 9 8
3 8 6 7
3 9 6 7
3 10 4 8
3 1 1 1 4 1 1 1 3
3 1 7 2 7 4 2
1 1 2
1 4 2 3 1 3 3
2 11 2 5 2 1 3
3 3 3 8 7 1
1 2 1 1 8 1 2 1
2 6 3 6 3 2 1
2 3 4 6 4 2 1
1 4 4 4 4 3 1
1 1 4 1 2 1 4 2
1 1 4 1 3 2 2 4
1 1 12 1
1 1 9 3 4
1 2 3 4 3 6
1 3 2 2 5 3
1 4 2 2 3 3
1 9 2 3 3
1 3 2 2 3 3
3 3 2 5 3
2 3 2 3 1 3
1 3 1 2 2 1 3
3 1 2 2 2 3
9 3 2 3 3
9 5 16
7 3 2 7
5 3 2 8
3 3 20
---
12 2 2 12 4
12 2 2 2 5
12 2 10 1 6
3 5 4 6
3 4 1 3 7
3 2 2 1 5 2 3 3
3 2 3 8 4 3
3 3 11 3 2
3 5 2 12 2
3 4 2 2 3 2
3 4 1 8 3 2 1 1
3 4 1 2 3 4 2 2
3 4 1 2 3 4 2 3
3 4 1 1 2 6 2 3
1 4 1 2 2 2 5
6 2 4 3 2 3
4 3 1 1 5 3 2 2
4 4 9 3 2 2
4 5 9 3 3 2
4 5 5 8 2
4 4 4 6 3 1
4 3 1 2 3 2 2 1
6 2 1 2 2 1 1
1 4 1 2 3 2 1 1
3 4 1 2 3 5 1 1
3 4 1 9 3 1 1 1
3 1 4 1 2 3 2 1 1
5 4 1 2 3 3 1
5 4 3 3 2 1
4 4 2 2 3 2 1
3 1 2 2 3 4
3 2 1 1 3 4
3 10 7
3 1 1 6
3 1 1 5
3 1 3 4
3 2 1 3
3 2 2 1 2
3 1 2 2 1
3 1 2 1