# solver=cpp-6b570c1b3
# cpu=AMD EPYC Processor (with IBPB)
# isolated_core=11
# strategy=basic
# n_solutions=1
# solve_time=0.00040
6 7
11 4 5
4 2 3 3 2 3
3 2 4 2 3
3 2 3 1 2 2
2 7 2 7 1
3 2 2 2 2 2 2
1 2 2 2 1 2 2 2
2 2 2 1 1 1 2 2
2 7 8 6
1 7 8 6
1 2 2 1 2 1 2 1
2 2 2 2 2 2 2 1
6 3 2 3 2 2 2
38
---
6
4 3
3 2
5 2
3 2 4
2 7
2 2 1
2 2 1
1 2 1
2 2 1
3 4 1
5 8
2 5 3
2 2 2
2 1 1
1 1 1
2 1 1
1 2 2
6 3
2 6 1
3 2 1
2 2 2 2
1 9
2 6
1 2 1
3 2 1
4 6 1
1 5 3
1 2 2
2 1 1
2 1 1
2 1 1
1 2 2
2 4 3
3 6 1
2 4 1
2 2 1
3 2 1
5 2
7