# solver=cpp-6dc88e3e
# cpu=AMD EPYC Processor (with IBPB)
# isolated_core=11
# strategy=basic
# n_solutions=1
# solve_time=0.00030
8 3 19
6 4 1 2 15 1
4 5 1 2 2 11 2
3 6 1 2 2 2 7 3
1 2 2 1 2 2 2 2 2 4
7 1 2 2 2 2 2 5
1 1 4 1 1 1 1 1 6
2 5 6
1 6 1 1 1 1 1 6
7 1 2 2 2 2 2 5
1 6 1 2 2 2 2 2 4
3 5 1 2 2 10 3
5 3 1 2 15 2
8 3 19 1
37
---
5 3 5
4 1 4
4 1 1 4
3 2 2 3
2 2 4 3
2 8 2
1 1 7 2
1 2 7 2
10 1
4 3 1
3 1 1 2 1
2 1 1 1 1
1 1 1 1 1 2
1 1 1 1 3
2 2 2 2
1 2 2 1
2 1 1 2 1
2 1 1 3
2 2 2 2
1 2 2 2
1 2 1 1 4
3 1 1 3
2 2 2 3
2 2 5
4 1 1 4
3 1 1 4
3 2 6
5 5
4 1 1 4
4 1 1 4
6 6
5 5
4 4
4 3
3 3 3
2 5 2
1 7 1
9
11
13