# solver=cpp-6dc88e3e
# cpu=AMD EPYC Processor (with IBPB)
# isolated_core=11
# strategy=basic
# n_solutions=1
# solve_time=0.00050
11 12
3 9 12
1 5 7 14
10 3 12
1 5 12
1 3 3 1 3 1
1 1 3 1 3 1
1 5 1 1 1
1 1 3 1 3 1
1 1 3 3 1
1 1 12
1 5
1 2 3 12
1 8 12
1 2 7 12
1 2 1 7 3 1 1
1 2 3 7 3 1 1
1 2 1 1 2 4 3 1 1 1 1
1 2 3 2 2 3 3 1 1
1 2 1 1 2 4 3 3 1
1 2 3 2 3 2 12
2 1 1 2 2 2 3
2 3 2 1 1 12
3 1 2 5 2 1 1 3 2
3 2 9 2 3 6 1
6 3 2 1 2 3 3 1
6 3 3 2 6 3 1
6 1 1 1 3 3 1
9 1 12
8 3 9
7 3 9 2
1 4 2 3 9 4
1 2 2 1 2 2 6 3
1 1 1 1 2 6 3
1 1 1 1 1 2 6 2 1
1 1 1 1 1 2 8 2 2
1 1 1 1 1 2 8 2 1
1 1 1 1 1 2 3
1 1 1 1 1 2 3
5 4 6 3
---
1 3 1
19 2 5 9
1 10 1
1 2 9 1
3 2 1 9 1
5 2 3 8
6 2 1 1 2 4
5 2 3 2 1 3
3 2 1 1 2 7
1 2 3 2 3 2 5
1 2 1 1 2 3 3 1
2 2 3 2 2 1 2 1
3 3 1 2 2 3 2 2
3 3 2 3 1 5
4 6 1 2 1 2 6
4 5 2 4 2 1
4 6 1 4 6 1
3 8 2 2
3 6 1 1
2 3 1 1 1 2
1 1 2 2 2
2 2 2
4 2
2
2
2
1 5 2 2
1 1 1 2 2
37
37
37
5 1 3 1 1 1 9
9 1 3 4 1 1 1 9
5 1 4 3 1 1 1 9
11 3 4 1 1 4
7 3 3 1 9 5
11 9 8 8
5 1 3 1 1 5 3 3
7 3 3 3 1 1 1 3 1 2
5 1 3 1 1 5 2 3 1