# solver=cpp-b64f6aebe
# cpu=AMD EPYC Processor (with IBPB)
# isolated_core=11
# strategy=basic
# n_solutions=1
# solve_time=0.00050
6
4 5
3 2 2
3 4 2
2 12
2 3 14
2 5 8 3
2 3 9 2
2 2 8 1
2 2 1 5 2
2 2 2 2 2
2 5 2 4
1 3 2 4
1 1 4
3 2 5
4 2 10
4 4 2 10
11 10
15 6 6
29 4
2 2 18 2 1
3 14 1 1 2 1
19 2 5 3
14 2 1
4 3 1 3 1 1
2 5 2
3 2 2 2
3 1 8
3 1 1 1
3 1 6
1 1 1 1 1
1 1 1 1
1 2 4 1 1
6 1 1
14
---
3
4 2
3 3
4 4
4 4
4 4
5 2
4 2
3 2
3 3
3 3
8
7
7
6 1
4 1
4 1
5 5 1
11 5 2
4 2 5 6
2 4 2 4 4 2
3 6 2 4 5 1
2 3 2 2 4 6 1
2 2 2 1 2 2 1 1
2 2 3 2 4 1 1
1 6 4 7 1
1 2 7 1 2 1 1
1 17 1 2 1 2 1
2 10 6 2 1 1 1
9 2 1 2 1 1 1
9 2 2 10
1 7 2 2 2 1 1
2 5 2 2 8
6 2 1 1 1 1
4 2 1 1 3
2 2 8
2 2
2 2
2 2
2 2
2 3
2 5
9
7
4