# solver=cpp-eb7e8a1
# cpu=AMD EPYC Processor (with IBPB)
# strategy=basic
# n_solutions=1
# solve_time=0.00040
# solver=cpp-ce7a535
# cpu=AMD EPYC Processor (with IBPB)
# strategy=basic
# n_solutions=1
# solve_time=0.00010
5 5 5
1 1 3 1 1 3 1 1
1 1 1 1 1 1 1 1 1 1 1 1 1
1 1 3 1 1 3 1 1
5 5 5
1 7 7 1
3 1 1 3 1 1 3
1 1 1 1 1 1 1 1 1 1 1 1
3 1 1 3 1 1 3
1 7 7 1
5 5 5
1 1 3 1 1 3 1 1
1 1 1 1 1 1 1 1 1 1 1 1 1
1 1 3 1 1 3 1 1
5 5 5
1 7 7 1
3 1 1 3 1 1 3
1 1 1 1 1 1 1 1 1 1 1 1
3 1 1 3 1 1 3
1 7 7 1
5 5 5
1 1 3 1 1 3 1 1
1 1 1 1 1 1 1 1 1 1 1 1 1
1 1 3 1 1 3 1 1
5 5 5
---
6 7 6
1 1 3 1 1 3 1 1
1 1 1 1 1 1 1 1 1 1 1 1 1
1 1 3 1 1 3 1 1
6 7 6
5 5
3 1 1 3 1 1 3
1 1 1 1 1 1 1 1 1 1 1 1
3 1 1 3 1 1 3
5 5
6 7 6
1 1 3 1 1 3 1 1
1 1 1 1 1 1 1 1 1 1 1 1 1
1 1 3 1 1 3 1 1
6 7 6
5 5
3 1 1 3 1 1 3
1 1 1 1 1 1 1 1 1 1 1 1
3 1 1 3 1 1 3
5 5
6 7 6
1 1 3 1 1 3 1 1
1 1 1 1 1 1 1 1 1 1 1 1 1
1 1 3 1 1 3 1 1
6 7 6