# solver=cpp-1e16a40
# cpu=AMD EPYC Processor (with IBPB)
# isolated_core=11
# strategy=contra
# n_solutions=1
# solve_time=0.00060
50
5 5 7
3 3 6
2 1 5 2
2 6 1
2 4 1 1
2 1 3 1 1
2 2 4 2 1
4 4 9 3
6 13 1
7 10 1
9 7 1
4 4 2 1
2 3 1
1 3 1
1 2 1
1 2 1
1 2 1
1 2 1
1 2 1
1 3 1
1 2 1 2 1 1
1 3 1 4 2 1
4 1 8 1
3 1 10 1
5 9 1
1 2 6 1
1 2 5 1
1 1 4 1
1 3 1
2 2 2 1
2 6 4 1
1 19 1
1 9 4 1
1 8 3 1
1 7 1 1
1 4 5 1
1 4 7 1
1 2 8 1
1 2 8 1
1 12 1
1 10 1
2 8 2
2 5 2
2 6 3
3 9 5
16 10
50
---
48
14 3 2 6
3 5 7 3
2 5 2 3 2
2 3 2 1 3
1 3 2 1 3
1 3 1 2 2 4
1 2 3 1 9
1 3 2 4 12
1 3 2 6 5 8
1 5 5 5 8
1 3 5 4 8
1 4 3 3 3
1 3 4 4 2
1 3 4 4 2
1 4 4 4 2
1 5 3 3 1
1 5 2 4 1
1 3 3 3 1
2 2 3 3 1
3 2 3 4 1
3 1 2 3 1
4 3 2 2 3 1
2 5 1 2 2 1
1 4 1 1 1 1
1 4 1 1
1 4 1 1
1 4 2 1
1 4 2 1
1 4 3 1
1 4 3 1
1 4 2 1
1 4 2 1
1 4 1 1
1 4 2 1
1 2 1 1
1 1 1 1
1 2 1
1 2 1
1 1 1
1 2 2
1 3 2
1 2 2
2 1 1 2
4 2
3 1 3
3 1 3
3 1 4
4 1 6
48