# solver=cpp-6dc88e3e
# cpu=AMD EPYC Processor (with IBPB)
# isolated_core=11
# strategy=basic
# n_solutions=1
# solve_time=0.00030
4 5 4 3 5
5 5 6 5 5
2 2 2 2 2 2 2 2
2 2 2 2 2 2 2
5 4 6 2 4
4 4 6 2 4
2 2 2 2 2 2
2 2 2 2 2 2 2
2 5 2 2 5 5
2 5 2 2 3 5
0
5 4 4 6 2 2
5 6 5 6 2 2
2 2 2 2 1 2 2 2
2 2 2 2 1 2 2 2
4 6 5 2 6
4 6 4 2 6
2 2 2 2 2 2 2 2
2 2 2 2 2 2 2 2
5 2 2 2 2 2 2 2
5 2 2 2 2 2 2 2
0
---
10 10
10 10
2 2 2 2 2
2 2 2 2 2
4 2 2
2
9
10 10
10 2 2
2 2 2 2 2
2 2 2 10
2 2 9
0
9 10
10 10
2 2 2 2
2 2 2 6
10 4 4
9
2
8 2
10 10
2 2 10
3 3 2
2 2 2
0
10 10
10 10
2 2 2 2
2 2 2 2
2 2 10
10