# solver=cpp-ce7a535
# cpu=AMD EPYC Processor (with IBPB)
# strategy=basic
# n_solutions=1
# solve_time=0.00020
7 17
6 6 1 1
2 4 1
3 14 1
2 5 8 1
2 3 2 2 1 1
1 1 2 5 2
1 2 4 6 2
1 3 6 7 2
2 4 4 3 2
2 3 6 2 1
2 2 7 4 1
2 5 6 1
2 6 4 2 4
9 4
8 1 3
7 2 6
3 4 1 11
1 4 2
1 5 2 9
12 9
3 6 6 2
2 12 3
6 3 3
5 1
13 1 2
13 10
---
14 5
6 5 1 5
2 1 2 4
2 3 1 5
2 2 3 3 5
2 2 8 5 2
1 3 8 3 2
3 2 6 3 2
3 1 5 1 1 2
1 4 5 2
1 2 1 4 5 2
1 2 3 1 3 5 2
1 2 6 3 4 3
1 2 5 2 5
1 2 5 1 4
5 6 2 1 1
6 4 2 2 1
6 1 4 3 1
3 2 1 6 1
2 4 2 6 2
2 4 3 6 1
1 4 1 6 1
2 7 2 3 2
1 6 2 2 3 2
1 5 2 1
1 4 9
22