# solver=cpp-6b570c1b3
# cpu=AMD EPYC Processor (with IBPB)
# isolated_core=11
# strategy=contra
# n_solutions=1
# solve_time=0.00040
1
1 1 1 2
3 4 3 4
3 7 5
16
15
16
10 2
10 2
8 3
6 2
14 5
9 1 1 1 1
7 1 1 5 1 1
4 2 1 2 2 1
4 1 1 3 2 1
4 2 1 4
4 1 1
1 1 2 3
1 3 2 1 2
1 2 2 2
1 2 1 3 2
2 1 1 1 1
3 4 4
1 1 9
2 5 4
4 9
2 2 5 2
2 2 4 3
2 2 2 3
---
6
9
10 1
1 11 1 2
3 8 2 2 2
13 1 2
13 3 2
6 2 8
1 6 4 3 2
7 1 1 2 2
7 1 1 1 2
9 1 1 1 7 1
5 1 1 2 4
6 5 3 6
5 4 1 1 6
6 2 1 1 1 4
1 4 4 1 1 7
7 9 7
4 4 1 4 4
5 3 1 1 8
3 1 1 2
2 4 1
1 2
1
1