# solver=cpp-1e16a40
# cpu=AMD EPYC Processor (with IBPB)
# strategy=basic
# n_solutions=1
# solve_time=0.00050
# solver=cpp-eb7e8a1
# cpu=AMD EPYC Processor (with IBPB)
# strategy=basic
# n_solutions=1
# solve_time=0.00040
# solver=cpp-ce7a535
# cpu=AMD EPYC Processor (with IBPB)
# strategy=basic
# n_solutions=1
# solve_time=0.00030
7 7 7 7
1 1 1 1 1 1 1
1 1 1 1 1 1
1 1 1 1 1 1
7 1 1 1 1 1
1 1 1 1 7
1 1 1 1 1
1 1 1 1 1
1 1 1 1 1 1
7 1 7 1
0
0
1 1 1 1 1 3 2 1 6
2 2 3 1 2 1 2 1 1
3 3 5 1 2 1 3 1 1
7 2 2 3 1 3 1 1
1 3 1 1 1 2 1 1 2 1 1
1 1 1 1 1 2 1 1 2 1 1 3
1 1 1 5 3 1 1 3 1 1
1 1 1 1 1 1 2 1 1 3 1 1
1 1 1 1 1 1 2 1 1 2 1 1
1 1 1 1 1 1 1 3 1 2 6
0
0
0
5 1 1 5 5 1 5 5
1 1 1 1 1 1 1 1 1 1
1 1 1 1 1 1 1 1 1
1 1 1 1 2 2 1 1 1
1 1 1 1 2 2 1 4 5
5 1 1 2 2 1 4 1
1 1 1 2 2 1 1 1
1 1 1 1 1 1 1 1
1 1 1 1 1 1 1 1 1
1 5 5 5 4 5 5
0
0
0
0
0
---
5 2 10 10
1 1 1 3 1 1
1 1 1 3 1 1
1 1 1 7 1 1
1 1 1 3 6
1 1 1 3
2 6 10 10
1
1
8 1
3 1 10
1 3 1
1 3 1 1 4
1 8 1 2 1
10 1 2 1
1 1 2 1
1 10 4 1
1 4
2 2 1 4
2 2 1 2 1
2 2 1 2 1
1 2 1
10 1 1 4 1
1 1 10
1 1 1 1 10
1 1 1
1 1 10 1
1 1 4 1
10 4
4 10
4 1 2 1
10 1 2 1
1 2 1
10 1 1
1 1 10
1 1 1 1 5 2
1 1 1 1 1 1 1
1 1 1 1 1 1 1 1
1 1 1 1 1 1 1 1
6 1 5 2 6