# solver=cpp-400bd85f2
# cpu=AMD EPYC Processor (with IBPB)
# isolated_core=11
# strategy=basic
# n_solutions=1
# solve_time=0.00040
5 1 1 2 17
2 1 1 5 2
1 2 7 3 2 1 1
1 1 3 3 2 1 1 1 1
1 2 2 3 2 1 1
1 2 1 1 1
1 2 1 1 2 1 1 1
1 1 4 3 1 1 2 1 1
1 1 2 1 1 1 2 3
1 1 1 1 1 2 1
3 1 1 1 1 2 2 2 2
2 1 4 4 2 10
1 2 2 1 3 1
1 1 1 3 1
2 1 1 1 3 1
2 1 2 1 1 1 1 3 1
3 4 2 1 1 6
1 1 2 1 1 1 1 1
2 1 1 1 1 6
2 2 9 1 1 1 4
2 1 3 5 1 1 1 1 3
1 1 4 2 1 1 1 2 2
2 5 2 1 1 3 2
2 2 1 1 3 2
2 1 1 1 3 1
2 2 1 1 4 1
1 1 2 1 5 1
4 3 6 1
25 2
26 3
---
9 4 5 1
2 2 2 3 1
1 1 5 2 2
1 1 2 2 4 2
1 4 1 2 4 2
2 2 1 2 3
1 2 1 3 2 2 3
2 1 1 2 3 2 3
1 1 2 2 2 4 5
1 2 1 2 2
3 2 2 1 2 4 2
1 1 1 1 2 1 2 2 1 2
2 1 3 2 4 2
1 2 1 1 3 5
1 5 2 3 3
1 1 5 2 2 3
1 1 1 2 1 7 2
1 1 3 1 2
1 7 12 2
1 2 2
3 1 7 12 2
2 1 7 2
2 4 3
5 2 3 4
2 2 5 10
1 1 2 1 2 1 9
1 1 2 1 1 2 7
1 1 2 1 1 3 3 1
2 2 1 6 2
6 20