# solver=cpp-ce7a535
# cpu=AMD EPYC Processor (with IBPB)
# strategy=basic
# n_solutions=1
# solve_time=0.00020
5 3 3 5
2 4 2 2 3
5 1 2 1 2 2
1 2 2 1 2 2 2
4 4 2 2 1 1
4 6 2 3 1
2 6 3 3 1
1 6 4 4
2 6 3 3 1
2 5 2 2 1 1
1 1 3 3 2 1 1
1 2 2 1 1 1 1
1 2 2 1 2 2 1
1 3 2 1 2 2 1
1 4 2 4 2
1 14 3
1 3 7 2 3
1 2 6 2 3
2 2 4 2 3
2 1 2 3 3
2 2 3 2
2 2 3 3
2 8 3
1 1 6 3 1
2 1 5 3 2
---
7 12 2
3 6 4 1
1 4 6 3
6 12 2
3 4 8 1
1 7 2 3
2 9 3 4
1 17 3
1 5 8 3
2 2 1 5 3
3 2 7 4 3
2 2 5 3 3
1 2 4 5 3
4 6 3 1
5 2 7 2
4 5 7 3
1 5 2 3
2 8 8
5 1 8 1
3 2 12 2