# solver=cpp-1e16a40
# cpu=AMD EPYC Processor (with IBPB)
# isolated_core=11
# strategy=basic
# n_solutions=1
# solve_time=0.00040
13
14
15
4 2 5
4 1 4
4 4 3
4 4 2
3 5 2
3 5 1
2 5 1
3 2 2 2 1
7 4 2
9 2 2
4 2 2 2
3 2 3 3
2 2 3 3
1 4 1 3
1 4 1 1 3
1 5 4 2
2 5 4 2
6 5 1
3 5 5
2 1 4 2
2 4 2
4 2
1 5 2
1 4 3
2 4 3
3 2 3
4 1 3
5 2 4
7 1 6 1
9 3 3
12 3
16 5
---
8 1 10
5 3 8
4 2 7
4 2 6
3 3 5
3 4 4
2 5 4
2 4 3
2 4 3
4 2
1 2
2
3 1
6 1
9 1
5 3 1
5 3 2 2
4 2 2 3 4
3 2 1 1 4 1
3 2 2 2 3 1
3 4 1 6 4 2
3 5 1 4 4 3
4 5 5 3 3
9 3 3 3
3 3 2 3
4 1 2 3 1
5 2 3 1
6 4 1 3 3
8 9 6 3
25 4