# solver=cpp-6b570c1b3
# cpu=AMD EPYC Processor (with IBPB)
# isolated_core=11
# strategy=basic
# n_solutions=1
# solve_time=0.00030
0
0
0
0
1 7 19
1 1 2 2 1 2 2 2 1
1 15 8 1
1 1 1 1 2 1 2 1 2 1
1 6 7 4 4
19 7 1
1 2 1 1 2 1 1 1 1 1 1
1 7 16 1
1 1 2 1 2 1 1 1 2 1
3 4 7 7 1
4 10 1 12
2 2 1 2 1 1 2 2 1
13 1 1 6 4
1 2 2 2 1 1 1 1 1 1
3 10 1 6 1 1
12 1 10 4
1 1 2 1 1 1 2 2 1 1 1
3 7 1 1 13
1 1 1 1 1 1 2 2 1 2
1 7 1 9 4
0
---
0
6 6
6 2 1 2 1
8 6
1 6 3 1
1 1 2 1 1 1
3 2 13
1 1 14 1
1 1 2 1 2 1 2 1 1
11 4 3
3 1 6 1 1
1 1 1 1 2 1 1
20
3 11
1 1 2 1 2 6
1 4 8
8 1 5
1 1 2 1 7 1
1 4 3 5
1 3 1 1 6
1 1 1 1 2 1 1
20
6 1 4 6
1 1 2 1 2 1 2 1 1
11 4 3
3 1 4 3
1 1 1 1 2 1
8 11
5 3 1 3
1 7 1 1 1 1
5 8 1
0
0
0
0
0
0
0
0
0