# solver=cpp-1e16a40
# cpu=AMD EPYC Processor (with IBPB)
# strategy=basic
# n_solutions=1
# solve_time=0.00060
# solver=cpp-eb7e8a1
# cpu=AMD EPYC Processor (with IBPB)
# strategy=basic
# n_solutions=1
# solve_time=0.00040
# solver=cpp-ce7a535
# cpu=AMD EPYC Processor (with IBPB)
# strategy=basic
# n_solutions=1
# solve_time=0.00030
12 4 10 2
2 3 4 4 9 4
1 2 1 2 4 2 7 2
2 3 7 2 6 3 2
16 2 5 1 3
1 8 6 2 4 2 5
3 3 5 2 2 5
2 2 2 5 3 13
3 3 6 1 5
1 5 2 4 4
2 1 1 3 4 2
5 3 9 1
1 1 15
1 2 2 1 2 3 2
1 4 2 2 4 4
4 2 3 2 2 2 6
5 1 1 4 1 3 7 1
6 1 1 2 1 11 1
2 4 1 1 1 12 2
2 1 3 4 1 4 5 3
1 1 2 4 1 1 5 4
1 2 2 7 5
2 1 3 4 8 6
2 3 2 3 16
2 5 6 18
2 5 4 9 4
1 7 3 8 3 3
1 1 6 2 5 1 5 1
2 3 4 2 5 1 3 1
1 4 3 2 5 3 3
1 3 2 2 6 9 1
2 2 1 2 7 7 2
2 4 4 2 6 9 1
3 3 3 4 3
4 3 2 7 4 5 2
---
6 5 6 6 6
2 2 2 2 5 4 4
1 1 6 1 5 1 2 2
1 1 3 2 3 3 2 2 4 1
2 3 4 1 3 5 4
6 1 1 2 4 4 3 3
2 3 1 7 4 6 3
1 1 2 1 2 6 2 5 3
1 1 3 2 2 1 3
2 7 1 7 2 3 3
5 2 1 4 2 2 4 3
6 1 3 2 3 1 4 2
8 4 1 2 2 5 1
7 7 4 2
1 7 2 7 13
2 10 13
2 8 6 2 2
4 7 5 9 1
7 5 3 9 1
5 9 13
3 1 1 4 14
6 3 3 15
11 10 3 1
10 11 1 1 1
6 3 13 2 1
5 2 12 4
4 2 7 3 1 4 1
2 1 1 6 2 3 3 1
2 3 1 4 2 3 3 1
1 1 1 2 3 3 3 1
2 3 4 1 4 1
2 3 6 4
1 4 9 2 1
2 5 9 1 1 1
2 5 11 3 1