# solver=cpp-d85c7576
# cpu=AMD EPYC Processor (with IBPB)
# isolated_core=11
# strategy=contra
# n_solutions=1
# solve_time=0.00540
2 2
1 8
2 3 4
2 2 2
2 2 2
3 2 2
5 3 1
2 10 1 2
2 8 1 1 1
2 3 1 2 1
1 2 2 3 2
2 6 2 2
1 4 2 2
1 3 2
1 4 3
1 6 3
2 1 10 4
1 5 10 6
1 6 13 5 2
2 2 7 6 1
1 3 8 3 2 2
2 11 10 5
1 7 6 4 1
1 6 3 6 7
1 5 5 9 2 3
2 4 6 7 2
1 3 2 5 5 1
1 4 2 4 5 2
8 9 3 2
4 1 2 4 1 2 2
1 5 4 3 2 2
10 3 4 1 2
1 3 1 1 3 4 2 3
3 2 2 3 4 1 3
7 1 3 5 1 2
3 2 3 4 1 3
1 3 4 1 2
2 3 4 7
2 3 4 7
2 3 4 6
---
6
3 4
2 3
2 9
2 1 7
5 2 1 3
8 2 2 5
1 4 1 1 2 2
4 2 2 2 1
3 9 5 2
4 12 5
2 2 1 8 2
2 2 1 6 3
2 2 1 4 7
2 2 4 3 3
1 2 2 3 2 1 3
7 2 2 2 1 2
10 3 4 1 2
2 4 8 1
1 1 4 11
1 5 12
1 5 12
1 3 5 6
2 2 6 5 2 4
1 9 7 6 2
1 8 7 6
2 6 9 7
2 4 10 8
2 3 11 6
3 2 1 2 3 4
4 2 1 1 3 2
2 1 1 1 1
2 2 2 3
3 4 2 3
8 12 3
6 5 9 3
4 1 1 8
2 1 2 5
2 2 2 3
7