# solver=cpp-ce7a535
# cpu=AMD EPYC Processor (with IBPB)
# strategy=basic
# n_solutions=1
# solve_time=0.00040
1 3 1
1 5 1
1 5 1
1 3 1
1 3 2 1 2
1 5 2 3 2
1 5 2 1 2 3 1
1 3 2 2 5 1
2 1 1 1 5 1
2 3 2 2 2 3 1
2 1 1 1 5 1 2
2 2 1 5 2 3 2
1 1 1 5 1 1 1 2
2 2 1 5 1 2 2
5 1 2 2 1 1 1
5 1 2 2 1 2 2
5 2 2 1 5
5 2 2 1 5
2 2 3 3 5
2 2 9 5
2 2 1 1 2 2
2 2 1 1 2 2
3 3 1 1 1 2 2
9 1 2 1 2 2
1 1 1 1 1 3 3
1 1 1 1 1 9
1 3 1 1 1 1 1 1
1 1 1 1 1 1 1 3 1
1 1 1 1 1 1 1 1 1
1 1 1 1 3 1 1 1 1
1 3 1 1 1 1 1 1
1 1 1 1 1 3 1
2 3 3 2
33
---
1
5 2
2 11
2 2 1
2 14 1
4 1 1 11 1 2 1
7 4 1 1 1 1 1
4 1 1 11 2 1 1
2 14 1
1 2 1
7 11
5 2
2 15
2 2 1
2 14 1
4 1 1 11 1 1 1
7 4 1 8 1
4 1 1 11 1 1
2 14 1
2 2 1
2 15
5 2
7 9
1 2 1
2 14 1
4 1 1 11 1 1 1
7 4 1 1 1 1 1
4 1 1 11 2 2 1
2 14 1
2 2 1
2 9
5 2
1