# solver=cpp-a0f9b8019
# cpu=AMD EPYC Processor (with IBPB)
# isolated_core=11
# strategy=basic
# n_solutions=1
# solve_time=0.00050
1 1 4 2 2
1 1 2 1 2
5 1 3 1 1
5 1 3 2 1
6 1 3 3 1
2 6 2 2 4 2
7 2 1 6
6 2 4
9 1 4 1 2
2 7 2 6
2 5 3 5
2 2 5 5
1 3 2 3 4
1 1 3 3 4
2 1 3 2 3
3 1 3 2 2
3 2 2 2 1 2
3 2 2 2 3 1
4 2 5 4 1
2 2 3 5 1
4 2 3 3 7
2 2 4 13
2 3 2 10
8 10
2 4 11
5 5 11
3 3 5 11
2 5 11
3 5 10
5 6 6
---
1 1 3 1 1
4 2 3 2 1
3 2 3 1 2
4 2 6 1
7 1 9
5 2 5 1 5 1
8 2 1 5
6 2 1 4
11 3 6 2
5 2 7 1
6 4 5
2 3 1 2 2 4
1 1 2 4 4
2 2 1 3 4
3 2 2 2 5
1 1 1 2 1 4
2 2 2 2 3
1 3 2 3 2
2 3 2 2 2 1
4 4 3 4 1
3 2 2 2 8
4 1 2 2 3 8
1 2 3 1 12
1 5 11
1 3 11
8 11
7 4 11
2 2 4 10
1 2 5 10
1 7 7