# solver=cpp-d85c7576
# cpu=AMD EPYC Processor (with IBPB)
# isolated_core=11
# strategy=basic
# n_solutions=1
# solve_time=0.00040
4 4
6 7 6
19
19
23
25
25
7 5 7
6 6
5 1 1 5
4 3 3 4
4 3 3 4
4 3 3 4
6 3 1 3 6
2 3 1 1 3 2
5 1 1 5
4 4 3 4 4
4 4
3 15
4 9
3 11
2 13
1 3 15
1 21
3 8 3 3 3
1 3 3 3 3 3
3 3 3 3
3 3 3 3
3 3 3 3
2 3 3 3 3 2
3 3 3 3 3 3
3 4 3 3 4 3
2 4 3 1 3 4 2
3 2 3 3 3 2 3
3 3 5 3 3
---
1 1 2 1
1 1 2 4
1 1 3 1
1 1 4
7 1 4 3
11 3 5
13 3 2 2
2 13 3 2 1 1
10 3 3 1 3
9 2 3 4
8 2 11
6 4 2 11 1
6 6 1 10 2
5 4 6 4
6 16
7 15 1
7 2 13 2
7 1 1 6 3
7 2 13 2
7 15 1
6 16
5 4 6 4
6 6 1 10 2
6 4 2 11 1
8 2 10
9 2 4
10 3 1 3
2 13 2 1 1
13 2 2
11 5
7 1 3
1 1
1 1
1 1
1 1