# solver=cpp-1e16a40
# cpu=AMD EPYC Processor (with IBPB)
# isolated_core=11
# strategy=basic
# n_solutions=1
# solve_time=0.00040
17
1
4 3 13
5 2 6 3 1
1 1 4 1 5 1
1 2 1 1 1 1 7 1
1 1 3 1 9 1
1 1 1 2 1 1 1 9 1
1 1 1 2 1 9 3
1 1 1 1 1 2 8 2
1 1 2 5 1 1 7 1
1 3 1 1 1 6 1
1 2 2 1 9 3
1 3 2 1 9 3
1 1 1 1 5 1 8 3
1 1 1 1 9 3
1 1 1 1 8 2
1 1 1 1 1 6 1
1 7 1 7 5
5 1 1 1 1 1 5 3 1
7 1 1 5 3 1
1 1 1 1 4 2 1
1 1 1 1 3 1 1
1 1 1 13
1 1 1 1 1 1 1 1 1 1 1 1 1
11 1 1 1 1 1 1 1 1
1 1 1 1 1 1 1 1 1 1 1 1 1 1
1 1 1 1 1 1 1 13
1 1 1 1 1 1 1 1 1
1 1 1 1 1 1 1 1 1
1 1 1 1 1 1 1 1 9 1
1 3 3 1 1 1 1 1 1
1 9 1 1 1 1 1
1 9 1 1 1 1 1
11 1 1 1 1 1
12 1 1 1 1 1
3 1 2 1 1 1 1 1
2 11 1 1 9 1
2 1 2 1 1 1 1
2 1 2 1 1 1 1
---
1 1 1 1 1
1 1 1 1 2
1 1 1 1 2
1 1 2
17 2
16
1 2 1
3 26 1
3 7 1 1 1 5 1
2 1 2 1 1 11 1 1
1 1 2 1 3 2 4 3
1 1 2 1 1 1 11 2
1 1 2 2 1 1 1 7
1 24 1
2 1 1 6
1 1 16
2 2 1
3 1 1
7 32
1 3 2
1 1
1 38
1 1 11 1 1
1 1 15 5 8
1 1 17 1 1 1 1
1 1 24 1 1
1 22 1 1 1
1 9 5 10 1 1
1 8 5 1 1 1 1
1 1 5 2 1 10 1 1
1 1 3 4 1 1 1 1
1 1 3 4 3 5 8
1 1 2 5 1 1 1
1 38
1