# solver=cpp-1e16a40
# cpu=AMD EPYC Processor (with IBPB)
# isolated_core=11
# strategy=contra
# n_solutions=1
# solve_time=0.00050
10 7
4 2 2 2
3 1 3 3 1 2
3 1 1 1 1 1 1 2
2 1 1 1 1 1
1 2 2 2 1 1
1 1 1 1 2 1 1
1 3 1 2 1 1
1 2 3 1 2
1 2 2 1 1
1 2 3 1 1
2 2 1 1 1
2 1 1 1 1
1 1 1 1 1
1 1 1 1 1
2 1 1 2 1
1 1 1 1 1
2 1 1 3 2
3 1 3 5 1 1
2 5 2 1 1
1 2 2 6
1 2 3 1 3 3
1 1 2 3 3
2 2 4 1 7
5 2 1 1 5
2 9 1 3 1 5
2 16 7
5 10 3 1 2 1
1 3 3 6 3 3
1 7 8 1 1
---
9
3 2
3 4
3 3 5
2 1 2 4
2 2 2 2 3
1 19
1 6
1 3 1
1 13 5
6 3 7
2 3 1 6
1 2 2 1 3
1 5 2 5
4 2 1 5
1 1 1 4
4 2 1 1 5
1 5 1 1 4
2 1 1 1 5
1 2 1 1 1 2 1
2 2 12
7 2 3
1 1 3
1 2 6
1 3 4 3
2 10 10 2
2 1 6
2 10 8
6 10
8