# solver=cpp-86fd3e96b
# cpu=AMD EPYC Processor (with IBPB)
# isolated_core=11
# strategy=contra
# n_solutions=1
# solve_time=0.00040
25
25
5 14
4 4 10
3 2 5 9
5 2 5 1
6 4 2 1
9 10 2
6 4
6 4 4 3
6 4 4 3
5 1 1 2
5 3 3 2
4 3 3 2
3 3 3 1
1 2 1 2 1
1 2 1
1 2 2
1 2 2
2 2 2
2 2
2 2 2 2
3 11 3
4 9 3
6 5
---
15 5
15 6
20 3
4 9 2
3 8 1
2 1 5 1
2 2 1 1
2 1 1 2 2
2 1 2 2 3 2
2 2 1 2 4 2
2 1 1 2 3 2 2
3 1 2 1 1 4 2
3 1 1 2 1 2
3 2 1 2
3 1 1 3 2
4 2 1 4 2
5 2 2 3 2
5 1 2 1 2
6 1 2 1
6 1 2
6 1 1
6 1 3 1
6 3 1 2 3
5 7 7
14 6