# solver=cpp-86fd3e96b
# cpu=AMD EPYC Processor (with IBPB)
# isolated_core=11
# strategy=basic
# n_solutions=1
# solve_time=0.00040
15
18
20
22
22
23
23
23
2 21
1 22
1 21
1 20
26
2 22
4 21
1 3 19
4 19
2 18
2 17
1 16
2 16
2 16
1 16
2 15
3 15
3 16
1 17
1 19
1 4 16
2 4 16
11 15
6 15
4 5 4
2 3 3
1 1 2
2 2 2
1 1 1
2 1 1
1 1 1
2 1
---
3
2 2
1 2 3 1
4 9 7
7 3 1 2 2
7 1 3 1 1
10 1 1 1
11 2 1 1
14 1
15 2
15 3
16 4
17 7
18 4 3
18 4 3
19 2 1
20 2
22 2
23 2
30
32
32
33 5
34
31
28
25
23
20
18
16
15
14
14
14