# solver=cpp-86fd3e96b
# cpu=AMD EPYC Processor (with IBPB)
# isolated_core=11
# strategy=contra
# n_solutions=1
# solve_time=0.00160
6
2 2 2 2
1 2 1 5 5
1 4 8 8 1
1 4 8 8 1
1 2 3 2 2 4 1
2 3 1 2 3 1
2 2 1 18
4 9 1 4 2 1
2 1 2 3 2 2 1
1 5 1 2 1
2 2 2 5
1 2 1
2 2 2
5 1
2 1
9
11
15
2 7 3 2
2 5 2 2 1
1 3 2 2 1
1 1 4 1 1
1 1 1 2 1
1 1 1 2 1
2 1 1 3 1
3 7 1 1 1 1
5 6 2 1 1 1
1 4 6 2 1 1
1 2 1 2 1 1
---
0
0
6 6
2 2 2 2
1 2 2 2 1
1 4 4 1 2
1 4 2 3 1 1
1 2 2 2 2 1
2 2 5 3
1 3 6 2
8 1 5 1
3 1 1 2 6 3
2 1 1 2 14
3 5 6 4
3 4 5 3
4 1 1 4 2
5 2 6 2
2 5 3 2 1
5 2 2
1 1 1
1 2 1
4 2 2
1 3 2 7
4 1 2 1
4 2 1 1
4 3 1 2 1
3 3 1 2 2
3 2 1 2 4
3 1 1 1 3
7 8
5
3
1
1
6 10