# solver=cpp-400bd85f2
# cpu=AMD EPYC Processor (with IBPB)
# isolated_core=11
# strategy=basic
# n_solutions=1
# solve_time=0.00030
3 3
3 3
11
15
5 7
3 2 1 3 2
3 2 1 1 2 2 3
3 1 1 1 1 2 3
4 2 2 4 2
1 7 8 2
8 8 2
3 5 6 2
3 4 2 5 3
4 3 4 5 3
4 2 1 1 1 3 3
5 5 3 4
7 2 4
6 5 2 4
5 6 1 4
5 1 1 3
4 3
4 2 1 1 3
3 1 1 1 1 2
1 2 1 2 1 1
2 1 1 2 1 3
4 1 2 1 2 1 4
4 1 1 1 1 1 4
4 1 1 1 2 1 3
3 2 1 1 1 1 1 3
3 2 1 2 1 1 2 1 3
---
3
4 5
7 2 5
14 4
3 17 1
6 7 2
11 5 2
1 3 7 4 2 1
2 2 1 5 1 2
5 2 4 3 2
5 4 2 2 1 2 1
2 5 1 1 2 3
2 4 2 2 3
2 2 1 2 3
2 5 3 2 2 2
2 1 4 3 3
3 2 5 1 3
3 1 7 6 1
5 10
19 3
2 11 1 2
1 2 3 8 3
4 11 6
17 6
13 5