# solver=cpp-400bd85f2
# cpu=AMD EPYC Processor (with IBPB)
# isolated_core=11
# strategy=basic
# n_solutions=1
# solve_time=0.00030
4 3 4
3 2 4 3
3 2 5 3
2 9 2
1 3 9 3
2 4 7 4
2 8 1 8
2 5 2 8 1
2 2 3 10 2
2 2 3 10 2
2 5 3 10 1
1 2 3 3 8 2
3 6 3 12
2 4 3 8 2
1 7 3 12
3 3 3 8 1
8 3 12
2 3 3 8 1
9 3 13
6 3 9
5 3 11 3
7 12 3
2 20
4 4 20
7 16
2 3 11 7
3 5 4 4 4 1
2 4 3 3 5
2 3 3 3
3 3 3 2
---
2 1 2 2 1 1 1 1 1
2 2 1 1 2 1 1 1 1
2 2 2 2 1 1 1 2 2
1 1 2 1 1 1 4 1
1 1 1 1 1 1 1 1 1
2 2 1 1 2 1 2 2
1 2 2 1 1 1 2 6
6 1 8 7
8 19
2 18 1 4
1 8 5 3
1 4 5 1
3 2 5
6 18
1 25
1 3 21
7 2 6
6 21
27
27
3 21 1
1 20 3
1 19 4
2 24
8 10 7
6 1 1 1 1 3 6
1 2 1 1 1 1 1 1 3 1
1 1 1 1 1 2 1 1 1
2 4 1 1 1 1 1 2
2 2 1 1 2 1 1 2 1