# solver=cpp-a0f9b8019
# cpu=AMD EPYC Processor (with IBPB)
# isolated_core=11
# strategy=contra
# n_solutions=1
# solve_time=0.00230
4 10
1 2 2 2 3
2 2 2 2 5
5 2 2 3 3 2
7 3 2 4 3 1
4 2 3 2 7 4
3 3 5 7 6
3 2 3 7 7
3 1 7 2 3
3 3 4 2 1 2
3 1 6 4 2
4 6 6 3 2
6 6 9 5 2
11 1 11 2 2
9 4 6 2 2 3
8 1 2 6 3 1 8
5 4 6 1 2 1 7
2 6 5 4 2 6
1 4 12 1
2 1 4 3
1 3 3 1 3 4
2 14 3 5
2 14 8
2 1 10 8
3 7 1 6
2 3 3 6
2 1 2 6
16 1 2
1 11 1
1 2
2 2
2 2
2 2 2
3 7
11
---
9
11
13
5 5
1 2 4 3
1 2 1 4 2 2
1 3 1 5 2
2 3 1 5 2
2 3 4 1
3 2 5 4 3
3 9 2 3 2
4 4 2 4 2 2
3 3 10 2 2
2 3 1 3 5 2 1
2 3 4 5 2 2
3 6 8 1
2 5 2 1
2 4 2 1
2 4 2 1
1 5 2 1
1 2 4 2 1
1 4 3 2 1
1 6 2 2 1
1 10 1 1
1 9 1 2
1 10 2 1
1 4 3 2 2
1 1 3 4 2 1 3
1 2 3 1 2 1 3 2 1
2 4 3 4 3 2 1
9 2 3 8 2
8 2 1 5 1
7 2 2 5
5 5 7
3 1 8
3 2 7
3 6 4
3 10 3
3 2 1 1 3 1
2 2 2 4
2 3 3
2 3 3
6 4
12
10