# solver=cpp-1e16a40
# cpu=AMD EPYC Processor (with IBPB)
# isolated_core=11
# strategy=basic
# n_solutions=1
# solve_time=0.00030
0
16
1 1 2
28
1 1
1 14 1
1 3 3 1
1 5 5 1
1 7 7 1
1 9 6 9 1
1 9 1 1 9 1
1 9 1 1 9 1
1 9 1 1 9 1
1 9 6 9 1
1 7 7 1
1 5 1 1 1 1 5 1
1 3 3 1
1 1
1 1
30
---
16
1 1
1 5 1
1 7 1
1 9 1
1 11 1
2 11 1
1 1 11 1
1 1 1 9 1
1 1 1 7 1
1 1 1 5 1
1 1 1 1
1 1 1 5 1 1
1 1 1 1 1 1
1 1 1 1 1 1 1
1 1 1 1 1 1
1 1 1 1 1 1 1
1 1 1 5 1
1 1 1 1 1
1 1 1 5 1
1 1 1 7 1
1 1 1 9 1
1 1 11 1
2 11 1
1 11 1
1 9 1
2 7 1
2 5 1
1 1
16