# solver=cpp-6dc88e3e
# cpu=AMD EPYC Processor (with IBPB)
# isolated_core=11
# strategy=basic
# n_solutions=1
# solve_time=0.00040
3 13
2 3 12
1 1 1 7
1 1 3 8 3
1 1 1 5
1 3 4 4 2
1 1 1 1 3 6
1 3 3 8
2 1 2 6 2
3 3 2 2 1
9 2 1 1
2 3 3
2 5 5 1
1 3 7 1
2 2 8 2
2 1
1 1 1 10
2 2 3 3
3 4 1 1 1
2 2 1 1 1 1 1
1 1 1
2 1 1 1 1 1 1 1 1
2 3 1 1 1 1 1 1
1
2 2 13
1 2 3 5
1 4 1 4
3 10
3 11
4 12
---
1 1 2 8 4
3 6 3 2 2 3
2 4 4 2 1 1 3
1 2 2 1 1 1 1
7 1 1 2 2 3
1 1 1 2 1 2 1 3 1 1 1
7 1 4 2 1 2
1 2 3 2 1 1 3
11 1 2 1 2 1
11 2 1 1 2
8 3 1 1 4
6 7 1 2 2 2 3
5 9 1 2 3
4 4 4 1 2 2 2 3
4 5 3 1 2 3
2 1 6 2 2 1 2 2 3
2 4 1 1 2 1 4
2 1 2 2 2 1 2 1 4
2 1 1 2 1 1 1 1 4
2 1 1 4 2 1 2 2 1 4