# solver=cpp-b64f6aebe
# cpu=AMD EPYC Processor (with IBPB)
# isolated_core=11
# strategy=basic
# n_solutions=1
# solve_time=0.00030
0
1 2 1
3 4
1 1 9 1 3
2 1 1 2 3 1
1 2 1 1 2 1
1 1 3 3 3 6
1 1 1 1 1 1 1 1 1 2
1 1 3 3 1 1
1 9 8
1 1 2
1 2 2
1 1 3 3 3 3 3 1
1 1 1 1 1 1 9 1 1 1 1 1 1 1
1 1 3 3 1 1 1 3 3 3 1
1 1 1 1 1 1
1 1 2 1 1 3 1 3 1
1 1 4 3 1 1 1 3 5 1
1 1 8 1 1 1 11 1
40
---
1
1
1
19
1 1 1
1 1 9
3 3 1
1 3 3
1 1 1 4
1 3 4
1 3
1 3 2
1 1 1 3
1 3 4
7 3
1 1
1 3 7
1 1 1 1 1
1 3 1 1
1 1 1 1
1 7
1 3 1 1 1
1 1 1 1 1
1 3 1 1
2 7
1 1
1 3 1
4 1 1 2
1 3 3
1 3
1 3 3
1 1 1 2
1 3 3
1 4
2 2 3 4
1 4 1 1 1 4
2 4 4 3
3 1 1 2
2 4 1 1
4 2 7