# solver=cpp-b64f6aebe
# cpu=AMD EPYC Processor (with IBPB)
# isolated_core=11
# strategy=basic
# n_solutions=1
# solve_time=0.00030
4 1 2
7 3 2
6 1 2
8 1 1 2
13 2
15 2
18 2
19 2
23
22
23
11 12
9 9
7 7
6 5
5 3 3 4
5 2 2 2 2 4
5 2
1 21
4 7 7 1 1
1 2 5 1 5 1 1
1 1 3 1 3 1 1
1 2 1 2 1
3 1 1 3
2 1 1 2
1 2 1
1 1
1 1 1 1
2 1 7 1 1
1 1
2 2
2 3 2
3 3 3 2
5 3 3 4
7 3 5
7 7
9 8
12 10
25
25
---
10 6
17 7
13 1 1 7
20 7
17 3 8
12 1 5 8
12 2 3 1 6
11 1 3 2 4
12 2 4 2 2 4
11 1 4 2 3
12 2 4 1 2 3
11 1 3 1 1 3
2 9 2 2 1 1 1 2
2 8 1 1 1 1 1 1 2
1 8 2 2 1 1 1 2 2
9 1 3 2 1 1 3
1 1 8 2 4 1 2 3
3 7 1 4 1 4
1 1 8 2 4 2 2 5
7 1 3 2 5
7 2 7 8
1 9 1 3 8
2 2 14 7
7 8 1 7
5 4 4 6