# solver=cpp-400bd85f2
# cpu=AMD EPYC Processor (with IBPB)
# isolated_core=11
# strategy=contra
# n_solutions=1
# solve_time=0.00040
5 5 10
6 20
8 21
22
11 3
9 5 4
7 2 3
3 7 2 2
2 2 7 2 1 2
2 2 5 2 2
1 1 3 3 4
2 1 1 2 3 4 3
1 1 3 2 2
1 1 3 9
2 1 2 5 1 1 1 1
1 1 1 1 7
3 9
1 1 9
3 1 4 4 3
2 6 3 3 2 2
2 1 1 2 2 2 2
1 2 1 1 2 1 2 1 1 1
2 2 2 1 1 5 1
2 12 1 2 1 3 1
3 1 2 1 2 1 3 1
1 2 14 1
1 1 2 3 1 1 3 1 1
2 1 2 3 1 1 3 7
3 2 2 11
2 2 11
---
3 3 1
4 2 2 1
5 4 2 2 2
6 3 2 2 1 4
6 2 2 4 1
5 2 1 2 1 2 2
4 1 1 2 3 1 3
4 2 1 2 1 1 1
3 2 2 1 5
4 3 2 3 6
5 4 1
5 12
4 14
3 3 5 1 5
4 5 5 1 1 2
18 2 5
18 1 2 2
18 2 5
4 5 5 1 2
3 3 5 5
4 14
4 2 2 12
4 4 1 1 1
3 2 4 8
3 2 4 2 1 1 1
3 2 1 2 1 2 2 1
3 1 2 2 1 1 2 1
3 2 4 1 2 2 1
3 4 4 2 1
3 2 4 8