# solver=cpp-400bd85f2
# cpu=AMD EPYC Processor (with IBPB)
# isolated_core=11
# strategy=contra
# n_solutions=1
# solve_time=0.00040
4 8
3 1 9 2
1 2 8 1 2
2 1 7 1 2
2 2 5 1
14 5 2
14 3 2
14 2 3 2
6 7 5 1 2
5 1 3 1 4 2
4 2 1 4 2
5 2 2 2 2
6 2 2
7 1 1 2
7 2 3 4
6 2 4 2
5 1 2 1
4 2
7 11
2 2 2 2
3 3 2 2
1 2 5 5 2
1 2 2 3 2
1 8 12
1 7 13
1 6 14
2 5 15
2 6 13
2 8 11
13 9
---
6 9
11 3 2
15 2 2
16 2 2
3 5 8 2 1
1 4 8 7
2 3 5 2 7
1 4 2 2 7
1 5 2 7
1 2 4 10
2 5 5 3
6 2 1 2 2
10 1 2
6 2 1
3 1
5 2 1 1
8 2 1 2
9 4 4
7 4 1 2 5
6 1 2 1 8
4 3 3 1 8
4 5 1 1 8
3 2 3 2 1 7
2 4 2 1 7
2 1 1 2 1 7
1 2 2 2 7
2 2 2 2 7
2 1 2 2 2 7
3 2 2 9
1 2 8