# solver=cpp-400bd85f2
# cpu=AMD EPYC Processor (with IBPB)
# isolated_core=11
# strategy=basic
# n_solutions=1
# solve_time=0.00040
2 17
1 1 2 5
1 5 17
1 2 1 2 1 2 3 1
1 1 2 1 16
1 1 1 2 1 1
1 1 1 1 1 1 2
1 1 1 2 1 1 1
1 14 1 1
1 9 1 1 1 2
1 1 1 5 6 1 1
1 2 1 10 1 2 1
1 1 1 6 1 1 1
1 1 1 2 1 1 2
1 1 1 3 2 1 1
1 2 2 1 14
4 2 1 3 1 1
2 3 4 1 1 1 1 1 1
2 2 2 1 2 1 1 1 1 1
1 1 2 2 1 1 1
1 2 2 1 1 1
1 4 2 2 1 1 1 1 1
2 2 9 1 1 1 1
1 3 1 5 1 1
2 1 2 1 1
3 1 1 14
1 1 8 1 2 3 1
1 1 2 2 5
1 1 16
1 1 3 7
---
1
16 5 4
2 3
2 2 6
1 6 1
9 4 1 2
2 2 6 1
1 2 4 1 2 1
3 2 2 1 2 1
1 3 2 1 2 1
2 1 3 2 1 1 1
3 4 1 2 2 1
7 3 2 3 4
3 6 1 2 1 3 1
1 3 1 1 1 2 1 2 2
3 1 1 3 3 4 3
17 10
1 3 10 2 2 1
1 1 1 3 1 3 1 1
1 1 1 3 1 2 1 1
1 1 1 5 1 1 2
3 1 1 1 3
5 1 5
30
5 1 5
3 1 13 3
1 1 1 3 1 1 2
1 1 1 3 1 2 2 1 1
1 1 1 4 1 1 1
1 3 1 2 1 2 2 2 1