# solver=cpp-d85c7576
# cpu=AMD EPYC Processor (with IBPB)
# isolated_core=11
# strategy=contra
# n_solutions=1
# solve_time=0.00030
2 8 1 1 1
1 4 3 1 3 2 2 3
1 4 2 1 3 2 1 2 3
1 1 1 3 2 1 2 3
2 1 1 2 1
3 3 1 1 1
5 4 12 1
7 1 7 1
1 1 1 1 4 1 1 1
1 1 1 1 1 3 4 1 1 3
2 1 1 1 1
1 2 2 5 1 2
1 1 1 1 1 1 1 2 2
1 2 2 1 1 1 2 2 2
4 2 2 1 1 4 4 2
2 1 1 1 7 1
1 3 3 4 3 1 2
1 2 1 2 1 3 1 2
1 1 1 1 2 1 1
1 1 4 1 2 1 1 2
1 2 7 4 1 2
1 5 1 1 2 1 2
1 1 4 2 1 1 2
21 1 1 4
9
16 2 5 2
3 4 2 2
2 7 3 1 6 2
2 7 3 1 8 2
3 3 4 1 1 2 1 2
---
3 1 3 10 5
1 1 6 1 5
1 2 1 4 1 2 1
3 3 3 1 2 2 1 1
9 3 1 3 1 2
3 1 2 1 2 1 1 1 2
2 1 1 2 1 1 1 1 3
1 1 1 1 3 1 1 3
2 1 1 2 2 1 1 3
3 1 2 1 1 1 1 2
9 3 1 4 1 2
2 3 2 1 2 1
7 4 2 2 1
4 4 5
3 1 2 1 1 5
4 1 2 4 1 5
3 1 1 2 1 2 1
1 1 1 1 2 1 4
3 2 1 2 1 1 1 2
3 7 1 2 7 2
3 4 4 5 2
1 3 4 2 2
2 2 2 1 4 3
1 4 8 2 3
3 2 3 4 2
8 4 2 2
1 3 3 5 2
3 2 1 2 7
4 1 4 3 1 5
3 4 5 1 4