# solver=cpp-1e16a40
# cpu=AMD EPYC Processor (with IBPB)
# isolated_core=11
# strategy=basic
# n_solutions=1
# solve_time=0.00040
4 1 1 1
6 1 1 1 1 1
3 2 1 1 1
2 1 1 1 1
3 1 1 1 1 1 1 1
3 1 1 1 1 1
3 1 1 3 1 2
3 1 1 1 1 4
3 12
2 1
2 2 9
1 2 1 10
2 7 3 2
2 2 4 2 3 3
1 1 1 4 4 2
1 1 1 1 1 4 3 2
3 1 1 3 3
3 10
2 1 3 8
1 2 2 3 1 1 1
1 7 14
2 4 2 12
1 1 1 2 2
2 1 3 1 7 1
1 1 1 1 1
---
4
2 2 3
9 3 3
9 4 2
8 4 3
3 2 5
2 1 2 1 2
2 1 3 1 2
2 1 2 1 1 1
2 2 3
6 6 2 3
2 1 1 1
2 1 2 1
9 3 2 4
1 7 6
1 2 1 8 3
1 3 2 4 2 2
1 2 1 2 2 5 1
1 2 3 2 2 1
2 3 1 2 3 2 2 1
2 1 2 2 2 2 1
2 4 2 2 1
2 11 1
3 6 3
5 3 2 2 3