# solver=cpp-1e16a40
# cpu=AMD EPYC Processor (with IBPB)
# isolated_core=11
# strategy=basic
# n_solutions=1
# solve_time=0.00040
6 7 6
6 4 3 5
5 2 2 4
4 2 2 4
4 3 1 4
3 2 1 3
3 2 2 3
3 2 2 3
3 2 2 3
3 1 2 3
4 2 2 3
1 2 3 1
3 1 1 2 1 3
1 3 2 1 2 1
1 1 1 1 1 3 1
4 4 3 3 1
2 2 2 6
2 3 2 1 3
4 1 8 4
1 3 4 3 3
4 3 1 2
2 2 2 2 3
2 2 5 2 2
2 2 9 5
3 11 2
---
11 4 3 1
11 1 1 2 3
11 2 1 1 2 2
5 1 1 2 1 1 1
3 3 1 1 1 2
2 7 2 1 2 2
3 4 1 1 1 1
4 3 1 1 1 1
2 2 1 2 2
2 2 2 1 2
2 1 2 1 3
1 1 2 3
1 2 2 4
1 1 2 4
1 1 2 3
2 2 3 1 2
1 2 2 1 1 2
2 2 3 1 1
2 4 1 1 1 1
1 8 1 2 2 2
2 4 1 1 1 1
5 2 1 1 1 2
11 2 1 2 1 2
11 1 1 2 3
11 5 2 1