# solver=cpp-1562f45ac
# cpu=AMD EPYC Processor (with IBPB)
# isolated_core=11
# strategy=contra
# n_solutions=1
# solve_time=0.00040
9 9
7 2 7
5 4 5
4 3 5 3
3 1 1 4 3
2 2 3 2 2
2 2 3 3 1
1 4 2 2 2 3
1 3 1 1 5 4
3 3 1 3
4 2 1 1 2
1 1 1 2 2
3 3 1 1 2
4 2 1 2 4
1 3 1 1 3 5
1 2 3 2 6
2 2 1 6
2 4 2 6
3 8 6
3 4 7
4 8 1
5 11 1
7 10 2
9 7 3
11 5 5
---
9 11
7 3 9
5 1 2 7
4 2 3 5
3 3 2 4
2 1 3 3 3
2 1 3 1 3 3
1 1 3 3 2
1 3 3 2 2 2
2 2 3 1
4 1 2 1
2 2 4 2 2
4 1 1 2 3
12 1 1 4
4 2 2 5
3 1 1 4 5
1 1 2 2 6
1 2 2 7
2 2 4 8
2 2 3 8
3 5 9 1
3 3 9 1
5 2 8 2
6 1 6 3
7 3 5