# solver=cpp-eb7e8a1
# cpu=AMD EPYC Processor (with IBPB)
# strategy=basic
# n_solutions=1
# solve_time=0.00040
# solver=cpp-ce7a535
# cpu=AMD EPYC Processor (with IBPB)
# strategy=basic
# n_solutions=1
# solve_time=0.00010
1 1 1 1 1 4 1 1 1 1 1
1 1 1 1 10 1 1 1 1
1 1 1 1 1 1 1 1
1 1 1 16 1 1 1
1 1 1 1 1 1
1 1 22 1 1
1 1 1 1
1 1 1 1
1 1 1 1
1 26 1
1 1
1 1
1 1
30
0
0
30
1 1
1 1
1 1
1 26 1
1 1 1 1
1 1 1 1
1 1 1 1
1 1 22 1 1
1 1 1 1 1 1
1 1 1 16 1 1 1
1 1 1 1 1 1 1 1
1 1 1 1 10 1 1 1 1
1 1 1 1 1 4 1 1 1 1 1
---
14 14
1 1
10 1 1 10
1 1 1 1
6 1 1 1 1 6
1 1 1 1 1 1
1 1 1 1 1 1
4 1 1 1 1 1 1 4
1 1 1 1 1 1 1 1
1 1 1 1 1 1 1 1
2 1 1 1 1 1 1 1 1 2
1 1 1 1 1 1 1 1 1 1
1 1 1 1 1 1 1 1 1 1
2 1 1 1 1 1 1 1 1 2
2 1 1 1 1 1 1 1 1 2
2 1 1 1 1 1 1 1 1 2
2 1 1 1 1 1 1 1 1 2
1 1 1 1 1 1 1 1 1 1
1 1 1 1 1 1 1 1 1 1
2 1 1 1 1 1 1 1 1 2
1 1 1 1 1 1 1 1
1 1 1 1 1 1 1 1
4 1 1 1 1 1 1 4
1 1 1 1 1 1
1 1 1 1 1 1
6 1 1 1 1 6
1 1 1 1
10 1 1 10
1 1
14 14