# solver=cpp-eb7e8a1
# cpu=AMD EPYC Processor (with IBPB)
# strategy=contra
# n_solutions=1
# solve_time=0.00070
# solver=cpp-ce7a535
# cpu=AMD EPYC Processor (with IBPB)
# strategy=contra
# n_solutions=1
# solve_time=0.00060
10
2 15
1 1 1 4
1 3 1 1 1 1 1 1 1 3
2 1 1 1 1 1 1 3
1 3 1 1 1 1 1 1 1 1 3
1 1 1 1 1 1 3
1 1 1 1 1 1 1 1 1 3
4 1 1 1 1 1 2 1
1 1 1 1 1 1 1 1 1 3
1 1 1 1 1 1 3
1 3 1 1 1 1 1 1 1 1 3
1 1 1 1 1 1 1 3
1 3 1 1 1 1 1 1 1 2
1 1 1 4 3
1 17 1 1 1
14 1 4
5 10
1 1 1 1 1 1
1 1 1
---
10
5 3
4 1 2 1
2 1 3
1 3 3 2
1 1 1 1 1 1
1 3 3 1
1 1
1 1 1 1 1 1 1 1 1
1 1
1 1 1 1 1 1 1 1 1
1 1
2 1 1 1 1 1 1 1
1 2
1 1 1 1 1 1 1 1
1 1
1 1 1 1 1 1 1 1
1 1
1 1 1 1 1 1 1 1
1 1
1 1 1 1 1 1 1 1
1 1
1 1 1 1 1 1 1 1
1 1
1 1 1 1 1 1 1 1
1 1
2 1 1 1 1 1 1
1 1
1 1 1 1 1 1 1
2 2
1 1 1 1 1 2 1
2 3 1
1 1 1 1 1 5
2 2 1 1
1 1 1 2
2 1 2 1
1 1 5
2 2 1 2 1
1 1 5
3 2