# solver=cpp-86fd3e96b
# cpu=AMD EPYC Processor (with IBPB)
# isolated_core=11
# strategy=basic
# n_solutions=1
# solve_time=0.00040
35
35
6 15 10
6 13 10
6 11 10
6 9 10
6 10
6 3 3 10
6 2 2 2 2 10
6 3 3 3 3 10
5 2 2 2 2 9
4 3 3 8
5 9
6 10
7 11
8 12
9 13
10 8 3
11 6 1
12 5 3
14 6 6
14 5 7
14 4 9
14 4 12
14 4 12
14 4 11
13 4 10
12 4 9
11 4 7
10 5 5
9 6 4
8 6 3
7 6 1
6 7
5 7
5 7
5 7
5 6
5 5
5 4 1
6 2
7 4
8 10
9 12
10 15
---
45
45
45
45
11 33
10 21 5
2 19 4
2 1 17 3
3 3 15 2
4 5 13 1
5 1 1 11
6 5 9
6 3 7
6 1 6
6
6
6
6 1 6
6 3 7
6 5 9
5 1 1 11 1
4 5 5 4 1
3 3 5 4 1
2 1 5 2 4 2
2 5 3 4 2
10 6 5 5 3
11 6 7 10 3
18 8 10 3
18 9 9 3
17 10 8 3
17 11 6 3
17 12 5 4
18 12 3 4
18 10 5
19 10 6