# solver=cpp-400bd85f2
# cpu=AMD EPYC Processor (with IBPB)
# isolated_core=11
# strategy=basic
# n_solutions=1
# solve_time=0.00020
16
6 4 3
6 1 3 1 3
6 1 3 1 4
6 4 6
20
1 1
1 5
1 2 2
1 1 1
1 1 1 1 1
1 2 2
1 2 1 2 2
1 1 1 1 2 1
1 4 2 1
1 2 2
1 2 2
1 3 2
1 2 2
1 2 2
1 2 2
1 2 2
1 2 2
1 1 6 1
2 2 2 3 2
3 3 3
4
4
2 1
1 1 9
1 1 11
1 1 2 2
1 1 1 3 3 1
1 1 2 3 3 2
3 15
3 15
1 1 7 1
1 6 6
1 15
1 3 3
---
29 5
6 12
6 3 2
6 2 3 9
6 4 2 2
6 1 1 2 1 6
1 1 3 1 4 2 5 3
1 2 1 1 2 1 2 2 2 2 3
2 2 2 2 1 2 4 3
6 1 1 1 2 7
8 2 1 2 7
6 1 1 1 2 3 1
1 1 2 2 2 2 3 1
1 2 1 1 2 1 2 1 2 3 1
2 2 3 2 4 2 2 7
6 2 2 2 1 2 7
5 1 2 2 2 2 4 3
4 3 3 2 2 3
3 5 3
2 6