# solver=cpp-1562f45ac
# cpu=AMD EPYC Processor (with IBPB)
# isolated_core=11
# strategy=basic
# n_solutions=1
# solve_time=0.00030
2 3 1 2
2 3 4 4 3
2 4 14 3
1 20 2
1 22 2
1 6 6 3 3
6 3 2 2
5 1 1 2
3 2 3 2 1 2
3 2 12 1 2
3 3 13 1 2
3 2 1 2 2 2 2 1 2
3 2 1 1 1 1 1 3
6 2 1 4
7 2 2 1 1 3 5
8 2 2 5 2
7 3 3 2 3 2
7 5 3 2 2 2
6 6 2 1 2 2
5 2 3 1 1 3
5 2 2 5
4 1 3 1
3 3 2 2 2 1
2 5 1 4 2 5
1 7 9 3 3
1 5 3 8 2 3
6 3 5 2 3
1 7 4 2 4
11 8 5
13 6 7
---
4 10 1 1 3
2 16 2
2 18 1 2
1 6 10 3
6 11 7
18 1 8
11 4 8
7 2 1 10
1 3 2 3 7
3 2 3 1 4
3 1 3 4 3 2
4 3 3 1 2 1
4 4 5 2 3 1
4 3 2 3 2 2
5 2 1 2 2 2
4 4 2 1 3 3
5 3 1 3 2 2
5 2 3 3 2
5 3 3 2
5 3 1 3 3 2
4 2 2 3 2
5 4 1 4 1
4 4 2 2 2 1 1
3 2 6 2 1 2 1
2 3 2 3 3 3 1
3 6 4 2 3 2
3 4 2 2 3
4 5 12
17 7
5 4 8