# solver=cpp-d85c7576
# cpu=AMD EPYC Processor (with IBPB)
# isolated_core=11
# strategy=contra
# n_solutions=1
# solve_time=0.00030
3 3 1 1 1 11
3 1 1 4 3 10
3 1 6 6 4
3 2 14 3
3 7 8 2
2 6 1
2 3 1 1
2 2 1 3
1 1 3 2 2
2 1 3 3 3
2 2 9 2
2 2 6 1
3 2 2 2
3 3 2 1 2
11 5 1
3 3 5 2
3 1 3 1 4 2
2 1 5 1 2 1
2 3 3 1
2 2 1 1
2 1 1 1
2 1 2 1
3 1 1 1
4 1 2 1 2
4 2 3 5 2
5 3 6 3
6 3 4 1 3
6 3 1 2 3
6 3 5 3
6 4 4 3
---
30
8 21
5 1 5 8
2 1 7
7 2 5
1 4 4 4
2 2 3 1
1 3 2 9
4 3 3 3 4
8 3 1 2 5
5 2 1 1 3 3
3 1 3 3 2
3 2 5 2 1
2 1 1 1
1 2 1 1 2
3 1 1 2 1 2 1
4 1 2 1 2 2
5 3 2 2 2
4 2 4 2 2
1 3 2 4 2 3
5 3 3 4
2 1 1 1 1 1
2 2 1 2
2 2
2 2 1
2 3 2
3 3 3
4 5 4
5 5 5
6 12