# solver=cpp-1e16a40
# cpu=AMD EPYC Processor (with IBPB)
# isolated_core=11
# strategy=basic
# n_solutions=1
# solve_time=0.00050
3 4 2 2 3 1 4
2 2 2 1 2 1 1 2
1 2 2 1 1 1
1 1 1 2 1 1 1 1 1
1 1 2 3 1 3
1 2 6 1
1 2 1 2 2 1 1 1 3 1
1 2 1 1 1 1 2 2 4
1 1 1 1 3 4
1 2 1 1 1 2 1
4 2 2 5 1
5 3 2 2 5 1 1
2 8 1 1 1 1 1
1 6 1 4 1 1 1
1 1 1 9 1 1
1 1 9 1 1
1 1 2 1 1 1 1 1
2 2 2 2 2 1 1
1 1 1 2 2 1
1 1 1 2 2 1 1
1 6 11 1 2
2 7 2 3 1 2
1 7 1 1 2 3 1 1
5 3 4 2 2 1 2
3 5 1 2 2 1 1
14 2 1 1 2
12 2 2 1 1
11 2 3 1 2
4 4 3 1 2 1 1
5 4 1 2 1 1
---
3 1 2 3
2 1 2 1 3
1 1 2 1 1 3
1 2 2 1 4 4
1 2 4 1 10
2 2 21
1 1 2 2 3 3 1
1 2 4 4
2 2 3 10
2 2 4 15
1 5 5 1 6
1 1 1 6 1
1 1 1 5
1 1 2 2 2
1 8 3 4
6 4 2 1 1
2 2 2 5 10
1 1 2 3 9
1 2 3 1 2
1 1 2 2 2 1
3 8 3
2 2 2 2 2 9
7 1 2 2 3 6
2 2 2 2 2 2
3 2 2 4 1
6 4
2 12 7
1 1 3 3
1 7 7 2 5
1 1 3 2 1 1