# solver=cpp-400bd85f2
# cpu=AMD EPYC Processor (with IBPB)
# isolated_core=11
# strategy=basic
# n_solutions=1
# solve_time=0.00030
1 1 1 5
5 1 6
1 10
1 1 4
5 1 1 1 1 1
1 1 1 5 1
1 1 1 3 1 2 1
1 1 1 1 1 2
1 1 1 2 1 4
1 1 1 2 3 1 2
10 2 2 2 2
4 1 1
2 1 1
2 1 2
30
1 1 1 11
1 1 1 5 4
1 1 1 3 1 3 1
27 2
1 1 1 3 1 3 1
1 1 1 3 1 3 1
1 1 1 3 1 3 1
30
3 1 1 3 1 3 1
4 6 1 2 1 2 1
11 1 3 1 3 1
7 2 1 2 1
7
8
8
---
1 1 1 2 1
2 7 1 1 3 2
1 1 1 12 3
1 1 1 1 1 1 6
1 1 1 1 1 1 6
2 7 1 1 1 5
1 1 1 1 5
1 1 1 1 5
1 1 1 1 5
11 13
1 1 1 2
1 1 1 2
1 1 1 2
1 1 1 1
1 1 1
3 12
1 2 1 1 1 1
2 3 1 8 2
1 16
1 16
1 1 5 3 1 1
1 3 2 12
3 1 2 1 1
3 1 1 2 1 1 1
3 1 2 2 7 2
5 1 1 12
4 2 17
10 3 1
2 2 13
1 5 1 1