# solver=cpp-6dc88e3e
# cpu=AMD EPYC Processor (with IBPB)
# isolated_core=11
# strategy=basic
# n_solutions=1
# solve_time=0.00040
7
4 5
3 10
2 4 10
1 5 8
3 2 3 5 2 4 3
1 1 5 1 4 2 3
2 4 1 1 4 5 2
6 1 2 4 6 3
5 1 4 7 2
4 4 6 3
3 1 4 5 3
3 3 2 5 5 2 1
1 4 2 3 5 5 2 2
2 2 8 6 2 2
3 2 8 6 1 2
8 7 6 2 1
1 4 8 4 1 3
2 3 3 3 1 3 1 4
2 1 3 4 2 2 2 6
3 1 3 4 2 2 2 1 4
2 1 3 4 1 2 1 1 5
6 3 1 2 1 1 4
4 2 2 5 3
14 4 1 5 5 4
---
4 1
5 1
2 2 1
3 2 3 1
1 2 2 3 3 1
1 2 6 1 1 1
8 4 1 1
7 1 2 1
7 1 1 1
6 1 2 1
4 2 1 1
2 3 3 2 1
2 2 1 2 1
3 1 2 3 1
2 4 2 2
2 1 4 2 2
1 2 5 6
1 3 11
2 4 11
2 5 10
1 14 1
2 13
2 14 2
2 5 6
2 1 1
2 2 8
2 2 11
3 3 6
4 11
4 10 2
4 10 6
3 13 2
2 5 2
2 2 6
3 4
2 10
3 5 6 1
5 7
8 6
4 4