# solver=cpp-1e16a40
# cpu=AMD EPYC Processor (with IBPB)
# isolated_core=11
# strategy=basic
# n_solutions=1
# solve_time=0.00040
0
2 5 1 1 1 2
2 9 2 3 2 1
1 14 1 2
8 7 1 2
7 3 2 2
5 3 2 6
2 3 2 6 1
1 5 3 11
3 7 5 10
13 5 9
15 6 1 4
4 11 6 1 2
5 11 8 3
4 9 9
4 7 11
2 9 10
1 7 6 2 3
7 2 3
3 2 2 2
2 2 2 2 2
2 2 4 2
2 2 2 3
5 2 2 2 6
6 2 2 7 7
---
2 3 2
2 3 7 2
2 3 7 2
1 3 7 2
4 6 2
4 3 2 1
4 4 5
5 6 8
4 11 3
4 13 1
3 14
3 11 2
3 10 2
3 8 2
6 8 1
7 4 2
7 2 1 1
2 1 1 1 1
2 2 4 1
2 3 5 2 1
1 2 8 3 1
1 10 2 1
2 1 7 3 1
1 3 10
1 4 8 2
5 5 2
7 5 2
7 1 4 2 1
5 1 4 2
2 1 3 1 2 2
2 5 1 2
1 1 5 2
2 4 2
2 2 2