# solver=cpp-b64f6aebe
# cpu=AMD EPYC Processor (with IBPB)
# isolated_core=11
# strategy=contra
# n_solutions=1
# solve_time=0.00040
0
3
5
2 1
5 1
4 2 2
2 4 6
9 3 4
12 2 5
3 13 6 3
10 4 4 4
13 1 3 4
4 2 2 1 2 3 5
9 1 4 4 2 2
2 2 1 3 4 3
2 1 2 2 2 2 3 1
2 2 3 5 2
3 10 3 3 3
3 8 4 1 1 4
10 4 4
6 2 2 2 2
3 2 5 5
4 4 1 1 3 3 3
13 7 1 1 5 1 1 2
40
---
1 1
1 3
3 3 3
5 6 3
2 11 2
2 2 2 6 3
2 7 3 3
2 6 1 3 4
11 3 4
10 4 2
6 1 1 2 3
7 5 2
3 2 8
4 6 2
4 5 1 1
2 1 3 1 1
2 2 3 3
1 5 2
2 1 3 2
2 6 2
2 1 3 2
2 2 2 2
2 6 1 2
8 5 1
6 8
4 3 2 1
2 1 6
5 2 1
7 2
3 2 2
5 2
2 2
1 2
1 1 5 1
5 1 8
7 3 2 1
4 1 6
5 2 1
2 1 2
1 2