# solver=cpp-eb7e8a1
# cpu=AMD EPYC Processor (with IBPB)
# strategy=basic
# n_solutions=1
# solve_time=0.00080
# solver=cpp-ce7a535
# cpu=AMD EPYC Processor (with IBPB)
# strategy=basic
# n_solutions=1
# solve_time=0.00020
5 6 5
8 8 8
5 22
21 8
26 3
15 16
32
5 26
32
11 11 7
32
31
18 13
8 4 3 3 4 2
8 7
3 3 6
7 6
6 5
6 6 6 4
5 2 3 1 1 3 2 5
3 4 5 5 4 2
3 3 1 1 3 2
3 2 1 1 2 2
2 1 1 1 2 2
4 2 2 1 3
4 3 4 3
4 2 1 1 2 3
3 2 3 3 3 3
2 2 2 2
2 2 1 2
2 8 7 2
1 2 7 2 2
1 3 3 1
2 4 3 2
2 6 2
5 4
8 6
7 2 7 3 4
7 3 2 4
8 15 5
---
6 7 3 2 3
23 3
25 4
14 4 3 4
21 2 5
7 16 5 5
17 3 13
2 12 2 4 1
13 2 3 3
14 1 5 3
13 2 2 3 2
7 4 3 1 1 1 2
13 3 1 1 2 1
13 1 1 3 1 1 1
14 2 2 1 2 1 1 1
5 8 5 1 2 2 1 1
14 1 1 1 1
13 5 1 1 1 1 1
12 2 2 1 1 1 1 1
12 1 1 3 2 1 1 1
12 3 1 2 2 1 1
13 3 2 1 1 1
3 10 2 2 1 2 1
9 3 1 1 1 1 1
14 2 2 3 3
15 2 4 4
17 4 5
3 20 10 1
12 8 6 5
18 4 4
24 4
4 3 4 7 3