# solver=cpp-400bd85f2
# cpu=AMD EPYC Processor (with IBPB)
# isolated_core=11
# strategy=basic
# n_solutions=1
# solve_time=0.00030
3 2
3 2
3 2
3 2
3 2
3 2
3 2
2 1 2
5
5
7
28
1 4 4
8 3
2 3 15 2
1 2 1 17 1
1 2 1 19 1
2 2 19 1
6 19 1
6 19 1
2 2 19 1
1 2 1 9 9 1
1 2 1 19 1
2 2 19 1
6 19 1
1 2 1 19 1
6 19 1
1 1 1 17 1
7 15 2
8 3
---
1 15 2
1 1 2 4 2 4
2 1 1 2 2 2 3 2
1 1 1 2 2 2 6
2 1 2 4 2 1 2
1 19
2 4 2
1 3 1
2 2 11
1 1 13
2 1 15
1 1 15
2 1 15
1 1 15
2 2 15
5 15
4 15
5 7 7
4 15
5 15
2 2 15
2 1 15
2 1 15
2 1 15
2 1 15
2 1 13
2 2 11
1 3 1
4 2
18