# solver=cpp-b64f6aebe
# cpu=AMD EPYC Processor (with IBPB)
# isolated_core=11
# strategy=basic
# n_solutions=1
# solve_time=0.00030
8 7 3 1
7 8 3 3
6 8 3 6
1 5 7 4 7
2 5 6 3 4
2 5 5 3 2 3
3 4 3 2 2 6
3 5 3 4
3 5 2 2
3 4 1
4 5 3 1
4 4 1 1 3
5 3 3 2 3
5 2 1 3
6 1 3 1 1
6 7
1 7 3 1 1 1
1 7 1 1 1 1 1
3 6 1 1 3
4 5 3 3 1
5 5 1 1
5 4 1 1
5 3 1 1
1 6 3 1 1
2 7 4
2 7 4 1
3 7 5 2
4 7 8 3
6 6 6 4
8 5
---
8 5 7
2 11 4 6
3 11 5 4
6 8 6 3
9 8 6 2
11 7 6 2
12 6 5 1
13 6 5 1
1 7 6 5
4 5 5 5
8 4 4
8 5 3
8 3 1 4 3 2
6 1 1 1 1 1 3 2
5 1 3 4 2 1
4 2 2
3 2 3
2 2 3
1 2 1 3
3 3 2 3
3 1 1 2
4 2 3 9 2
2 2 5 2 2
1 2 3 9 1
3 1 1
4 1 3 1 1
3 2 2
3 3 3
2 4 4
1 2 5 5