# solver=cpp-86fd3e96b
# cpu=AMD EPYC Processor (with IBPB)
# isolated_core=11
# strategy=basic
# n_solutions=1
# solve_time=0.00040
12 2 2 1 4
10 3 1 1 2 2
7 1 2 1 1 2 2
2 1 2 1 1 2 2
1 1 2 1 1 1 2
3 2 1 1 1 1 5
9 1 2 2 3 2 1
4 2 1 3 2 1 3 1 1
3 2 1 1 2 3 1 1
3 2 1 1 1 1 2 1
4 1 1 3 1 1 1 2
5 2 1 1 4
3 1 3 2 1 4
3 3 1 2 1 3
3 1 1 2 1 3
4 3 1 2 3
4 1 2 2 3
5 3 2 3 1 1 3 1
6 6 3 1 1 2 1
7 2 2 3 1 1 1 2
1 2 1 2 2 3 1 1 1 2
1 1 3 3 4
9 6 3 5
4 4 1 2 3 4
2 1 3 8
3 6 6 2
2 2 4 5 2 3
1 5 2 7 5
1 2 2 2 16
1 3 1 2 13
---
5 11 1 3
4 12 1 1
3 14 1 2
3 7 6 1 1
3 3 2 6 6
3 3 2 1 1 4
3 1 1 2 2 1 1
2 2 1 2 2 2
2 2 2 1 1 3 4
2 3 1 1 2 4 1
1 5 1 1 3 1 4
1 5 2 1 5
9 1 5
4 10 3
2 2 7 5
9 1 5
3 1 13 5
2 1 1 11 4
1 7 7 3
1 3 3
6 3 2 3
1 1 4 2
6 1 3 5 2
1 3 1 5 2
3 3 6 2 2
6 1 8 4 3
1 2 16 3
2 5 2 3 4
6 2 5 4
9 6 4