# solver=cpp-86fd3e96b
# cpu=AMD EPYC Processor (with IBPB)
# isolated_core=11
# strategy=basic
# n_solutions=1
# solve_time=0.00030
0
40
1 2 2 2 2 2 2
1 1 1 1 1 1 1 1 1 1 1 1 1
1 1 1 1 1 1 1 1 1 1
1 1 1 1 1 1 1 1 1 1 1 1 1
1 2 2 2 2 2 2
2 7 7 7
1 1 1 1
1 1 1 1
1 1 1 1
1 1 1 1
1 1 1 1
40
0
---
1 1 1
13
1 1
1 1
1 1
1 1
1 1
7 1
2 2 1
1 1 1 1 1
1 1 1 1
1 1 1 1 1
2 2 1
13
1 1
1 1
1 1
1 1
1 1
7 1
2 2 1
1 1 1 1 1
1 1 1 1
1 1 1 1 1
2 2 1
13
1 1
1 1
1 1
1 1
1 1
7 1
2 2 1
1 1 1 1 1
1 1 1 1
1 1 1 1 1
2 2 1
13
1 1
1 1