# solver=cpp-1e16a40
# cpu=AMD EPYC Processor (with IBPB)
# isolated_core=11
# strategy=basic
# n_solutions=1
# solve_time=0.00030
20
3 2 4 2
3 1 2 3 2
2 1 1 2 1 2
1 4 1 1 1 2 2
2 2 1 1 1 1 2
2 2 11 2
2 2 7 2
1 1 1 1 4 1
1 1 7 1 1 2 1
1 6 1 1
2 1 4 1 3 1
2 1 1 1 2 1 1 3
5 1 4 2 1 3
1 3 1 2 1 4 6
1 4 1 1 2 2 3
1 2 1 1 1 2 2
1 10 2 2
2 19
2 5 2
8 2 1 2
1 1 4 2
1 3 2 2 1
1 3 2 2 2 1
2 3 2 4 1
1 2 2 1 4 1
1 2 2 3 2 1 1
2 2 6 2 3 1 1
2 2 2 2 4 2 5 1
2 6 1 4 2 1 2 1
---
2 5 3 4
2 2 2 1 2 4 2
2 2 3 2 2
3 2 1 1 1 1 2 1
2 1 1 2 1 4
1 1 6 1 1 2 2
1 2 2 3 1 1 1 1
1 2 3 4 1 2 2
1 2 3 1 1 2 1 2
2 6 1 1 2 2 1
6 3 2 1 1 1 2
1 1 3 2 2
1 3 2 2
1 2 9 4 1
1 1 2 2 1 1 2 1 2
1 7 3 2 1 4 3
3 2 2 2 1 1 4
2 2 4 2 2 2 3 2
4 2 2 1 1 4 1
3 3 2 1 2 2
1 3 3 1 1 2
1 9 1 1 2 1
2 1 2 1 2 1 1 2 2
2 1 1 2 1 1 2
2 2 1 1 3
2 1 2 1 2
2 2 4 1 2
2 5 3 1 1
2 4 1 2
3 2 2 1 9