# solver=cpp-400bd85f2
# cpu=AMD EPYC Processor (with IBPB)
# isolated_core=11
# strategy=basic
# n_solutions=1
# solve_time=0.00050
15 18 33
15 18 33
15 18 33
1 2 2 2 2 1 2 1 3 2 16
2 1 2 2 1 2 1 2 2 1 2 1 2 1 2 16
5 2 2 1 2 1 2 2 1 2 5 1 2 16
2 2 2 1 2 1 2 2 2 2 1 2 16
2 1 2 2 1 2 1 2 2 2 1 1 2 16
5 1 2 2 1 2 1 2 2 1 2 1 2 1 2 16
1 2 2 2 2 1 1 1 2 16
1 3 2 2 2 2 1 3 1 2 16
70
61 7
61 7
28 2 3 2 3 3 2 1
28 1 2 2 2 1 1
28 1 2 2 1 2 1 2 2 1 2 1 4
28 1 2 2 1 2 1 2 2 1 2 1 4
28 1 2 1 2 2 2 1 2 2
28 1 5 1 2 5 2 1 2 5
28 1 2 2 1 2 1 2 2 1 2 1 2
28 1 2 2 2 2 2 1 1
28 11 28
28 4 28
28 4 29
---
4 2 15
3 2 14
3 1 14
3 2 1 14
3 2 1 14
3 1 14
4 2 15
25
3 15
3 14
9 14
9 14
3 14
25
25
14
14
3 5 14
3 14
3 14
25
25
3 14
3 14
9 14
3 14
3 14
25
14
3 12
3 2 7 1
3 2 6 1
3 3 2 2 1
3 2 3 2 2 3
14 1 3
14
14
3 5 4 1
3 5 3 1
3 3 5 1
4 4
14 1
4 2 15
3 1 14
3 2 1 3 3
3 2 1 3 3
3 3 2 2 3
4 3 1 3
15 1 3
3 14
3 14
3 10 3
3 10 9
3 3 9
14 3
15 3
25
15 4
14 3
14 5 3
14 5 3
12 3
12 3
25
15 2 3
14 1 3
14 2 2 3
14 2 2 3
14 2 3
15 2 4