# solver=cpp-6dc88e3e
# cpu=AMD EPYC Processor (with IBPB)
# isolated_core=11
# strategy=contra
# n_solutions=1
# solve_time=0.00050
11
2 2
2 3
2 3
1 5 3
2 2 3 2
2 2 2
1 3 2
2 3 2 5 1
1 2 1 2 1 2
1 1 2 1 3 2 1 2
1 1 2 2 1 2 1 2
1 1 2 2 1 1
1 3 2 2 3 1
1 3 3 3 1
1 2 2 1
1 2 3
1 2 2 2
1 2 4 1
1 1 1 1 1
2 1 2 1 2
2 2 1 2 1
2 1 2 1 2
1 1 1 1 1
2 1 1 1 1
2 1 2 2 1
2 1 4 2
3 2 2
2 2 2
12
---
13
4 3
4 4
2 5 2
2 1 1 1 2
2 2 1 2 2 2
1 1 1 2 1 1
1 1 2 2 2
1 1 1 2 2
1 1 2 2 1
1 4 1
1 1
1 3 1
1 1 2 1
1 2 2 7 1
2 1 2 1 4 3
2 2 1 2 2 5 2
2 1 1 2 1 2 3 2 1
4 1 2 1 2 3 1 1
2 1 1 2 2 2 2
2 3 1 2 5 2
2 2 4 2
2 2 5
5 2 3
12