# solver=cpp-400bd85f2
# cpu=AMD EPYC Processor (with IBPB)
# isolated_core=11
# strategy=contra
# n_solutions=1
# solve_time=0.00040
2 3
5 8 5
4 2 5 3 4 2
4 2 1 2 2 2
1 1 1 3 4 1 2 2 1
3 1 1 2 1 1 1 3 3
1 1 2 1 1 1 2 2 1 2 2 2 1
1 1 1 1 1 1 1 1 1 1
2 2 1 1 1 1 1 1
1 1 1 1 1 1 2 1 1 1 2 2 1
7 1 1 2 2 1 1 5 2
1 1 1 1 2 2 2 1 1
1 1 1 1 1 2 2 2
2 2 2 2 2 2 2
3 2 1 2 2
---
4
3 4
2 1 1 1
3 1 1 1
3 1 1 3 2
2 1 1 1 1
1 1 3 2
2 1 1 1 1
2 1 1
3 4
4
0
10
2 3
3 2 2 2
3 1 1 1 1
2 1 1 1 1 1
2 3 1 1
3 1 1 1
3 1 1 2 2
4 3
9
0
8
4 2
2 1 1 2
2 1 1 2 1
2 1 1 1 1
2 2 1 1
1 1 1 1 1
2 1 1 2 2
2 1 1 2
3 3
6
0