# solver=cpp-b64f6aebe
# cpu=AMD EPYC Processor (with IBPB)
# isolated_core=11
# strategy=basic
# n_solutions=1
# solve_time=0.00040
1 3 5
4 9 6
8 6
6
6 22
5 1 1 1 1
5 23
3 2 1
2 2 4 2 10
2 2 6 1 2 1
1 2 7 2 2 1
2 7 1 1 1
2 7 2 2 1
2 5 1 11
4 3 3
2 1 1 2
3 1 1 3 3 6
5 4 5 1 1 1
6 6 3 3
2 4 4 2 2
2 12 2 4 2
4 4 6 2
3 3 7 2
12 3 3
2 2 2 3
1 4 6
20 4
1 2 2 1 8
1 5 1 6
6 7
---
10 5
9 8 3
8 7 2 1 1
6 5 7 2
5 3 1 7 1 1
3 2 2 3 1 1 1
1 2 2 2 1 2 1
2 2 4 1 1 1 4
1 1 1 6 1 1 1 1 2
2 3 7 1 1 1 1 2
2 1 1 7 1 1 1 1 2
2 1 1 6 2 1 3
1 1 1 5 2 3 1 2
1 1 1 2 1 7 1
1 1 1 3 7 1
2 3 3 5 2 1 2
1 1 1 3 7 3 1
1 1 3 5 2 1
1 1 1 3 5 1
1 1 1 2 2 3 9
2 1 1 2 1 1 1 4 4
1 3 1 1 3 3 3
1 1 1 1 1 3 3
1 1 1 6 4 4
1 1 1 1 1 3 8
2 1 1 1 1 1 1 6
1 1 1 1 1 1 2 3
1 3 1 1 1 2 1
1 1 1 1 1 1 3 1
1 1 1 1 1 1 2 1