# solver=cpp-eb7e8a1
# cpu=AMD EPYC Processor (with IBPB)
# strategy=basic
# n_solutions=1
# solve_time=0.00050
# solver=cpp-ce7a535
# cpu=AMD EPYC Processor (with IBPB)
# strategy=basic
# n_solutions=1
# solve_time=0.00030
6 4
6 4
3 2 3
5 3
5 3
5 2
1 3 5 3
4 2 7 3 2
1 1 2 3 2 5 2
1 1 3 1 5
1 1 2 3 2 2 3
1 5 2 1 1 1 1 3
1 5 3 2 3 3
2 1 4 1 1 3
1 1 4 2 2 4
1 1 5 3 2 4
1 1 5 1 2 2
2 3 2 2 2 2
1 3 2 1 2 2
1 8 3 2 3
1 8 2 2 3 3
7 2 1 1 8 3
7 2 2 2 2 2 3
1 2 2 4 1 3 3
4 3 3 1 4 3
4 5 3 2 2 1 1
3 6 11 2 3
1 7 1 3 3
3 4 2 2 2 5 3
7 2 1 12 4
8 1 2 8 2 2
3 3 1 3 6
1 7 4 6
1 3 2 5 7
8 1 6 9
---
11 5
5 2 3 4 1
4 8 7
3 12 3 3
3 3 6 2 6
2 6 18 1
6 6 16
6 12 7 3
23 4 2
2 2 3 4 4 3 2
4 3 1
3 1 1 2
2 2 3 4
1 3 1 3 3
2 3 4 3
2 1 1 6 3
2 3 1 3 2 2 2
3 4 2 1 2 2
2 3 3 1 1 1
2 1 3 1
2 1 3
1 3 2 1 2
2 3 3 4 1 2
2 2 2 1 1 2
3 2 3 3 2 2 3
4 2 1 1 6 2 3
3 2 2 7 4 1
4 1 9 1
6 2 6 2
10 4
8 5
9 6
13 4
6 9
15