# solver=cpp-400bd85f2
# cpu=AMD EPYC Processor (with IBPB)
# isolated_core=11
# strategy=basic
# n_solutions=1
# solve_time=0.00040
4 14 3
3 18 2
2 7 13 2
6 9 3 2
4 5 3 1
5 2 1 3
5 3
6 3
7 3
7 4
7 5
4 5
4 2 3 3
1 2 1 3 7 3
1 1 1 2 2 3 2 2
2 2 7 1 7 2
1 2 1 2 1 3 1 2
4 4 1 2 2
2 1 2 1
1 1 2 2 1
1 3 2 2
2 2 2 2 2
3 2 2 2 2 1 2
2 2 5 2 3
1 2 1 4 1 2
2 2 1 1 1 3
2 1 1 2 5 1 2
2 1 1 1 8 1
1 3 1 1 2
2 3 1 3 2
2 4 2
2 4 3
3 5 3
4 11
5 8 1
---
1 3 2 1 3
2 5 1 2 1 2 4
1 8 2 3 2 6
2 11 1 1 4 2
1 19 6 1
1 10 3 3 1 2
6 3 3 1 2
3 1 1 1 3 2
4 2 1 4
3 4 1 4
3 1 1 1 2 2 4
2 2 3 2 2 6
3 1 3 2 2 4
4 3 1 1 1 3
4 1 1 2 2 2
5 1 2 2 1 2
6 5 1 2
6 1 2 2 1 2
5 3 2 3 3 3
6 10 2 1 3
4 1 2 2 1 1 5
4 2 2 4 4
2 2 1 1 5
4 6 4
1 3 3 3
2 4 2 4
2 18
2 13
2 7
3