# solver=cpp-d85c7576
# cpu=AMD EPYC Processor (with IBPB)
# isolated_core=11
# strategy=basic
# n_solutions=1
# solve_time=0.00030
5 1 1
1 2 1 1
1 1 1 1
1 1 1 1 1
10 13
6
2 4 4 3
1 1 1 6 3 1 1
1 1 1 1 1 1 3
2 1 3 1 1 7 5
5 1 1 1 1 5
3 2 1 4 1 7
2 2 4 2 1
2 4 3 2 1 1 1
2 5 1 5 1
2 1 1 1 1 3
3 10 1 1
1 2 2 2 1 1
1 1 2 2 1 3
1 1 1 1 1 1
12 1 2 1 2
2 1 1 1 7 1
1 2 1 1 1 9
2 2 1 1 1 1
2 3 1 1 1 1
1 1 1 1 2 2 5
1 1 1 1 2 2 3 1
2 2 1 11 2
2 2 1 2 3
10 16 1
---
7 2 1
2 8 5 2
1 5 2 1 2 3
7 3 4 4 1
1 4 2 2 1 1 1
1 2 2 1 1 1 1
1 3 3 1 1 4 1
2 3 2 1 1 1 3
6 3 1 1 1 1 2 2
1 2 1 2 1 1 1 2 1
1 1 3 3
1 1 1 1
6 4 9
2 1 1 2 1
2 1 6 1
6 10 1
5 1 1 1
1 4 5
1 1 1 2 3 5
1 1 1 2 1 4 1 1
1 3 1 1 1 1
1 1 2 2 3 1
1 4 4 2 3 1
1 1 1 1 2 3 2 1 1
1 2 1 2 2 1
1 3 1 2 8 1
1 4 1 2 1 2 1
1 4 1 2 1 1 2
5 4 1 1 2 2
6 3 5