# solver=cpp-1e16a40
# cpu=AMD EPYC Processor (with IBPB)
# isolated_core=11
# strategy=basic
# n_solutions=1
# solve_time=0.00040
7 8
6 7
5 5
4 4 4 5
4 6 8 4
3 3 2 4 2 4
3 2 2 2 4
5 4 1 5 4
4 2 3 2 2 4
4 1 2 1 1 2 2 3
3 2 2 2 2
3 1 2
3 2
3 3
3 1 1 3
3 2 3 4
3 3 3 3 1
3 2 1 2 2
3 9 1 2
4 13 2 3
3 2 3 1 3
4 2 8 2 1 4
4 2 2 2 1 4 4
4 1 2 6 5
2 1 2 5 1 6
6 3 7
2 3 1 1 1 2 3
7 6
7 5
13
---
15 3
23
25
5 3 2 7
3 3 3 2
2 3 5
1 3 2 1 2
2 2 8
2 1 2 3 6
2 1 2 2 4
2 2 2 1 3
2 1 2 1 2 3 4
5 3 2 1 1 2
5 1 1 1
3 2 2 1
1 2 2 2 3 1
3 2 6 1 2 1
5 2 2 1 1 1
3 1 2 1 1 1
2 1 2 1 2 2
2 1 2 2 1 4
2 2 6 2
1 1 2 4 4
2 2 1 2 4
2 1 4 2 1
4 4 5
9 3 6
10 4 8
16 9
25