# solver=cpp-86fd3e96b
# cpu=AMD EPYC Processor (with IBPB)
# isolated_core=11
# strategy=contra
# n_solutions=1
# solve_time=0.00030
11 11
1 1
1 9 9 1
1 7 2 2 7 1
1 6 1 6 1
1 5 2 2 5 1
1 4 2 2 4 1
1 3 2 2 3 1
1 1 1 3 1 1 1
1 1 1 2 1 2 1 1 1
1 1 4 4 1 1
3 1 4 4 1 3
3 1 2 2 1 3
3 3
5 5
5 1 1 5
5 3 3 5
5 4 4 5
5 3 3 5
5 1 1 1 1 5
6 1 1 3 1 1 6
7 1 1 7
8 1 1 8
9 9
25
---
25
1 14
1 8 14
1 6 11
1 6 11
1 5 5 5
1 4 3 4
1 3 2 5 3
1 2 1 4 3 2
1 1 2 4 6 1
1 2 2 2 1
1 2 1 1
1 2 1 1
1 2 1 1
1 2 2 2 1
1 1 2 4 6 1
1 2 1 4 3 2
1 3 2 5 3
1 4 3 4
1 5 5 5
1 6 11
1 6 11
1 8 14
1 14
25