# solver=cpp-eb7e8a1
# cpu=AMD EPYC Processor (with IBPB)
# strategy=basic
# n_solutions=1
# solve_time=0.00040
# solver=cpp-ce7a535
# cpu=AMD EPYC Processor (with IBPB)
# strategy=basic
# n_solutions=1
# solve_time=0.00030
3 2 5
5 4 3 2
1 1 2 3 2 1 2 1
3 3 2 3 2 1
1 1 2 6 1 2
2 12 2
1 1 6 1 5 2
1 1 4 1 2 2
3 2 1 2 1 1 3 2
3 1 1 3
1 1 2 1 2 4 1 1 1
3 2 3 3 2 2
1 1 3 5 2
4 1 2 3 2
3 4 3 2 1
2 2 1 2 2 4
2 1 1 1 3 1 5 1
2 3 2 2 1 4
3 3 1 2 1 1 1 1
2 3 1 3 4
1 1 3 2 2 5
2 5 8
3 7 7 1
2 1 2 2 5 1 3 3
1 2 6 6 6
1 2 4 7 2
2 1 4 2 3
2 7 2 4
1 2 14 2
1 4 9 1 2 2
---
3 3 3 12
1 1 1 4 3 2
3 3 3 5 1 1
3 3 2
4 3 3 3
5 5 2 1
3 3 3 3
4 2 8
5 1 4 10
8 1 6 2 3
4 2 2 2 5 3
2 2 1 2 5 2
3 2 1 1 2 2 1 2 2
5 3 2 2 2 2
4 1 1 1 4 2
2 1 1 2 3 2
3 1 3 2 3 3 2
3 3 2 1 4 2
5 1 1 1 1 1 2
4 3 5 6 2
2 2 3 1 1 3 4
3 2 1 2 3 2 1
4 1 2 1 3 1 1
3 2 4 2
2 4 2 2 2 2
3 2 1 2 2 1 1
2 4 7 1
1 2 1 2 3 2 2
2 3 1 3 2 2
5 2 2 2