# solver=cpp-1e16a40
# cpu=AMD EPYC Processor (with IBPB)
# isolated_core=11
# strategy=contra
# n_solutions=1
# solve_time=0.00040
4 3 2 1
1 1 2 2 2 2 2
1 1 1 2 2 1 2
1 1 1 1 1 1 5
10 1 1 2 2 1 1
6 1 1 3 2 1
1 1 4 7 1 1 1
1 1 1 1 1 10
1 1 1 1 1 1 6
1 3 1 1 4 1 1
2 1 1 1 1 1 1
2 2 1 1 1 1 1 1
2 4 1 1 3 1
1 1 2 1 1 1 1 1
1 2 2 3 3 1 2 1
2 3 6 1 3 4 1
5 3 2 1 1
3 5 1 2 2 1 2
1 1 2 2 1 3 1
1 1 3 1 3 2 5
7 3 3 2 3
7 1 1 1 1 1 2 1
7 5 1 1
7 1 1 2 2
3 3 1 1 2 2
3 3 1 1 10
3 3 1 1 1 1 2 1
3 3 1 1 1 1 2 1
8 2 1 2 2 2 1
8 7 7
---
2 6
1 3 3 3
5 2 2 14
1 4 4 10
3 2 2 2 10
1 3 3 1 4 2
2 3 3 10
6 3 1 2 1 10
1 2 1 2 1 13
1 1 3 2
7
10 7 2
2 1 4 11
2 1 1 1 1 1
1 1 1 1 1 1 2 4
2 1 1 1 1 1
2 1 4 11
10 7 2
7
2
2 1 1 2 1
1 1 2 1 2 1 2 2 2
1 6 3 1 1 2 7
2 2 3 2 3 1 1
3 1 3 2 1 5
3 2 2 2 5
1 3 4 1 1
7 4 5 5
2 1 3 2 2 3
2 2 3 2