# solver=cpp-6b570c1b3
# cpu=AMD EPYC Processor (with IBPB)
# isolated_core=11
# strategy=basic
# n_solutions=1
# solve_time=0.00040
2 1 4
1 2 3 4
3 5 2 2 2
2 2 1 1 2
2 2 2 1 1 1 1
3 6 10 5
3 1 6 2
2 1 1 1 4 1 1 1 1
2 1 1 1 1 4
10 1 1 1 1
10 3 1
1 5 1 1 1 1
1 1 1 2 1 1
11 4 1 7
11 1 1 1 4
1 1 9 1 1 1
1 1 2 2 1 2
1 9 9 1
11 1 1 1
12 1 1 1
3 1 7 1
3 1 1 1 1 1
2 2 1 1 1 1
2 1 1 1 1 1 1 1
10 1 1 1 1
10 1 1 1 1
2 1 1 1 1 1 1 1
2 1 1 1 1 1 1 2
2 3 2 2 1 1 4
11 8 4
---
2 1 2
1 3 4
3 6 18
2 8 2 2 9
2 2 7 2 1
2 3 2 3 2 1
1 3 2 2 3 7
1 1 3 2 3 2 2 2
1 1 1 1 3 2 3 8
3 1 3 2 3 2 1
1 3 1 3 2 3 2 1
2 2 3 2 14
1 6 2
1 1
1 1 1 2
1 2 1 2 3
6 3 1 1 1 2
2 3 3 13
1 3 2 1 1 1 1
1 2 2 1 1 1 1
2 4 1 1 1 7
5 1 2 1 1 1
1 3 1 1 1 1
2 18
1
1 2
1 3 2 2
3 1 1 3 2
2 2 1 2 14
1 5 4 3