# solver=cpp-86fd3e96b
# cpu=AMD EPYC Processor (with IBPB)
# isolated_core=11
# strategy=basic
# n_solutions=1
# solve_time=0.00030
18 2
1 1 1 2 3 1
2 11 6
1 1 4 1 3 4 2
3 1 1 2 2 2 1
2 8 3 1
2 2 1 4 2
3 1 1 1 1 1 11
1 1 2 1 2 1 2 1
2 1 2 1 1
1 1 1 2 1 1
4 4 3
4 5
2 3
1 1
12 15
30
1 3 3 3 2 2
1 1 3 2 2 5 1 2
1 4 1 1 1 2 1 2
1 1 3 3 1 2 2 2 1 2
1 3 3 2 2 2 2
11 2 13
11 2 13
1 1 1 3
2 1 2 1 2
1 4 1 2
4 6
1 2 1 1 1 1
1 1 1
---
1 1 9
1 1 1 2 2
5 1 1 2 1 1 2
1 1 1 1 1 2 1 2
1 1 5 9 1
1 1 2 1 9 1 1 1
1 1 2 3 14
1 3 1 2 2 2
1 5 9 2
1 1 1 4 4 7
3 4 3 3 4 1
1 4 6 2
1 1 1 1 1 1 2
1 1 1 1 1 3 1
1 1 2 1 1 1 8 1
1 4 5 1 2
1 2 4 2 3 1 1
6 1 3 4 4 1 2
3 1 1 3 9 3 1
1 3 1 2 2 3
1 1 2 3 2
1 1 3 2 1 1 2
1 1 4 2 1 2
6 9
10 9
1 1 1 2 2
1 1 2 3 2
1 1 2 2
2 2 9
4 9