# solver=cpp-400bd85f2
# cpu=AMD EPYC Processor (with IBPB)
# isolated_core=11
# strategy=basic
# n_solutions=1
# solve_time=0.00030
6
9
11
8
8
7
5
5
8 1
9 1
12 3
16
8 6
8 2 2
21
1 2 8 8
2 8
2 1 8 8
2 1 8 8
2 1 8 8
2 1 8 7
2 2 6 1 7
7 2 2 2 5
5 2 3 3 6
1 1 2 3 1 1 2 1 3
1 1 2 3 1 1 2 1 3
1 1 2 3 1 1 2 2 3
1 1 2 3 1 1 2 1 4
5 1
1 1 1 4 3 10
---
1
8
2 1
2 1
2 1
8
1
0
15
1 12
2 1
2 11 1
1 7 1
11 5 1
4 14
6 15 4 1
22 1
22 4 1
22
22 1 1
7 13 6 1
5 4 1 7 1
2 3 2 3 1
1 3 2 8 2 1
1 6 7 2 1
5 7 1 1
3 2 11 1
6 11 1
8 5 5 1
2 5