# solver=cpp-d85c7576
# cpu=AMD EPYC Processor (with IBPB)
# isolated_core=11
# strategy=basic
# n_solutions=1
# solve_time=0.00030
0
6
2 5
1 5 5
2 1 2 2
5 1 3 1
1 1 2 1
2 1 2 5 1
1 5 2 2
1 1 1 3 1 1
2 4 1 5 2 2
1 2 1 2 1 1
1 2 2 4 2 2
1 3 1 7 5
1 1 2 1 1 1 1
2 1 11 5
1 2 1 8 5
1 6 5
3 1 5 9
4 10
18 1 1
20 2
10 5 1 1 1
7 4 1 2
2 5
---
3 7 1 3
2 1 1 1 1 3 4
1 1 1 1 1 4
1 12 3 4
1 1 1 1 1 2 9
1 1 1 1 1 2 1 5
3 1 1 1 2 7
1 2 1 1 3 4
1 1 1 4 2 3
1 8 1 1 3
2 1 1 1 1 2 1 2
1 1 1 1 1 2 1 2
1 1 1 2 2 2 1 2
1 1 1 2 2 2 4
2 1 2 2 2 5
2 1 1 2 2 6
1 1 1 2 6
2 1 1 6
5 5 2
11 1
1 5 1 2
8 1 1
2 5 1 2
4 3 4
1