# solver=cpp-eb7e8a1
# cpu=AMD EPYC Processor (with IBPB)
# strategy=basic
# n_solutions=1
# solve_time=0.00040
# solver=cpp-ce7a535
# cpu=AMD EPYC Processor (with IBPB)
# strategy=basic
# n_solutions=1
# solve_time=0.00020
2 2 3 2 2 1 1 2
2 5 2 1 2 2 1 1 1
9 1 3 3 1 2 3 2
9 2 6 2 1 3 1 1 1
5 3 3 2 1 1 3 1 1 2
4 3 1 2 3 2
3 3 1 1 3 3 9
3 3 4 1 1 2 1
2 4 1 6 3 6 1
7 3 2 5 3
3 4 4 3
3 4 5
2 1 6
1 5 7 2 3
4 1 1 3 1
2 2 7 2
2 1 2 3
1 3 2
2 1 4
1 2 10
2 3 7 1
1 5 9
3 2 2 10
6 3 14
11 6 10
10 10 11
11 3 6 11
10 3 4 11
10 3 1 9
9 3 2 9
---
9 2 4
9 2 5
6 1 5
5 2 6
4 1 6
3 2 6
4 1 1 2 7
4 1 1 2 7
3 2 3 8
5 2 7
3 6 2 7
2 8 2 3 2
1 2 2 4 4
2 3 1 1 6
2 2 1 1 1 2 5
1 3 3 1 1 1 1 2
9 1 1 1 4
1 1 3 1 1 7
2 6 1 1 8
1 2 1 2 1 1 3 4 1
2 3 3 1 11
1 3 1 3 6
2 2 2 2 1
11 1 2
5 3 7
5 2 2 13
7 1 1 1 11
4 2 3 11
1 1 2 11
5 1 1 1 12
1 1 1 1 12
5 1 1 2 12
1 2 1 2 9
5 1 1 2 1 7
1 1 1 4 2 3