# solver=cpp-1562f45ac
# cpu=AMD EPYC Processor (with IBPB)
# isolated_core=11
# strategy=contra
# n_solutions=1
# solve_time=0.00030
2 15
1 9 2
7 10
6 13
5 16
1 3 18
2 20
1 12 3
14 4 2
9 1 1 2
7 3 3 2
3 2 1 1 1 2
5 1 1 3
6 1 3
6 1 1 3
6 4 3
1 4 3
5 1
4 5 2
4 3 1
1 1 1
2 1 1
3 5 3
6 8 2
1 6 5 4
---
1 2
1 1 2 5 1
3 8 1 1
3 12 2
6 13 3
1 3 5 9 3
3 6 7 3
3 8 3 2
4 7 2 1
3 6 1
3 5 1 2
2 5 2 3
2 6 1 3
2 6 1 2
2 5 1 2 2 2
1 5 1 2 2
1 5 2 1 2 2
1 5 2 3 1 1
1 5 1 1 1
1 5 1 2 3 1
1 5 1 1 2 3
1 5 4 2
8 5 1
16
3 9