# solver=cpp-d85c7576
# cpu=AMD EPYC Processor (with IBPB)
# isolated_core=11
# strategy=basic
# n_solutions=1
# solve_time=0.00040
23 3
24 2
25 1
26 1
8 9 2
4 8
3 5 2
3 8 1
2 5 1
2 7 1
2 1 2 3 2
1 3 5 3 4
7 3 3 1 3
2 3 2 3 1 1
1 3 2 6 2
1 4 3 3 1 6 2
2 2 3 2 4 3 3
2 4 1 3 3 1
2 1 2 2 2
1 2 2 2 2
1 2 2 2 2
1 2 1 2 2 2
2 2 1 1 1 6 2
6 2 11 1 2
4 6 4 3
2 2 1 1 3 2 2
1 2 2 5 1
2 11 5 1
1 2 1 2 3 1
2 2 2 4 2
1 8 4 2
2 6 4 2
3 4 3
6 4 3
8 4 4
---
13 7 1
11 7 3 2
8 3 1 3 2
6 3 1 1 5 3
5 2 3 2 3 4
5 2 3 2 1 6
5 2 1 1 2 2 2
5 2 1 2 3 1
4 3 2 2 4
4 6 2 1 3
4 1 1 1 2
4 2 1 2
4 3 2 1 2
4 6 3 1 2
4 3 5 2 2 2
4 2 1 2 1 2
5 2 1 1 1 3 1
5 2 1 1 3 3 2
5 1 1 3 2 2 3
5 1 1 2 3 2 4
6 1 1 6 3 4
11 4 9 4
12 8 10
9 2 4 7
10 2 2 4
1 1 6 3
2 2 4 6 1
7 2 2 6 3
7 3 2 2 6
2 2 3 10