# solver=cpp-6dc88e3e
# cpu=AMD EPYC Processor (with IBPB)
# isolated_core=11
# strategy=basic
# n_solutions=1
# solve_time=0.00040
5 6 9
22 2
4 22
17 9
3 13 7
2 11 6
1 8 7
1 4 8
1 8
2 7
2 7
2 6
2 7 7 5
2 2 3 3 4 3
1 2 1 2 2 2
1 1 1 1 1 1 1 1 2 2
1 9 1 9 1
1 1 2 2 1 1 2 2 1 1
1 1 1 1 4
1 1 2 3 1 2
1 2 2 2
1 2 2 2 1
1 5 1 1 1 1 1
1 3 1 1 2 2 4
1 1 1 2 4 4
1 1 7 3 4
1 2 1 2 2 4
2 1 1 1 4
2 1 1 5
3 2 2 2 4
2 16 2
2 1 3 3
2 9 2 7
3 2 1 3 4 3
3 5 3
---
26
4 5 5
4 3 2 5
4 2 1 3 3
5 2 2 2 2
2 3 1 2 4 1
7 1 2 1 3
7 1 2 2 1
7 2 2 3 2 1 2
8 2 2 2 3 1 2
8 9 1 1 1
8 1 1 1
7 2 1 2
7 7 1 1 1
6 3 2 2 1 1
5 2 2 2 3 1 2
4 1 2 3 2 1 1
4 1 2 2 2
3 1 2 1 5
3 2 1 2 2 1
4 2 2 1 2 2 1
4 1 4 2 2 3
5 2 2 2 1 4 1 3
5 5 1 1 3 3 3
1 10 3
16 5
15 2 13
12 2 1 7 3
10 1 3 7 2
8 5 7