# solver=cpp-b64f6aebe
# cpu=AMD EPYC Processor (with IBPB)
# isolated_core=11
# strategy=basic
# n_solutions=1
# solve_time=0.00030
8
1 3 7 6
3 3 15
2 5 15
6 1 15
2 3 7 4 3
4 1 3 2 3 2 2 2
2 2 1 2 3 2 2 2
2 2 2 3 2 3
1 5 3 2 5
1 4 6 2 5
4 5 2 5
5 2 4
5 2 4
6 4
11
11
10
10
1 9
1 1 1 10
1 2 2 1 9 1
2 1 2 2 9 1 1
1 2 2 1 9 1 2
1 7 8 5
---
2 1 2
2 2 3
3 1
3 2 3 2
3 1 1 4
5 1 1
2 2 2 4
3 1 5
3 1 1 1
3 2 1 3
4 2 3
2 6
1 2
2 2
3 1
11 2
15 5
6 16
4 3 15
4 3 15
3 3 15
4 11
13 10
13 9
5 9
4 2 12 1
4 2 10 3
5 9 1
12 3
9 1 2