# solver=cpp-a0f9b8019
# cpu=AMD EPYC Processor (with IBPB)
# isolated_core=11
# strategy=basic
# n_solutions=1
# solve_time=0.00030
14 1 21
16 16 1 2
35 4
3 1 32
5 3 9 3
9 1 8 13 2
9 1 7 13 1 1
5 1 13 3
4 3 1 2 5
3 8 18 1 1
2 8 2 5 2 3 1 1
1 8 2 5 4 5
3 1 6 5 5
10 3 2 1 1
2 2 2 4 6 5 1 1
2 2 2 4 6 4 5
2 2 2 4 5 3 5
10 2 4 2 5
10 3 1 5
8 3 1 5
6 3 1 5
5 5 2 5
4 7 3 2 1
3 18 2 1
2 4 1 6 7 2 1
2 5 1 1 2 3 2 2 2 1
2 6 1 1 2 3 2 2 2 1
9 1 1 2 2 2 2 2 1
9 1 7 3 8 5
9 1 7 3 8 5
---
12
11 17
10 17
3 5 1 1 7 3
3 4 2 1 6 4
4 2 3 9 5
3 3 4 8 6
3 3 4 1 3 6
7 4 1 3 6
4 3 6 6
4 7 6
4 2 6
7 2 6
7 1 7 6
6 7 1 2
6 2 3 2 2
1 5 1 3 2
6 1 4 2
6 1 1 15
6 2 10 5
5 1 4 10
4 2 4 4 3 5
4 3 4 3 2 5
4 3 4 2 1 2 2
4 3 1 2 1 1
4 3 1 1 1 5
4 3 2 7
4 3 2 2 2
4 3 1 1 1 2 2
4 3 1 2 2 2 2
4 3 4 3 3 2
4 3 9 9
4 3 21
1 2 2
1 2 1 22
2 1 2 2 15
1 2 3 2 7 2
1 3 2 2 7 2
6 22
7