# solver=cpp-86fd3e96b
# cpu=AMD EPYC Processor (with IBPB)
# isolated_core=11
# strategy=basic
# n_solutions=1
# solve_time=0.00040
2
6
2
2
1 1 1
1 1 1 11
1 3 1 3 1 1
3 1 9 1 1 1
1 1 1 1 1 1 1
1 4 1 3 3 1
1 1 1 10 5 3
1 3 3 1 1 5 1
1 3 13 1 1 1 1
1 1 13 1 3 1
1 1 2 2 1 3 1
35
1 2 2 1
15
2 2
19 1 1
2 2 3
2 2 1
25
2 2
2 2
---
1
3 1 1
1 1 2
13 2
1 1 2
2 2 1 3
6 2 1
2 1 2 1
1 3 1
2 3 1 1
1 9 1 1
6 5 1 1 1
1 5 1 1 1 1
1 4 2 1 1 1 1
1 1 1 4 1 1 1 1
1 1 1 1 2 1 1 1 1
4 3 1 2 1 1 1 1
8 1 2 1 1 1 1
1 3 1 2 1 1 1 1
1 1 1 1 4 1 1 1
3 8 1 1
4 2 3 1 1
1 3 1
1 2 1
6 2 1
3 1 3
7 2
3 3 2
6 2
3 1 1
1 1
11
1 1 2
4 1 2
1 2