# solver=cpp-1e16a40
# cpu=AMD EPYC Processor (with IBPB)
# isolated_core=11
# strategy=basic
# n_solutions=1
# solve_time=0.00030
3 3 3 1 2
1 5 9
2 7 2 2 1 3 1 1
8 4 4 2 5 1
1 6 2 4 5 2 4
7 1 6 2 3 5
3 3 4 3 2
1 6 2 4
2 4 3 8
2 4 4 8
2 1 2 4 8
1 3 7 5
4 7 3
7 7 1
5 3 8
1 2 1 3 2 6
4 2 3 5 6
4 2 3 15
6 2 9 3 1
2 3 9 4
2 2 8
1 3 8 1
3 7 2 1
2 5 2 1 2
2 2 3 2
---
2 1 2 5 1
4 2 1 2 6
1 1 2 7 1
1 1 1 9
4 1 4 2
1 4 3 1 2
5 1 2 4
3 1 1 2 2
1 3 3 2
2 1 1 3
4 2 2
1 1 2
2 1 2 3
4 4 2
1 1 2 4 2
6 5
3 7
6 8
4 3 7
4 3 8
1 2 3 7
3 4 7
2 2 11
5 4 4
3 3 5 2 3
4 1 7 3
2 4 8
4 2 3 7
1 3 5 7 1
4 7 6 2
2 6 2 1 1
9 3
2 5
7 2
7 4