# solver=cpp-6b570c1b3
# cpu=AMD EPYC Processor (with IBPB)
# isolated_core=11
# strategy=basic
# n_solutions=1
# solve_time=0.00030
4 3 2 1 2 4 2
1 4 2 1 4 1 1 1 1
3 3 1 2 2 4 2
2 2 2 4 1 1 1
4 2 3 4 2
3 1 3 3
2 3 2 3 5
2 2 1 1 3 1 1
2 2 1 4 4 2
2 1 6 4 2 1
2 3 2 4 3 1 1 1 1
2 3 2 4 3 1 1
2 6 4 3 1 3
2 3 4 3 1 1
22 1 1
2 3 3 3 1 1
3 3 3 1 1 1
1 3 6 1 1 1
1 6 1 1 2
4 2 1 9
1 1 2 2 3
1 2 3 2
2 3 6 1
26 1 1
26 1 1
---
18 2
1 15 2
3 2 1 1 2
2 2 1 2
3 1 2
3 3 8 3
1 2 19
2 1 1 8 1 2
1 1 2 1 1 1 2
1 1 1 2 2
2 1 2
2 1 2
2 1 2
2 1 3
1 3 17
1 21
2 1 11 2
2 6 2 2
4 1 2 2
1 13 3 2
1 14 3
20 3
2 1 4
5 1 1 1 4
1 1 1 2 6
1 1 1 15 3
5 1 1
1 3 3 2
5 1 1 4
1 1 1 1 2 9 3