# solver=cpp-86fd3e96b
# cpu=AMD EPYC Processor (with IBPB)
# isolated_core=11
# strategy=basic
# n_solutions=1
# solve_time=0.00030
2 9 2 4 1
1 1 1 1 2 2
1 2 4 1 1 3
1 1 2 1 1 1 5
2 2 1 1 5 5
2 2 1 1 4 2
4 2 2 1 4
2 2 2 2 2
1 2 1 1 2
2 3 1 2
5 2 10 1
1 2 1 9 3
2 4 4 1 2
2 3 2 1 2 1
6 1 1 2 1
3 1 1 1 1
1 2 2 3
1 8 4
1 12
2 12
---
2 2
4 2 2
1 1 2
2 1 2 2
3 2 1 3
1 2 1 1 3
1 2 7
1 2 2 3
1 1 2
1 1 2 1 1
1 3 1 1
1 4 1
8 2
0
20
1 1 4 1
4 2
5 2 1
7 2 4
11 4
2 4 3
6 3
2 4
1 1 1 4
2 1 1 3
2 1 1 1 2
1 1 1 2 3
2 2 6
1 2 4
1 10