# solver=cpp-b64f6aebe
# cpu=AMD EPYC Processor (with IBPB)
# isolated_core=11
# strategy=basic
# n_solutions=1
# solve_time=0.00030
43
1 1
1 1
1 1 1
1 2 5 1
1 6 4 1
1 7 4 1
1 2 6 4 1
1 3 6 3 1
1 13 3 1
1 14 4 1
1 15 8 1
1 27 1
1 22 1
1 21 1
1 21 1
1 21 1
1 20 1
1 11 5 1
1 10 4 1
1 8 3 1
1 4 3 1
1 4 4 1
1 6 6 1
1 6 6 1
1 1
43
---
27
1 1
1 1
1 1
1 2 1
1 3 1
1 4 1
1 5 1
1 6 2 1
1 7 2 1
1 2 5 3 1
1 12 4 1
1 20 1
1 21 1
1 19 1
1 16 1
1 14 1
1 11 1
1 10 1
1 10 1
1 8 1
1 8 1
1 7 1
1 6 1
1 6 1
1 7 1
1 1 7 2 1
1 1 8 2 1
1 2 9 3 1
1 4 15 1
1 21 1
1 20 1
1 7 1
1 1
1 1
1 1
1 1
1 1
1 1
1 1
1 1
1 1
27