# solver=cpp-d85c7576
# cpu=AMD EPYC Processor (with IBPB)
# isolated_core=11
# strategy=basic
# n_solutions=1
# solve_time=0.00040
1
1 1 3
2 1 1 1
1 1 1 2 10
1 3 1 1 4
3 2 1 3 3
1 1 2
7 1 1
1 1 1 1 18
1 1 1 2 3 1 2 11
7 1 3 1 1 2 11
1 1 3 2 3 1 2 11
1 3 5 1 1 1 12 4
1 2 1 1 1 1 12 2
1 16 2 1 1 5 2 1
1 2 2 18 1
1 2 2 18 1
1 3 3 18 1
1 1 1 1 21 1
1 1 2 2 1 9
7 10 1 1 1
1 1 1
45
1
3 1 1 1 2
1 1 1 1 2 1
1 1 4 2 2 2
1 3 2 1 1 1 1 1
3 3 4 1 1 9
5 3 1 3
4 1 2 1 15
1 3 5 1 6 3 4
1 2 11 1 13
1 13 7 3 5
6 4 6 1 3
6 4 4 2 1 1 1
2 4 4 4 3 1 1
1 4 4 5 1 1 1
16 1 1 1
7 4 9 2 2
4 4 5 1 10
4 2 5 1 10
1 1 2 1 1 1 20
1 1 2 1 1 1 7 4 2 1
4 4 4 1 1 1 1 1 1 2 1
---
1 2 1
1 1 14 1 1 1 2 2 1
5 1 1 1 1 1 1 1 1 2 1
1 1 1 1 1 2 2 2 11
1 1 1 1 12 1
6 1 1 3 11
2 1 1 1 1 9 1
1 14 1 3 1
1 6 1 1 3 1
2 1 3 1 3 10 1
2 1 2 1 18
1 2 1 1 1 3 14
1 3 1 1 1 10 1
3 1 1 1 2 1
3 1 1 1 3 10 1
2 1 1 1 1 17
1 2 1 1 3 10 1
1 2 1 1 1 2 13
2 1 1 1 2 5
1 1 2 1 2 1
3 3 1 2 1
4 1 1 1
45
1 1 1 1
1 2 1 1 2 3 1 1 3
1 1 1 11 1 1 1 1 2
2 1 2 8 1 5 1 1 2
2 2 5 1 1 2 1 3
1 8 1 1 2 2
1 2 5 1 1 1 1 4
1 8 1 3 1 1 5
1 2 5 1 1 1 1 3
6 8 2 1 1 1 4
4 1 9 1 2 17
2 11 1 10 4
2 11 1 1 16
1 11 1 2 1 1 1 6
1 4 4 1 1 1 1 3
1 4 4 1 3 1 1 3
2 4 4 1 1 1 1 3
1 4 4 1 1 2 3
1 11 1 2 1 1
1 11 1 1 1 1
1 5 1 1 1 3
1 5 5 1 1 1