# solver=cpp-1e16a40
# cpu=AMD EPYC Processor (with IBPB)
# strategy=basic
# n_solutions=1
# solve_time=0.00050
# solver=cpp-eb7e8a1
# cpu=AMD EPYC Processor (with IBPB)
# strategy=basic
# n_solutions=1
# solve_time=0.00050
# solver=cpp-ce7a535
# cpu=AMD EPYC Processor (with IBPB)
# strategy=basic
# n_solutions=1
# solve_time=0.00030
52
1 1 1 1 1 1
1 1 1 1 1 1
1 4 10 1 1 1 1 1 1 1 1 1 1 1
1 1 1 1 1 1 1 1 1 1 1 1 1 1 1
1 1 1 1 1 1 1 1 1 1 1 1 1 1 1
1 10 1 1 1 1 1 1 1 1 1 1 1 1 1
1 1 1 1 1 1 1 1 1 1
1 1 1 1 1 1 1 1 1 1
7 1 4 19 13
1 1 1 1 1 1
1 1 1 1 1 1
1 16 1 1 1 1 16 1
1 1 1 1 1 1 1 1 1 1 1 1
1 1 1 1 1 1 1 1 1 1 1 1
1 1 1 1 1 1 1 1 1 1 1 1 4 1 7
1 1 1 1 1 1 1 1 1 1 1 1 1
1 1 1 1 1 1 1 1 1 1 1 1 1
1 1 1 1 1 1 1 16 1 7 1
1 1 1 1 1 1 1 1 1 1 1
1 1 1 1 1 1 1 1 1 1 1
10 7 1 4 1 1 1 1 1 1 1 1
1 1 1 1 1 1 1 1 1 1 1 1 1
1 1 1 1 1 1 1 1 1 1 1 1 1
1 4 1 1 10 1 1 1 1 1 1 1 1 1
1 1 1 1 1 1 1 1 1 1 1 1
1 1 1 1 1 1 1 1 1 1 1 1
4 1 1 1 1 1 1 1 25
1 1 1 1 1 1 1 1
1 1 1 1 1 1 1 1
1 4 1 1 1 1 31
1 1 1 1 1
1 1 1 1 1
4 43 1
1 1 1 1
1 1 1 1
1 13 13 1 16
1 1 1 1 1 1 1 1 1 1 1
1 1 1 1 1 1 1 1 1 1 1
1 1 7 1 1 1 1 1 1 1 1 1 1 1 1 1
1 1 1 1 1 1 1 1 1 1 1 1 1 1 1 1 1
1 1 1 1 1 1 1 1 1 1 1 1 1 1 1 1 1
1 1 1 1 1 1 1 1 1 1 1 1 1 1 1 1 1 1
1 1 1 1 1 1 1 1 1 1 1 1 1 1 1
1 1 1 1 1 1 1 1 1 1 1 1 1 1 1
1 1 4 1 1 1 1 1 1 16 1 1
1 1 1 1 1 1 1 1 1 1 1 1
1 1 1 1 1 1 1 1 1 1 1 1
1 7 1 1 1 1 1 1 1 1 1 1 1 7
1 1 1 1 1 1 1 1 1
1 1 1 1 1 1 1 1 1
49 1
---
1 49
1 1 1 1 1 1
1 1 1 1 1 1
1 4 1 7 1 1 1 1 1 13 1
1 1 1 1 1 1 1 1 1 1 1
1 1 1 1 1 1 1 1 1 1 1
1 1 1 1 1 7 13 7 1 1
1 1 1 1 1 1 1 1 1 1
1 1 1 1 1 1 1 1 1 1
1 1 13 10 1 1 1 4 1 1
1 1 1 1 1 1 1 1
1 1 1 1 1 1 1 1
1 1 1 1 1 19 1 13
1 1 1 1 1 1 1 1
1 1 1 1 1 1 1 1
1 7 7 1 7 1 16
1 1 1 1 1 1 1
1 1 1 1 1 1 1
1 19 10 13 1
1 1 1 1 1 1
1 1 1 1 1 1
7 1 13 4 1 1 13
1 1 1 1 1 1 1 1
1 1 1 1 1 1 1 1
1 13 1 1 4 1 1 13 1
1 1 1 1 1 1 1 1
1 1 1 1 1 1 1 1
7 1 7 7 1 1 1 13
1 1 1 1 1 1 1 1
1 1 1 1 1 1 1 1
1 13 7 1 1 1 13 1
1 1 1 1 1 1 1 1
1 1 1 1 1 1 1 1
7 1 7 7 1 10 1 4
1 1 1 1 1 1 1 1 1
1 1 1 1 1 1 1 1 1
1 7 1 1 7 1 1 1 7 4 1
1 1 1 1 1 1 1 1 1
1 1 1 1 1 1 1 1 1
1 7 1 13 1 1 1 7 4
1 1 1 1 1 1 1 1 1
1 1 1 1 1 1 1 1 1
7 1 13 1 1 1 7 1 4
1 1 1 1 1 1 1 1 1 1
1 1 1 1 1 1 1 1 1 1
1 7 1 1 1 7 1 1 1 10 1
1 1 1 1 1 1 1 1 1 1 1
1 1 1 1 1 1 1 1 1 1 1
7 1 1 1 7 1 1 1 10 1 1
1 1 1 1 1 1 1
1 1 1 1 1 1 1
52