# solver=cpp-86fd3e96b
# cpu=AMD EPYC Processor (with IBPB)
# isolated_core=11
# strategy=basic
# n_solutions=1
# solve_time=0.00030
3 7
2 3 2 2 2 2
9 1 2 4
1 1 1 1 1 2 1 6
3 1 3 1 7 1
3 1 1 3 1 1 4
1 1 3 1 4
4 5 1 5
5 1 1 5
3 3 2 1 5
3 3 2 5
1 4 2 6 6
7 1 5 1 5
6 1 1 1 6 5
4 1 1 6 5
2 2 2 1 2 6
1 4 6
2 2 6
2 2 3 7
4 17
4 16
5 17
22
4 4 9
3 3 7
2 2 3
2 2
4 4
5 5
0
---
2
3
4
3
2
3
3 4 3 1
5 1 3 9 2
2 2 1 7 8 2
1 3 3 10
3 1 2 3 8
5 1 1 1 1
2 1 2 8
3 3 10
2 2 1 7 8 2
5 1 3 9 2
3 5 1 4 1
4 4 1 5
4 6 5
3 2 2 6
2 7 3 6
1 3 3 6
3 5 2 7
2 9 8
1 23
1 23
5 18
3 15
3 12
5