# solver=cpp-d85c7576
# cpu=AMD EPYC Processor (with IBPB)
# isolated_core=11
# strategy=basic
# n_solutions=1
# solve_time=0.00040
2 3 1 1 1
2 2 3 3 3 3
5 5 2 2 2 1
3 2 1 2 2 3 2 2 1
2 1 1 5 1 5 4
2 1 1 1 1 1 1 2 2 1 5 5
1 1 1 5 1 5 5
1 2 5 1 5 5
1 1 2 4 3 4
3 5 1 1 1 1
2 2 1 1 3 3 5 5
2 2 2 2 2 1 2 3
2 9 3 2 1
1 2 2 1 3 2
1 1 4 1 1 5
2 5 1 1 1 1 1 1
2 2 2 3 1 1 1 1
4 1 2 4 1 1 3 1
1 1 2 1 1 1 1 1 5
7 1 6 1 1 7
1 1 1 1 3 3 1 1
1 1 1 1 1 1 1 1 1 1
1 1 1 1 1 1 1 1 1 1 1 1
1 1 1 1 1 1 1 1 1 1 1 1 1 1 1 1
1 1 1 1 1 1 1 9 1 1 1 1 1
1 1 1 1 1 1 1 1 9 1 1 1 1 1 1
1 1 1 1 1 1 1 1 2 2 1 1 1 1 1 1
1 3 4 3 1 2 2 2 1 1 3 1
1 2 1 1 1 2 2 1 1 1 1 1
16 2 2 5 5 1
---
4
5 2 2 12
4 2 1 2 1 1
2 1 1 1 1 5 1
1 1 1 1 1 1 1 3
1 1 1 3 1 7
2 1 1 2 1 1
1 2 2 11 1
2 1 3
1 6 1 1
1 2 4 3 8 1
3 1 4 1 1
2 1 1 1 1 5
1 1 1 2 1 2 1 1
3 3 3 1 3 1
1 4 3 1 1 1
18
5
2 2 2
2 2 10
1 3 1 4 6
2 5 2 6
1 2 2 1 2
2 5 1 6
1 6 4 6
2 4 10
2 5 2
8 7 2
1 1 2 1 1 1
1 4 2 13 1
3 7 1 1 1
7 1 2 1 5
8 3 1 2
4 3 1 1 5
1 2 1 1
3 18 1
2 7 1 1 1
8 1 1 7
2 5 1 1 1
7 1 7