# solver=cpp-ce7a535
# cpu=AMD EPYC Processor (with IBPB)
# strategy=basic
# n_solutions=1
# solve_time=0.00070
15 14
4 2 7 7 2 3
3 2 5 3 3 3 2 5 2 3
3 2 4 2 8 2 4 2 3
2 4 2 3 6 3 2 2 2 3
1 1 3 2 3 4 3 2 2 2 2
1 2 2 2 2 2 2 2 2 1 1
1 1 2 3 2 4 2 4 2 2 2 1
1 1 2 2 2 4 7 3 2 3 2 1
1 1 2 3 1 3 4 2 2 2 2 1
1 1 2 3 1 6 2 5 1 3 2 1
1 1 3 3 1 2 2 2 2 3 3 1
1 2 3 3 1 2 2 2 1 1 3 4 1 1
1 1 6 2 1 2 2 2 8 2 1
2 3 2 2 2 1 1 2 1 2 5 2 2
2 2 2 1 3 3 2 2 2 2
2 3 3 2 3 3 3 2 2 2
2 4 4 4 5 2
3 5 5 2
13 14
6 2 2 6 4
7 1 1 8 3
8 2 2 7 2
8 2 6 2 6 3
7 2 10 3 1 5 3
6 1 3 3 3 2 3 5
5 1 1 4 2 3 2 2 1 4
3 1 2 3 1 2 2 1 3 2 1 3
4 1 1 2 3 2 2 2 2 3 1 3 1 3
3 1 1 3 2 4 4 2 2 2 1 1 2
2 1 1 2 2 8 2 4 4 1 1 2
11 2 2 2 1 2 10
3 2 8 2 1 2
3 4 2 1 2 10 2 2 4 3
6 3 2 2 5 5 3 5 3 4
2 10 3 2 1 2 6
9 2 2 2 10 3 3 3
1 9 2 7 3 4 4 2
11 4 2 2 4 6 4 3
5 11 3 1 11 1 3 11
---
12 2 2 1 1
3 2 4 2 4
3 7 2 2 1 2 1 2
3 2 2 2 2 1 3 2
2 1 5 2 3 1 3 2
2 1 8 1 1 3 3 2 1 1
1 1 3 3 2 2 3 1 1 1 1
1 1 2 2 1 1 4 1 1 1 2
1 2 2 2 1 5 4 4 2
1 2 2 1 1 4 1 2 3
1 2 3 1 1 5 1 2 3
1 2 3 2 6 2 5
1 1 3 1 6 5 4 1
1 1 3 2 5 1 3 1 1
3 4 2 6 2 2 1 3
2 5 2 6 4 1 1 3
1 4 2 5 1 8
1 2 4 1 6
2 3 7 2
1 2 3 9 1
2 2 3 9 2
1 2 2 6 3
1 2 3 3 4 2
1 2 3 3 3 4 1
1 1 2 1 2 2 2 2 1
2 2 2 2 1 4 2
3 1 2 2 2 3 2 1
3 2 2 2 4 2 2 1
3 2 2 2 2 1 2 2 1
8 2 4 2 1
8 2 4 2 1
3 2 2 2 1 2 2 1
3 2 2 2 4 2 2 1
3 2 2 2 2 3 1 2
2 1 2 3 1 4 2
1 1 2 2 2 2 2 2
1 2 1 1 2 3 2 2
1 2 3 3 4 2
1 2 2 3 6 3
2 2 2 9 3 1
2 2 3 9 3 2
2 2 8 1 2 3 1
1 2 3 5 1 3 2 2
1 4 2 6 2 2 1 1 2
2 5 1 5 4 2 2 2 1
3 4 2 5 2 1 2 1
1 1 3 2 4 2 3 2
1 1 3 2 5 5 1 1 2
1 2 3 1 5 1 2 1 2
1 2 2 1 1 4 2 1 1 2
1 1 2 1 1 4 4 2 1 1
1 2 2 2 1 4 1 1 1 1
1 1 2 3 1 1 3 1 2 1 1
1 2 2 2 1 3 3 1 1 1
2 2 2 3 1 3 1 2 1 1 1 1
3 2 6 2 2 1 2 3 1 1 1
3 2 4 2 2 1 1 3 2 2 1 1
3 2 2 2 2 2 1 2 3
3 2 1 1 4 1 2
11 1 1 2 1 1