# solver=cpp-86fd3e96b
# cpu=AMD EPYC Processor (with IBPB)
# isolated_core=11
# strategy=basic
# n_solutions=1
# solve_time=0.00030
3
5 3
5 3
5 3
5
11 1
3 2 2 5
3 1 2 2 2
3 2 4 1 1
1 3 1 6 2
4 1 5 1 1
2 2 5 1 1 2
1 1 5 2 3 1
5 1 5 1
3 2 4 1 2 3
2 1 3 1 1 4
2 4 3 2 3
1 4 1 1 1 3 1
5 1 1 3 1 2
4 2 3 3 2
2 2 4 1 2 1 1
2 1 4 1 3 1 2
2 2 5 1 3 2 1
2 1 4 3 1 2 2 1
1 1 5 3 1 2 2 1 1
---
1 4 2
1 2 2
1 2 2 1
1 5 2 1
2 2 1 3 3 1 1
1 1 1 8 1 1
1 2 4 1 2 1 2
1 1 1 3 1 4 3
2 3 3 1 3 1 3
1 1 5 1 2 1 3
1 3 3 1 3 1 2 1
1 1 3 1 3 1 3 1
8 4 1 3 2
6 1 2 1 2 1
2 3 3 9
4 3 2
5 3 4
2 1 3 7 1
1 1 3 3 2 3
2 1 4 4 2
1 2 2 3 1
2 1 4 2
1 1 3 2 2
1 2 2 2 2
4 2 2 2 2