# solver=cpp-b64f6aebe
# cpu=AMD EPYC Processor (with IBPB)
# isolated_core=11
# strategy=basic
# n_solutions=1
# solve_time=0.00040
40
40
40
15 1 18
11 1 1 1 18
9 1 1 15
8 1 1 13
9 1 11
6 11
5 11
5 12 10
6 3 4 13
4 5 2 10
4 7 2 10
3 1 14 1 11
3 5 2 10
3 4 3 10
4 17 1 9
4 3 2 11
10 2 11
9 11 9
14 3 3 10
8 1 7 1 8
12 2 3 1 3 2 1 8
9 1 3 2 1 2 1 8
9 2 3 3 1 8
10 1 1 3 1 8
12 1 1 1 4 8
8 2 2 2 9
9 1 1 2 2 3 10
10 1 1 2 9 10
10 8 7 10
10 7 4 11
11 2 1 3 3 11
13 1 2 1 11
12 8 1 1 11
19 1 1 11
16 1 1 11
20 2 12
14 2 2 1 12
14 2 4 13
14 14
14 15
15 16
17 19
---
45
45
45
14 28
12 1 26
9 1 26
8 32
8 33
6 1 10 5 16
5 7 1 1 1 2 15
8 5 1 1 2 1 12
4 5 1 1 1 1 11
5 1 2 1 1 1 1 3 2 9
4 1 1 1 5 1 3 9
5 1 1 1 10 3 2
3 1 1 1 2 6 1
3 1 1 1 2 2 3 1
3 1 1 1 4 8 1
3 1 1 1 5 4 2 2
5 1 1 1 5 1 3 1 3
3 1 1 1 1 1 3 1 1 1 1
3 2 1 1 2 1 2 1 1 1 1
5 2 1 1 1 1 1 2 1 2 1
6 3 2 1 2 3 1 1 1
5 6 1 2 1 9 2
7 6 1 4 3
6 4 3 8 4
7 1 12 5
7 1 9 7
10 1 1 2 1 13
17 2 1 4 16
22 17
45
45
45
45
45
45
45
45