# solver=cpp-6dc88e3e
# cpu=AMD EPYC Processor (with IBPB)
# isolated_core=11
# strategy=basic
# n_solutions=1
# solve_time=0.00040
2 2 1 3 2
3 3 2 2
3 2 3 1 2
1 3 3 1 2
4 1 2 1 3
6 3
1 1 3 3
4 1 3 2 2 2
4 4 2
2 3 3 2 1
2 1 3 1 3
1 5 5 1
3 1 3 5
4 6 2
1 2 5 3
3 2 6 1 1
2 7 1 2
2 5 1
2 3
2
2
2
4
20
7
2 6
2 2 1 3
3 2 1 1 2
2 1 1 1 2 3
2 1 2 2 1 3
---
2 1 1 1 1 1
1 1 3 2 1 2
1 1 1 2 1 2 1 1 2
3 1 3 3 1 1 1 1
1 1 1 2 2 1 3
3 2 3 2 2 1 2 1
1 2 1 2 1 3 3 3
1 2 3 3 2 2
2 1 3 2 1 3 5
25 1
28
2 3 5 4
2 1 2 4 6
1 1 2 3 1 1 2 2
1 5 5 1 1 2
3 1 2 1 1 2
4 1 3 1 1
2 1 4 4 1 2
2 2 2 1 1 2 1 1
1 1 1 2 2 1 1