# solver=cpp-6b570c1b3
# cpu=AMD EPYC Processor (with IBPB)
# isolated_core=11
# strategy=basic
# n_solutions=1
# solve_time=0.00030
7
4 7
2 2 3
1 1 6 3
2 2 1 4 3
3 3 3 3
3 3 2 3
2 2 2 2
2 3 2
2 2 4
2 2 6
2 2 2 1
2 2 2 4 1
2 3 2 5 1
2 3 2 5 1
3 4 2 5 2
3 1 2 6 2
4 2 2 1 3 2
4 3 2 2 2 1
4 2 1 2 1 2 2
4 2 3 1 2 3
4 2 6 2 4
4 2 5 2 5
4 3 2 7
9
---
0
19
20
4 9
6 7
3 10
2 5 5 4
1 2 2 8
1 1 1 2 2
2 1 2 2 1
1 2 2 3 1
1 1 2 4 1
2 1 2 1 3 1
2 1 1 3 2 1
2 2 1 1 1 1 1
2 2 2 1 1 2
2 2 2 5 2
2 3 1 5 2
3 3 5 2 1
3 2 1 5 2 1
3 3 4 2 2
3 2 3 2 3
3 2 2 2 4
2 2 2 5
6 6