# solver=cpp-eb7e8a1
# cpu=AMD EPYC Processor (with IBPB)
# strategy=basic
# n_solutions=1
# solve_time=0.00040
# solver=cpp-ce7a535
# cpu=AMD EPYC Processor (with IBPB)
# strategy=basic
# n_solutions=1
# solve_time=0.00020
4 4 4 2 1 1 4 4 1 1
1 2 2 2 1 1 2 2 1 1
1 1 2 1 2 1 2 1 1 1 1 2 1 2 1 1 1
2 4 4 4 1 1 4 4 1 1
2 2 2 1 1 1 2 2 1 1
1 2 1 2 1 2 1 1 1 1 1 2 1 2 1 1
4 4 4 2 1 1 1 4 4 1 1
1 2 2 2 1 1 2 2 1 1
1 1 2 1 2 1 2 1 1 1 1 2 1 2 1 1 1
2 4 4 4 1 1 1 1
2 2 2 1 1 15 1
1 2 1 2 1 2 1 1 1 1
4 4 4 2 1 2
4 4 4 3 8 8
1 1
28 8
1 1
1 1
12 12 8
10 2 12 8
10 4 11 8
10 5 11 8
8 6 11 8
8 4 2 10 8
8 3 2 7 2 2 5
7 5 3 8 1 1 6
6 3 2 22
6 5 4 22
6 3 3 22
6 4 5 22
6 2 3 23
1 3 5 1
1 7 1
4 1 6 24
3 2 4 25
2 2 26
1 2 3 28
2 3 29
3 3 30
2 3 31
---
3 1 3 1 1 13 4 2
1 1 1 1 2 1 13 3 2
1 1 3 1 4 1 13 2 2
1 4 5 1 13 1 2
4 4 2 1 13 1 2 1
3 1 3 1 1 14 2 2
1 1 1 1 2 1 8 2 3
1 1 3 1 4 1 7 5 3
1 4 5 1 4 9 2
4 4 2 1 4 7 4 1 1
3 1 3 1 1 1 6 1 3 2
1 1 1 1 2 1 1 6 1 4 3
1 1 3 1 4 1 4 1 1 4 4
1 4 5 1 4 1 5 4
4 4 2 1 5 1 6 5
3 1 3 1 1 11 6
1 1 1 1 2 1 2 6 8
1 1 3 1 4 1 5 2 7
1 1 13 7
12 1 13 7
2 1 13 7
1 1 13 7
11 1 1 13 7
1 1 1 13 7
1 1 1 1 1 1 13 7
1 1 1 1 1 6 6 7
4 3 1 1 1 7 5 7
9 1 18 7
1 4 1 5 7
1 1 1 1 1 5 7
1 1 1 5 7
4 3 1 5 7
9 1 18 7
1 4 1 1 1 7 5 7
1 1 1 1 1 1 1 6 6 7
1 1 1 13 7
11 1 1 13 7
1 1 13 7
2 1 13 7
14 1 13 7