# solver=cpp-86fd3e96b
# cpu=AMD EPYC Processor (with IBPB)
# isolated_core=11
# strategy=basic
# n_solutions=1
# solve_time=0.00030
4 5
4 11
14
3 12
14
4 2 4
2 4 2
2 5 3
1 4 2
1 1 4 1 1
2 2 6 1
2 2 4 1 2
2 2 3 2 2
1 2 7 2
2 1 1 3 2 1
2 2 1 2 1 1 2
1 2 2 1 2
2 2 2 2 2
2 2 2 1 2 1
2 2 1 2 1 2
2 1 1 1 2
1 2 2 2 3
2 9 1
1 8 1 2
2 2 6 1 2
5 4 3 2
4 1 2 2 1
2 2 6 2
1 4 2
7 6
---
2 2 2 9
2 1 2 1 4 1
1 1 2 1 2 2 1
5 2 2 1 2 1
7 2 2 1 2 2
3 8 1 2 2 1 3
1 4 3 2 2 3 4
5 1 1 2 2 1 4 1
5 1 2 3 2 8
4 8 1 7
16 1 4 1
9 6 5 1
5 1 4 2 1 4 2
6 1 1 2 1 3 2 1 2
9 2 2 3 1 1
10 2 2 1 4 1
5 2 2 2 2 1
1 1 2 2 1 1 1
2 2 1 3 1
1 2 2 5 1