# solver=cpp-86fd3e96b
# cpu=AMD EPYC Processor (with IBPB)
# isolated_core=11
# strategy=basic
# n_solutions=1
# solve_time=0.00040
1 4
2 2 2
2 2 1 1 1
2 8 2 1 5
2 8 3 3 3
3 8 8 2
2 10 3
3 13
1 13 1 1
4 1 1 1 1 1 1
1 1 1 1 1 1 1
1 1 1 2 1 1 1
1 1 1 2 11 1
1 1 1 2 14
1 1 15
1 1 2 1 2 1 1 1
1 1 1 2 2 2 2 3 1
1 1 1 2 2 2 2 3 2
1 1 1 2 2 2 2 3 3
1 1 2 1 2 1 5
5 2 1 2 1 1 3
28
1 2 1 1 1 2 1
5 2 2 1 6 1 1
4 1 2 1 2 1
1 1 1
6
1 1 1 17
6 18
1 1 19
---
2
1 1 1 4
17 2 1 2
5 1 2 2 3
3 2 3 3 7 1
1 1 2 3 1 1 2
5 1 11 4
4 1 2
4 1 1 1
4 1 3 3 1 1
4 1 3 3 1 2
4 1 2 1 1
4 1 1 2
6 1 1 1 1 3
3 1 1 9 1 3
3 15 1 3
6 2 3 1 3
2 2 1 10 1 3
1 2 1 1 2 3 3 1 1 3
2 2 1 3 2 1 3
5 1 2 12 3
3 1 10 1 3
1 1 1 2 3 1 1 3
2 1 10 1 3
12 3 3 3
4 10 1 3
2 2 1 1 3
15 1 3
1 5 1 3
3 1 3