# solver=cpp-eb7e8a1
# cpu=AMD EPYC Processor (with IBPB)
# strategy=basic
# n_solutions=1
# solve_time=0.00040
# solver=cpp-ce7a535
# cpu=AMD EPYC Processor (with IBPB)
# strategy=basic
# n_solutions=1
# solve_time=0.00050
8 8
10 2 2
3 2 1
2 2 2 9
2 1 1 2 2
2 7 2 4 1
1 9 2 2
1 2 1 12
1 1 1 1 2 3
1 2 2 6 1
2 8 2 1
4 4 3 1
1 7 2 1 10
3 2 1 3 3
2 2 1 2 3 1
2 8 2 1
3 4 1 1
3 2 2 3 6 1
1 3 2 1 3 3
2 2 1 10
3 6 3 1
1 10 1 5
1 2 1 2 3 2
3 5 1 12
2 2 2 2 1
3 4 2 1
1 6 1 3 1
1 1 1 1 2
2 2 1 1 2
8 2 7
---
4
4 7 4
4 2 2 8 5
3 3 3 2 2 3 1
2 2 3 3 3 2 2
2 2 1 1 1 1 2 1 1 1
2 2 1 1 1 1 2 2 1 1
2 2 1 1 1 1 2 1 1 1
2 2 1 1 1 1 2 1 1 1
2 2 3 3 2 1 2 1
3 1 2 2 2 3 1
3 3 13 2 2
3 2 4 4 3 4
0
0
0
3
2 11 4 5
1 3 3 3 7 1
1 2 2 2 1 4 3 2
1 2 2 3 2 1 1
1 1 1 1 2 3 2 1
1 1 1 1 2 1 1 2 1
1 1 1 1 1 1 1 1 3 1
1 1 1 1 1 1 1 1 1 1 1
1 1 1 1 1 1 1 1 1 1 1
1 1 3 2 3 1 1 1
2 1 2 2 2 3 2
1 2 15 2 2
3 5