# solver=cpp-d85c7576
# cpu=AMD EPYC Processor (with IBPB)
# isolated_core=11
# strategy=contra
# n_solutions=1
# solve_time=0.00040
21 1 4
25 2
14 1 1 1
1 8 7 1 3 1
1 2 1 2 2 1
2 4 4 1 1
4 2 1 1 2
1 2 1 2 6
2 1 1 1 3 2
1 1 2 1 1 1 2
2 1 3 1 3 1
1 1 1 1 4 1
2 4 1 1
3 6 1
2 3 1 1
1 5 3 2
1 5 2 2
1 1 2 3 2
2 1 1 3 3
2 12 1 3
2 7 1 2 1
1 5 2 1 2 1
3 1 2 2 2 2
2 2 1 4 2 6
2 5 7 2
---
2 5
3 2 2 1
6 1 2 2
3 2 2 4
4 1 5 1
5 3 1 2
7 2
4 1 4 1
4 1 4 2 1 1
4 1 1 1 4 1 4
4 1 3 4 1 1 1
4 3 5 4
3 5 1 6
3 1 3 1
4 1 2 1
2 2 5 1 2 2
2 1 2 1 3 4
2 1 1 5 1 3 1
2 1 1 2 2 5 2
2 1 7 3 3
2 2 6 1
1 2 1
2 1
3 2
1 2 2
1 2 1 3
1 3 1 2 1
1 1 1 3 1
2 4 5 2
21 1