# solver=cpp-6dc88e3e
# cpu=AMD EPYC Processor (with IBPB)
# isolated_core=11
# strategy=basic
# n_solutions=1
# solve_time=0.00030
13 1 1 6
13 5
13 5
4 2 1 1 1
4 1 10
23
7 15
8 2 2 8
6 1 2 2
7 1 1 1
6 1 1 1 1 1
4 1 1 1
6 1 3 2
2 2 5 4
1 2 1 2 1
1 1 1 1 1 1
2 2 2
3 3
2 2
2 1 2
2 2 1
1 7 3
1 1 8
1 1
2 3
---
2 3 4 5
3 6 2 2 2 1
3 8 2 3
13 1 2
13
15
8 2 2
3 3
3 1 2
6 5 3
4 3 2 1
3 2 1 2 1
3 3 4 1
1 3 1 1 1
1 5 1 1
5 1 1 2
3 5 1
1 5 1 1 1
1 4 1 1 1
3 4 1 1 1 3
3 4 5 1 1
9 2 1 1
3 8 2 2
2 3 2 1
1 2 3