# solver=cpp-1e16a40
# cpu=AMD EPYC Processor (with IBPB)
# isolated_core=11
# strategy=basic
# n_solutions=1
# solve_time=0.00040
1 3 3 3
1 1 1 2 1 1 3
3 1 1 5 1 1 4 1
3 1 3 2 1 1 7
4 2 1 2 1 7
8 1 10
9 1 1 9
6 1 9 2
6 6 1 2
5 1 1 4 2 1
4 1 3 1 1
2 1 3 2 4 2 1
2 4 2 7 1
3 6 2
1 2 2
1 1 2 2
1 2 2 1
2 1 2
1 2 1
1 2 1
2 1 6 1
2 2 3 1 1 1
2 1 3 1 2 1 1
1 1 1 4 1 2
3 3 1 4 1 2
4 1 3 3 3 2
5 4 5 1 1
6 4 3 2 2
6 5 5 2
13 8
---
7
8
12
13
6 1
11 2 1
1 5 1 2
2 2 1 3
3 2 3 4
2 1 1 4 5
2 1 1 2 2 6
1 1 1 1 4 2 6
1 1 2 6 1
1 1 1 1
2 2 6 2
2 2 1 1 4
1 5 1 6
2 5 1 5
2 7 8
1 2 4 1 1
3 4 2 7 1
4 2 1 7
3 1 3 1 8
5 1 2 7 4
6 1 1 2 2 2
7 1 2 1 3
6 2 2 6 1
6 1 3 2 2
3 2 5 6 2
4 6 3 5