# solver=cpp-1562f45ac
# cpu=AMD EPYC Processor (with IBPB)
# isolated_core=11
# strategy=basic
# n_solutions=1
# solve_time=0.00030
0
0
0
1 1 3 3 1 1 3 1 1
2 2 1 1 1 1 1 1 1 1 1
1 1 1 1 1 1 1 2 2 1
1 1 1 1 1 1 1 1 1 1
1 1 3 1 1 1 1 3 1
0
3 3 1 1
1 1 1 1 1 1
2 1 1 1
1 1 1 1 1
3 3 1
0
2 8 3
4 11 5
9 2 5 2
2 5 2 4 2
2 14 2
2 3 4 2
3 2 2 2
5 5
4 2 2 5
1 5 1
2 2
7
0
0
0
---
0
0
5
1 4
1 7
1 3 2
5 3 3
3 2
5 7
1 1 5 6 2
5 1 1 1 5 1
2 2 5 1
5 2 1 1 1
1 5 2 1 2 1
5 1 1 5 1 1
5 5 1 1
5 2 1 1 1
1 2 2 1 2 1
2 2 3 6 1 1
2 5 1
5 5 3
1 1 1 8
1 1 3 2
2 2
2 3 3
3 7
2 3
0
0
0