# solver=cpp-86fd3e96b
# cpu=AMD EPYC Processor (with IBPB)
# isolated_core=11
# strategy=basic
# n_solutions=1
# solve_time=0.00040
3
2 2 3
4 1 7
1 12
1 1 1 1 1 3
1 3 2 3 3
8 2 1 4
2 2 4 2 1 2
2 3 5 4 2
1 3 2 6 4
3 2 3 2 1 1 1 1
1 3 2 2 2 1 2 2
4 2 3 1 1 1
5 5 1 6 3
3 9 4 3
1 6 4 5
1 11 1 5
4 16
3 1 1 11
3 3 1 8
2 6 1 4
2 2 1 2 1
2 1 1 1 1 1
3 1 1 2 1
5 3 1
---
2 3 6
1 2 8
1 3 4 2
2 2 3 3 1
2 3 2 2 2
2 5 2 2 1
3 1 4 3 4 2
2 5 4 2 1 1
2 1 3 7 1 2 2
2 2 8 1 3
5 2 6 1
3 5 1 2 4
2 2 3 3 1 5 3
1 2 1 2 1 4 5
1 4 2 2 7
3 1 2 1 1 1 4
3 3 2 4 3
3 1 1 1 1 2 3
2 2 3 3 3
3 3 1 2 3
4 1 2 1 4
3 2 1 4
3 1 1 5
6 5
2 1 1 1