# solver=cpp-86fd3e96b
# cpu=AMD EPYC Processor (with IBPB)
# isolated_core=11
# strategy=basic
# n_solutions=1
# solve_time=0.00030
21
2 2
3 2
1 2 2
1 2 2
1 21
1 1 1
1 1 2 1 3 3 1
1 1 1 1 1 1 1 1
1 1 1 1 1 1 2 1
1 1 2 1 1 2 1
1 1 1 1 1 1 1 1
1 1 1 1 1 1 3 1
1 1 1 10
1 1 1 1 1
1 1 1 15
1 1 1 1 1
1 1 1 13
1 1 2 1 1 1 1
1 1 4 2 2 2
1 1 3 3 2 2
1 1 2 2 2 2
1 1 2 2 2 2
1 1 2 1 1 1 1 1 2 1
1 1 3 1 1 2 2
2 1 14 2
2 1 1 1 2
2 1 1 1 2
3 1 1 2
21
---
26
3 2
1 2 2
1 2 2
1 2 2
1 25
1 1 1
1 1 1
1 1 6 1
1 1 1 1 1
1 1 2 2 6
1 1 3 1
1 1 6 4 1
1 1 3 2 1 1
1 1 1 1 1 2 1 1 1
1 1 6 3 2 1 1
1 1 1 1 3 4 1
1 1 1 3 2 1 1
1 1 1 3 1 1 3 1 1 1
1 1 1 2 1 5 1 1 1
2 1 3 2 1 1 2 4 1
2 1 1 1 1 1 2 1 1
2 1 1 1 2 2 1 5
3 1 1 1 2 2 1
10 1 1 1 2 2
1 1 2 2 2
1 1 1 2 2
1 1 1 2 2
1 1 1 2 2
1 1 3 2