# solver=cpp-6b570c1b3
# cpu=AMD EPYC Processor (with IBPB)
# isolated_core=11
# strategy=basic
# n_solutions=1
# solve_time=0.00030
3 3 1 3 3 5 1 3
1 1 1 1 1 1 1 1 1 1 1 1 1 1 1 1
3 1 3 1 1 1 1 1 1 1 3 1 1
1 1 1 1 1 1 1 1 1 1 1 1 1 1 1
1 3 1 1 1 1 3 1 1 1 1 1 1 1
0
3
23 5
21 5
21 5
6 1 6 3
6 1 6
6 1 6 7
6 1 6 9
6 1 6 11
21 2 5 2
23 2 5 2
1 1 1 1 1 1 1 1 1 2 2 5 2
1 1 2 5 2
23 2 5 2
2 2 2 5 2
2 2 5
2 2 2 2
2 9 2 2 2
2 9 2 2 2
2 1 1 2 2 2
2 1 1 2 2 2
2 1 1 2 2 2
2 1 1 2 2 2
2 1 1 2 2 2
---
1 14
10 11
5 11 1
1 1 10 1
3 11 1
10 1
1 1 10 1
5 3 3 1 7
1 1 3 2 1 2
3 3 1 2
4 3 2 1 2
1 1 11 1 2
4 3 2 1 2
3 2 1 2
5 3 3 1 2
1 3 2 1 7
5 11 1
10 1
5 10 1
1 1 11 1
5 10 1
11 11
5 1 14
1
5
1
5 7
8
4 3
1 1 3 18
4 5 18
5 10
5 5 18
1 3 18
5 3
8
7