# solver=cpp-1e16a40
# cpu=AMD EPYC Processor (with IBPB)
# isolated_core=11
# strategy=basic
# n_solutions=1
# solve_time=0.00060
3 3 9 10 3 3
3 1 1 6 7 7 1 1 3
3 1 1 5 13 5 1 1 3
3 1 1 4 16 5 1 1 3
3 1 1 4 17 4 3 3
3 3 18 3 3
3 3 3 20 3 3 3
3 1 1 3 20 3 1 1 3
3 1 1 3 8 6 3 3 3
3 1 1 3 4 4 3 1 3
3 3 3 3 4 3 3 3
3 3 3 4 4 3 3 3
3 2 3 1 2 1 1 2 1 3 3 3
3 1 1 3 2 2 2 2 3 1 1 3
3 2 3 1 2 2 1 3 1 1 3
3 1 1 3 1 1 3 1 1 3
3 1 1 3 1 1 1 1 3 3 3
2 2 2 4 2 3 3
2 5 2 1 2 2 1 3 3 3
2 1 1 1 3 1 6 1 4 1 1 3
2 1 1 1 3 1 2 2 1 4 3 3
2 1 1 1 3 2 2 4 1 1 3
2 1 1 1 1 1 1 3 3
2 6 2 2 6 3
2 7 3 6 3 7 2
2 2 1 1 1 1 1 1 2 2
1 1 2 4 4 2 1 1
1 2 2 1 3 3 1 2 2 1
1 3 1 6 1 3 1
2 2 2 4 2 2 2
1 2 1 4 1 2 1
1 2 1 2 1 2 1
1 1 2 2 2 1 1
1 2 1 4 1 2 1
1 1 1 4 1 1 1
1 2 1 4 1 2 1
1 2 1 4 1 2 1
1 8 1 4 1 2 1
2 1 1 2 1 4 1 2 2
1 3 1 2 2 4 2 2 1
1 2 1 1 2 1 4 1 2 1
1 1 1 1 1 1 4 1 1 1
1 1 1 1 2 1 4 1 2 1 1
1 1 1 1 1 1 4 1 1 1 1
4 1 34
2 3 1 32
2 1 1 32
4 6 32
4 32
44
44
---
28 13
26 10 7
17 3 5 4
5 3 2 2 4
5 5 5 1 2 1 1 2
1 1 1 1 1 5 1 11 2
5 5 1 2 1 1 1 1 2
5 1 2 1 1 1 2
17 1 3 4 1 1 2
22 3 3 3 1 1 2
22 2 1 13 2
5 3 1 2 1 2
3 6 5 1 2 7
2 10 5 1 2 7
1 9 6 2 7
1 8 2 4 3 7
1 7 1 3 4 9
7 2 2 8 7
8 1 2 1 1 1 1 12
8 1 2 3 2 2 7
7 2 2 1 1 3 18
7 1 1 1 23
7 1 1 1 23
7 2 2 1 1 3 18
7 1 2 3 2 2 7
6 1 2 1 1 1 1 12
1 7 2 2 8 7
1 7 1 3 4 9
1 8 2 4 3 7
2 9 6 2 7
2 9 5 1 2 7
4 6 5 1 2 7
5 3 1 2 7
22 2 1 2 7
22 3 3 3 7
23 1 3 4 7
1 2 1 9
5 3 1 5 5 1 7
1 1 1 1 1 1 1 1 1 1 1 7
5 5 5 5 2 7
3 7
24 3 7
26 10 7
28 13