# solver=cpp-1e16a40
# cpu=AMD EPYC Processor (with IBPB)
# strategy=basic
# n_solutions=1
# solve_time=0.00040
# solver=cpp-eb7e8a1
# cpu=AMD EPYC Processor (with IBPB)
# strategy=basic
# n_solutions=1
# solve_time=0.00040
# solver=cpp-ce7a535
# cpu=AMD EPYC Processor (with IBPB)
# strategy=basic
# n_solutions=1
# solve_time=0.00020
1 4 4 1 2 1 2 6 2 1 2 6 4 1
50
6 9 6 2 1 2 1 2 1 2 4 1 1
50
50
50
0
50
1 4 4 1 2 1 2 6 2 1 2 6 4 1
50
6 9 6 2 1 2 1 2 1 2 4 1 1
50
1 4 4 4 4 4 4 4 4 4 3
50
0
50
1 4 6 2 1 2 1 2 23
50
6 4 1 7 6 21
50
1 1 2 1 4 2 1 2 1 2 1 21
50
0
40
1 4 4 6 2 4 4 4 1
36 1
1 4 1 7 4 4 6 3 2
40
6 14 4 10 2
40
---
6 7 7
5 1 3 1 1 3 1
6 7 7
6 7 5 1
6 7 7
6 7 7 7
1 3 1 1 1 1 1 1 1 1 1 1 3
6 7 7 7
6 7 5 1 7
6 7 7 7
6 7 7 7
5 1 3 1 3 3 1 1 1 1
6 7 7 7
5 1 5 1 1 1 1 3 3
6 7 7 7
6 7 7 7
1 3 1 1 1 1 1 3 1 1 5
6 7 7 7
5 1 5 1 3 1 7
6 7 7 7
6 7 7 7
5 1 3 1 1 1 1 1 3 3
6 7 7 7
2 3 3 3 1 3 1 1 5
6 7 7 7
6 7 7 7
2 3 3 1 1 1 3 1 1 1 1 1
6 7 7 7
1 3 1 1 3 3 1 1 7
6 7 7 7
6 7 7 7
1 3 1 1 1 1 7 1 1 1 1
6 7 7 7
1 3 1 1 3 7 7
6 7 7 7
6 7 7 7
1 3 1 1 1 1 7 1 5
6 7 7 7
2 3 3 3 7 3 3
6 7 7 7
6 7 7 7
2 3 3 1 1 7 1 4
6 7 7 1 1 1
5 1 5 7 1 4
6 7 7 7
6 7 7
2 3 3 1 1 7
6 7 7
1 3 1 1 3 7
6 7 7