# solver=cpp-ce7a535
# cpu=AMD EPYC Processor (with IBPB)
# strategy=contra
# n_solutions=1
# solve_time=0.00030
8
10
5 12
7 14
9 14
9 14
9 14
13 20
13 20
2 2 3 4 4 3
2 2 2 2 3 3
3 3 3 2 2 3
1 1 1 1 1 1 1 1 3 1 3 1 1
1 1 1 1 1 1 1 1 1
1 2 1 2 1 1 1 1
1 1 1 2 1 2
2 1 2 1 3 1
2 2 2 1 2 1
2 1 1 2 1 1
2 5 2 2 8 2
2 2 2 6 2
2 2 2 2
2 2 2 2 2
2 2 2 2
5 8
---
6
2 2 5
6 5
6 2
6 1 3 1 2
7 1 1 1 2
7 1 1
7 4 1 1
7 1 1 1
7 1 3 1 2
6 1 1 1 2
6 2
6 5
2 2 5
6
0
2 5
5 5
7 2
8 2
7 2
9 2 2
10 2 1 2
10 1 2 1
10 3 2 1
9 2 2 2 1 1
9 2 2 1 1
10 2 2 1
10 2 2 1
10 1 1 2
9 2
7 2
8 2
7 2
5 5
2 5