# solver=cpp-eb7e8a1
# cpu=AMD EPYC Processor (with IBPB)
# strategy=basic
# n_solutions=1
# solve_time=0.00030
# solver=cpp-ce7a535
# cpu=AMD EPYC Processor (with IBPB)
# strategy=basic
# n_solutions=1
# solve_time=0.00020
1 1 3
1 1 1 1 1
1 3 1 1
1 1 1 1 1 1
3 1 1 1 1
0
29
1 1 1 3 1 1 1 2 1 2
1 1 1 1 1 1 1 1 1 1 1 1 1 2
1 1 3 1 1 1 1 3 2 1 1
2 1 1 1 1 1 1 1 1 1 1 1 1 1
4 1 1 1 1 3 1 1 1 1 1 1
29
1 1 1 1 1 1 1 1
1 1 1 1 1 1 1 1
1 1 1 1 1 1 1 1
29
1 1 1 1 1 1 1 1
1 1 1 1 1 1 1 1
1 1 1 1 1 1 1 1
29
1 1 1 1 1 1 1 1
1 1 1 1 1 1 1 1
1 1 1 1 1 1 1 1
29
1 1 1 1 1 1 1 1
1 1 1 1 1 1 1 1
1 1 1 1 1 1 1 1
29
1 1 1 1 1 1 1 1
1 1 1 1 1 1 1 1
1 1 1 1 1 1 1 1
29
---
27
1 3 1 1 1 1 1
1 2 1 1 1 1 1
7 1 1 1 1 1
1 21
1 5 1 1 1 1 1
2 1 1 1 1 1 1 1
1 5 1 1 1 1 1
1 21
2 7 1 1 1 1 1
1 2 1 1 1 1 1 1
5 7 1 1 1 1 1
1 21
4 7 1 1 1 1 1
1 1 1 2 1 1 1 1 1
4 7 1 1 1 1 1
1 21
5 1 5 1 1 1 1 1
1 2 1 1 1 1 1 1 1
5 1 5 1 1 1 1 1
1 21
7 1 1 1 1 1
2 1 1 1 1 1 1 1
1 1 3 1 1 1 1 1
1 21
3 1 1 1 1 1 1
1 4 1 1 1 1 1
3 1 1 1 1 1 1
27