# solver=cpp-a0f9b8019
# cpu=AMD EPYC Processor (with IBPB)
# isolated_core=11
# strategy=basic
# n_solutions=1
# solve_time=0.00030
9 1 7 11 3
1 1 1 1 1 3 1
1 1 7 5 1 7 1 1 1
1 1 1 1 3 1 1 1
1 3 9 5 3 1 1 1 1
1 1 1 1 1 1 3 1 1 1 1
1 1 3 5 1 1 5 1 1 1 1 1
1 1 1 1 1 1 1 1 1 1 1 1
1 1 5 1 1 1 1 1 3 1 1 1 1 1
1 1 1 1 1 1 1 1 3 1 3 1
1 5 1 3 7 3 1 1 1
1 1 1 1 3 1 3
5 1 3 11 1 1 1 3
1 1 1 1 1 1 1 1 1
1 5 1 1 5 1 1 4 2 1
1 1 1 1 1 1 3 2 1 1
5 1 1 1 2 1 1 5 1
1 1 1 1 1 1 1 1 1 1
1 1 7 1 1 1 1 1 1 5
1 1 1 2 1 3 1 1 1 1 1
1 1 1 2 2 11 1 1 5 1
1 1 1 2 2 1 1 1 1
1 1 1 2 5 9 5 1 1
1 1 1 1 1 1 1 1 1
1 1 3 9 5 3 1 1 1 1
1 1 1 1 1 1 1 1 1 1 1 1
1 3 1 1 2 1 2 1 1 1 1 3 1 3
1 1 1 1 1 1 2 1 1 1 1 1 1 1
1 1 1 4 1 1 1 1 3 1 1 1 1 1
1 1 1 1 3 1 1 1 1 1 1 1
1 1 1 11 5 1 5 1 1
1 1 1 1 1 1 1 1 1 1 1
1 1 3 1 9 1 1 2 2 1 1 1
1 1 1 1 1 1 1
5 1 1 1 14 8
---
7 9 17
1 1 1 1
3 7 1 17 1
1 1 1 1 1 1 1
1 3 3 1 1 3 7 7 1
1 1 1 1 1 1 1 1 1
1 1 3 1 5 3 3 7 3
1 1 1 1 1 1 3 1 1
1 1 1 7 1 1 4 1 5
1 1 1 1 4 1 1 1
3 1 1 3 11 1 1 1 3
1 1 1 1 1 5 1
3 1 5 9 1 1 2 1 1
1 1 1 1 1 1 1 5 1 1
1 1 7 1 1 1 1 1 1 1
1 1 1 1 1 2 1 2 1 1 1
1 7 1 1 7 9 1 1
1 1 1 1 1 1 2 1 1 1
3 1 5 1 1 1 1 9 1
1 1 1 1 2 1 1 1 1 1
1 3 1 1 1 1 1 1 1 3 1 1 1
1 1 1 1 1 1 1 1 1 1 1
1 1 3 3 4 4 1 5 5
1 1 1 1 1 1 1
1 1 2 14 9 1
1 1 1 1 1 1 1
1 2 5 4 9 5
1 1 1 1 1 1 3 1
2 9 7 1 3 1 1 1
2 4 1 1 1 1
13 1 1 1 13
1 1 1 1 1 1
1 8 2 3 1 13 1
1 2 1 1 1
27 7