# solver=cpp-6b570c1b3
# cpu=AMD EPYC Processor (with IBPB)
# isolated_core=11
# strategy=basic
# n_solutions=1
# solve_time=0.00030
1 9 6 5
4 29
19 5 1 4
4 29
4 29
1 9 5
1 29
1 1 1 1 6 6
1 1 1 1 5 6
1 1 1 4
6 1 1 6 5
6 1 1 6 5 5
6 1 1 6 1 1 5
6 1 1 6 1 1 5
1 1 1 6 1 1 5
4 1 1 6 5 4
4 1 4 4
4 4 4 19
4 1 4 5
4 1 6 9 5
4 1 1 6 9 5
1 1 6 9 4
5 1 1 6 9 4
5 29
5 1 1 4 6
5 1 1 4 6
5 1 9 5 9
5 1 5 1 1 1 9
1 5 1 1 1 9
29 4
19 1 1
4 29
1 1 29
1 1 29
4 29
---
1 6 6 1 4
4 4 6 6 1 1 1
4 4 6 6 1 1 1
9 4 6 6 1 4
5 4 6 1
1 1 4 1 1
5 29
5 1 1 1 6
5 1 1 6 6
5 1 1 1 6
5 1 19
5 29
4 1 19
4 1 6 19
5 1 5 9
5 1 6 5 1 6
5 1 6 1 1 1 6
5 1 6 1 1 9
5 1 6 1 1 6
9 6 1 5 6
1 4 6 1 5 9
1 5 1 5 1 6
9 1 5 1 6
9 5 1 5 1 6
9 1 1 1 5 9
9 1 1 1 5 1 4
9 1 1 1 5 4 4
1 4 5 1 5 4 4
4 1 1 1 9
1 6 1 6 4
1 6 5 4 6 4
29 4
29 4
29 4
4 29