# solver=cpp-1e16a40
# cpu=AMD EPYC Processor (with IBPB)
# isolated_core=11
# strategy=basic
# n_solutions=1
# solve_time=0.00030
1 10
1 1 1 1 1 1
3 10
2 2 1 1
2 2 2 2 3
2 1 1 2 2
1 2 3 2 1 3
1 1 2 2 1 1 1 1
1 3 3 1 3
1 2 1 2 1 2
1 2 3 2 1 3
1 2 2 1 1 1
1 2 2 1 3
1 3 3 1 2
1 3 3 1 3
1 3 1 3 1 1 1
5 1 5 3
5 1 5 2
5 1 5 3
5 1 5 1 1
6 6 3
17 2
1 1 1 1 1 1 1 3
2 3 2 1 1
---
2
17
2 6 1
2 9 1
17
3 14
2 2 2
2 2 1 1 1
3 1 2 5 3
2 2 1 1 1
2 2 2
3 3 14
1 1 17
3 2 9 1
1 1 2 6 1
3 17
1 1 2
3
1 22
3 3 3 3 3 3
1 3 3 3 3 3 2