# solver=cpp-1562f45ac
# cpu=AMD EPYC Processor (with IBPB)
# isolated_core=11
# strategy=contra
# n_solutions=1
# solve_time=0.00070
4
2 2
2 2
2 2
2 2
2 2
2 2
2 2
2 1 2
2 3 2
2 5 2
2 2 6 2
2 3 7 2
2 2 8 2
2 2 2 2 9 2
2 1 1 2 10 2
2 6 10 2
2 7 2 10 2
2 2 2 2 10 2
1 2 2 10 1
1 4 2 10 1
2 1 1 3 2 10 2
2 6 3 2 10 2
2 6 3 2 10 2
2 1 1 10 2
2 24 2
2 2
2 2
2 2
2 2
2 2
2 2
3 3
4 4
2 2 2 2
2 2 2 2
2 2 2 2
2 2 2 2
2 2 2 2
2 4 2
2 2
2 2
2 2
2 2
2 2
40
1 1
1 6 6 6 2 2 8 1
1 1 1 1 1 1 1 2 2 1 1
1 1 1 1 1 1 1 4 1 1
1 1 1 1 1 1 3 1 1
1 6 1 1 1 2 1 1
1 1 1 1 1 1 2 8 1
1 1 1 1 1 1 2 1 1
1 1 2 1 1 1 3 1 1
1 1 1 1 1 1 1 4 1 1
1 1 1 1 1 1 1 2 2 1 1
1 1 1 6 6 2 2 8 1
1 1
40
---
4 15
2 2 1 1
2 2 1 11 1
2 2 1 1 1 1
2 2 1 1 1 1
2 2 1 1 1 1
2 2 1 1 4 1
2 2 1 5 4 1
2 2 2 1 2 1 1
2 1 3 6 2 1 11 1
2 4 1 2 1 16 1 1 1
2 2 1 2 1 15 1 1 1
2 1 2 6 2 1 1 1 1
2 4 2 1 2 1 1 1 1
2 2 1 2 1 11 1
2 3 1 2 1 1
2 3 3 1 2 1 11 1
2 2 3 3 1 2 1 1 1 1
2 4 1 2 1 1 1 1
1 3 6 1 1 1 1 1 1
1 2 6 1 1 1 1 1 1
2 1 2 1 3 3 1
2 16 2 1 1
2 17 2 1 11 1
2 18 2 1 11 1
2 17 2 1 2 2 1
2 16 2 1 2 2 1
2 15 2 1 2 2 1
2 14 15 1 1 1
2 13 16 1
2 12 2 1 6 1 1
2 11 2 1 1 1 1 1
2 2 1 1 1 1 1
2 2 1 1 1 1 1
2 2 1 1 1 1 1
2 2 1 1 1 1 1
2 2 1 1 1 1 1
2 2 1 1 6 1
2 2 1 1
4 15