# solver=cpp-d85c7576
# cpu=AMD EPYC Processor (with IBPB)
# isolated_core=11
# strategy=basic
# n_solutions=1
# solve_time=0.00020
25
25
4 3 4
5 3 5
2 3 3 3 2
2 3 3 3 2
2 3 3 3 2
2 3 3 3 2
2 3 3 3 2
2 4 4 2
2 2 2 2
10 10
9 9
10 10
2 2 2 2
2 4 4 2
2 3 3 3 2
2 3 3 3 2
2 3 3 3 2
2 3 3 3 2
2 3 3 3 2
5 3 5
4 3 4
25
25
---
25
25
4 3 4
5 3 5
2 3 3 3 2
2 3 3 3 2
2 3 3 3 2
2 3 3 3 2
2 3 3 3 2
2 4 4 2
2 2 2 2
10 10
9 9
10 10
2 2 2 2
2 4 4 2
2 3 3 3 2
2 3 3 3 2
2 3 3 3 2
2 3 3 3 2
2 3 3 3 2
5 3 5
4 3 4
25
25