# solver=cpp-a0f9b8019
# cpu=AMD EPYC Processor (with IBPB)
# isolated_core=11
# strategy=basic
# n_solutions=1
# solve_time=0.00030
13
5 5
7 7
3 5 5 3
3 6 6 3
2 2 5 2 2
3 3 3 3 3
2 2 2 2
2 3 3 2
2 2 2 2
1 2 3 1
1 3 5 3 1
1 5 3 5 1
1 3 2 1 2 3 1
1 2 2 2 1 2 2 2 1
2 2 1 1 1 1 1 1 1 2 2
2 3 2 3 2 3 2
2 5 3 4 2
3 3 5 2 3
2 1 1 2
3 1 1 3
3 5 3
4 1 1 4
4 1 7
13
---
13
6 6
4 4
3 4 3
3 6 3
2 3 3 2
5 2 2 2 3
7 2 1 3 2
9 2 3 1
1 3 5 2 1
1 3 4 2 7
1 3 2 3 1 1
1 2 8 1 1
1 3 3 3 1 1
1 3 4 2 7
1 3 5 2 2
9 2 2 2
7 2 1 2 2
5 2 2 2 3
2 3 3 2
3 6 3
3 4 3
4 4
6 6
13