# solver=cpp-eb7e8a1
# cpu=AMD EPYC Processor (with IBPB)
# strategy=basic
# n_solutions=1
# solve_time=0.00070
# solver=cpp-ce7a535
# cpu=AMD EPYC Processor (with IBPB)
# strategy=basic
# n_solutions=1
# solve_time=0.00050
2 3 12
1 3 4 3
1 2 2 2 2 2
1 1 2 3 1 5
1 1 3 2 3 1 2
1 1 2 2 2 2 1
2 2 2 1 2 1 3
1 2 2 1 1 1 1
1 1 1 2 1 1
1 1 2 1 1 2
1 1 2 3
1 1 1 5 5 1 1
1 1 3 2 2 4 2
1 1 1 1 3 1 1 1 1
2 1 3 1 3
3 2 2 2 2 1 2
1 1 1 6 6 1 1
1 1 1 1 5
1 1 1 1 1 1 3
1 1 1 1 1 2
2 2 3
1 1 2
2 1 8 2
4 1 1 2
4 2 2 1
2 2 2 4
4 4 2 2
5 2 4 3
2 2 7 2
1 11 1
---
1 1 1 15 2
1 2 2 3 2
1 3 3 2 2 1
2 1 2 4 2 1
1 1 3 2 1 5 2
1 1 1 2 4 5
1 2 3 2 2 3
1 2 1 1 2
2 1 2 1 1 1 3 2
1 1 1 1 1 1 2 2
1 1 1 2 4 1 2 1
1 3 5 1 1 1 1
2 1 2 2 1 1 1 1
6 5 1 1 2 1
3 1 2 4 1 2 2
2 2 1 1 3 3
1 1 2 1 1 1 4
1 1 3 1 1 5
4 2 2 2 3 3
2 3 1 4 2 1 2
3 3 2 1 6 2 1
2 1 3 3 2 2
2 2 1 1 4 1
3 2 1 2 3 2
13 2