# solver=cpp-ce7a535
# cpu=AMD EPYC Processor (with IBPB)
# strategy=basic
# n_solutions=1
# solve_time=0.00020
17 3
17 2 2 1
17 2 4
17 4 3
17 5 4
12 11
1 11 6 4
3 10 10 1
1 2 9 5 3
1 2 2 9 3 2 2
2 1 3 4 4 3 3 1 1 1
1 2 4 1 2 3 2 2 1 2 2
3 7 7 1 1 1 3 3
2 6 1 5 2 2
11 8 3
8 2 1 6
9 4 7
15 4 4
16 2 13
13 1 3 3 1
12 4 2 6 2
14 2 4 2
13 4 1 6 2
12 2 1 1 2 1
14 4 11
---
5 16
5 1 13
5 3 2 11
5 2 3 12
5 2 13
6 17
7 16
8 15
9 4 9
11 1 2 8
13 11
11 1 9
13 6 2 1
10 2 1 3 2 2
11 3 2 1 2
16 1 1 1 1
17 1 1 1
9 1 1
7 1
6
3
1 3 1
2 2 2 4
4 1 1 1 5
5 2 2 8
7 3 2 1
10 1 1 1 1
10 1 1 1 1 1
3 1 3 7
1 1 1 5 1
7 3 7
7 2 2 1 5
1 7 1 1 1 1
3 3 2 2 1 5
3 5 1