# solver=cpp-d85c7576
# cpu=AMD EPYC Processor (with IBPB)
# isolated_core=11
# strategy=basic
# n_solutions=1
# solve_time=0.00030
2
2 5
2 7 5
9 6
4 1 4 1
4 4 1
3 2 4 2 1
2 1 2 1 1 1
2 4 1 1
4 5 1
4 2 6 2
5 7 4
6 6 1
6 8 3
12 5
22
14 4
15 4
2 8 1
1 8 2 1
4 7 1 2
5 7 2 1
20 2
7 10 2
7 12
11 5
11 6
11 6 2
14 6 2
21 1
---
1 2 12
2 3 2 10
2 4 2 10
2 4 3 10
5 9 9
16 8
6 2 4 8
5 2 5 1 5
3 2 5 1 5
3 1 9 1 5
3 2 19
3 16 2
20 2
21 2
4 17 1
9 11 3
3 2 1 7 3
2 1 1 1 8
2 3 3 1 8
2 2 3 9
7 3 3 6
6 4
4 2 2
4 3 2
3 2 2