# solver=cpp-86fd3e96b
# cpu=AMD EPYC Processor (with IBPB)
# isolated_core=11
# strategy=basic
# n_solutions=1
# solve_time=0.00040
12 14
12 3 15
11 2 13
10 3 4 8
11 2 3 1 1 7
12 2 7
11 7
10 8
10 1 10
12 2 8
12 4 7
13 4 7
14 3 6
11 2 2 6
10 3 1 5
9 1 4 4
1 2 2 2 2 3
1 1 12 2 2
15 2 1
16 1 1
16 4
1 15 3
1 13 2
1 12 1
3 10 2
4 12
4 7 2
5 5 2
6 2 3
7 1 4 2
7 1 2 4 1
8 1 2 1
8 2 2
9 2 2
10 2 3
11 3 3
12 3 4
13 3 5
14 3 5
18 6
17 7
15 8
14 8
14 7
14 7
---
18 2 21
16 22
16 21
16 20
16 18
18 17
17 2 16
16 6 14
16 7 12
15 9 11
3 3 5 10 10
2 1 4 11 9
2 1 2 11 8
2 1 2 13 7
2 3 18 3
2 2 4 1 11 1 2
1 2 5 10 3
1 1 3 9 3
8 1 3
7 1 3
1 1 5 2 2
2 1 3 3 2
5 2 1 2 2
4 2 1 2
5 2 2 2
4 1 2 1 2
3 1 3 2
4 3 1 1 2
12 2 5
14 3 6
15 2 1 8
16 2 1 9
17 1 1 11
18 1 13
20 16