# solver=cpp-a0f9b8019
# cpu=AMD EPYC Processor (with IBPB)
# isolated_core=11
# strategy=contra
# n_solutions=1
# solve_time=0.00030
4 6 5
3 3 4
2 2 3
6 1 4
3 3 2 6
5 4 3
1 2 12 1
3 3
3 4 3 1
4 1 1 2 1 1 1 1
3 2 3 1 4 1
3 4 1 1 1
5 1 2 1
2 5 2 1 1
5 4 2 1 2
1 5 1 4 2 2
2 6 1 4 2
1 5 1 3 3 2
4 5 2 3 2
3 3 4 3 4
2 8 3
2 1 1 5 3 4
1 8 3 1 3
1 2 3 1 4 5
3 3 3 1 8 2
---
1 1 2 3
2 2 2 3 1
3 2 2 9
1 1 2 1 3 2 2
1 2 2 5 2 2 1
11 4 1 3
3 11 6
1 3 10 2
1 2 2 7 1
1 1 3 1 5
1 1 1 6 1
1 1 1 1 6
1 1 1 3 2 6
1 2 1 1 2 2 2
1 3 2 3 2 2
7 5 3 1
3 2 2 1 1 1
2 1 1 1 1 2 1
2 1 4 2 1 1 1
4 1 1 1 2 1 2 1
5 1 3 2 2 2
5 1 1 1 2 4
2 2 1 1 5
1 1 1 11
1 17 2