# solver=cpp-d85c7576
# cpu=AMD EPYC Processor (with IBPB)
# isolated_core=11
# strategy=contra
# n_solutions=1
# solve_time=0.00030
1 1 3 2 1
1 3 5 2 3
13 3 2 3
14 3 2 3
14 5 2 4
9 2 3 2 4
9 2 5
1 1 1 8
2 2 8
3 7
1 3 6 7
1 1 2 1 1 8
2 1 1 1 1 1 8
4 1 1 1 6 1 1 3
4 1 3 3
4 8
3 6
1 1 10
3 2 2
1 8 2
2 1 2 1 2
1 2 1 2 1 8 2
15 3 4
3 1 1 1 3 1 4
11 1 2
---
3 1 1
9 3 3
5 1 4 3
5 1 4 3
5 1 1 4 3 1
5 1 1 1 2 5
5 2 1 1 1 1 1
5 3 1 8
5 3 1 1 1
8 5
5 1 2 3 1
5 2 3
4 7 1 3
2 1 1 2 1 3
1 1 2 1 1
1 1 2 1
8 1 1 2 1
7 7 3
6 2 2 1
1 1 2 1 1 2
1 1 1 4
1 1 1 1 2
6 2 2 1 1
4 6 1 1
6 1 1
7 1 2
10 1 2 2
13 3 4
14 2 4
12 2