# solver=cpp-6b570c1b3
# cpu=AMD EPYC Processor (with IBPB)
# isolated_core=11
# strategy=basic
# n_solutions=1
# solve_time=0.00030
25
1 1
1 1 2 4 4 4 1
1 1 2 1 1 1 1 1
1 3 1 1 1 1 1
1 2 3 3 4 1
1 3 1 1 1 1
1 1 2 1 1 1 1
1 1 2 4 4 1 1
1 1
1 1
1 1
1 1
1 1
1 1
1 1 1
1 2 1
1 3 1
1 4 1
1 5 1
1 20 1
1 21 1
1 21 1
1 20 1
1 5 1
1 4 1
1 3 1
1 2 1
1 1 1
1 1
1 1
1 3 1 4 1 1 5 1
1 1 1 1 1 1 1 1 1 1
1 1 1 1 1 1 1 1 1
1 3 1 1 3 1 1
1 2 1 1 2 1 1 1 1
1 1 1 1 1 1 1 1 1 1
1 1 1 1 4 1 1 1 1
1 1
25
---
40
1 1
1 7 2 7 1
1 3 4 1 2 1
1 2 2 6 4 2 1
1 2 2 8 1
1 1 1 10 7 1
1 12 1
1 7 14 7 1
1 1 1 1 4 1 1 1
1 1 1 1 4 1 1 1 1
1 1 1 4 2 3 1
1 4 1
1 7 4 7 1
1 1 1 1 4 1 1
1 1 1 1 4 7 1
1 1 1 4 1
1 4 1 1
1 7 4 1 1
1 1 1 4 7 1
1 1 1 4 1 1
1 4 4 1 1
1 4 1
1 1
40