# solver=cpp-1562f45ac
# cpu=AMD EPYC Processor (with IBPB)
# isolated_core=11
# strategy=contra
# n_solutions=1
# solve_time=0.00030
9
6 6
2 2 2 2
2 2 4 4 2 2
2 2 2 1 1 2 2 2
1 1 1 2 1 2 1 1 1
1 1 1 4 1 4 1 1 1
1 1 15 1 1
1 1 1 1 1 1
1 2 2 1
1 1 3 1 1
1 1 1 1 2 2 1 1 1 1
1 1 1 2 2 1 1 1
1 1 1 1 3 1 1 1 1
1 1 1 1 1
1 1 1 1 1
1 1 1 1 1
1 1 1 3 1 2 1
1 1 2 2 2 2 2 1
1 2 3 3 2 1
1 3 3 1
1 1 2 2 1 1
1 2 3 3 2 1
2 1 7 1 2
3 3
---
20
2 2
2 1
2 13 3
1 2 1 6
3 4 2
2 1 1 1 1 2
1 2 2 1 2 2
2 1 3 1 1 2 1
1 1 3 1 2
1 1 2 2 2 1
1 1 1 4 2 1
1 3 1 5 1
1 1 1 4 2 1
1 1 2 2 2 1
1 1 3 1 2
2 1 3 1 1 2 1
1 2 2 1 2 2
2 1 1 1 1 2
3 4 3
1 2 1 6
2 14 3
2 1
2 2
20