# solver=cpp-1562f45ac
# cpu=AMD EPYC Processor (with IBPB)
# isolated_core=11
# strategy=contra
# n_solutions=1
# solve_time=0.00040
13
5 2
10 2 2
1 3 5 2
1 5 6 3
2 2 1 1 3 3
11 11 3
1 1 2 1 2 1 1 1 3 3
1 1 3 2 2 3 2 1
1 2 2 3 2 1
2 8 8 2
2 5 4 2
1 2 2 2
1 2 3 2
1 1 3 1
1 1 5 1
1 3 2 1
1 2 2
1 2 3 3
2 12 4
3 7 1 2
1 1 2 2
2 1 1
4 1
3 2 4
2 4 7
2 3 3 5 5
1 3 11 5
3 4 4 4
4 5 4 4
---
3 4
10 4 1
2 5 2
6 2 3
1 3 1 4
3 5 4
2 2 2 1 3
2 4 2 2 1
3 1 3 2 4 1 2 2
3 1 1 1 4 1 1 4
1 1 1 3 3 2 2 4
1 3 1 3 1 2 3
1 2 6 1 2 1 1
1 2 3 2 2 1
1 2 2 1
1 5 2 2 1
1 1 2 4 1 2 2
1 3 1 5 2 3
1 3 3 3 2 4
1 2 1 1 2 2 4
2 2 3 1 2 2 2
1 3 1 1 1 1
1 3 2 2
2 5 2
2 3 4
1 2 2 4
2 3 5
3 3 4
17 4
2 4 5 3