# solver=cpp-ce7a535
# cpu=AMD EPYC Processor (with IBPB)
# strategy=contra
# n_solutions=1
# solve_time=0.00080
14
3 3
3 2
7 2
3 2 2
4 1 2
5 2 1 1
3 4 3 3 2 1
3 5 3 3
1 2 2 2
3
2
1 1 1 1
1 2 2 1
2 1 2 1 1
2 2 3
3 12 3
4 1 2 2 1 1
1 2 2 3 1 2 2
3 2 1 2 2 3
1 1 1 2 6
1 1 1 2 2 1
1 2 1 2 2
2 2 1 2
13
---
2 5
2 2 1 2 2
3 2 2 1 1 1
5 4 1 1
1 2 2 4
2 3 2 1 2
3 3 1 1 2 1 1
5 3 1 1 2 1 1
2 1 3 2 1 1 2 1
1 2 2 2 2 1 1
1 3 3 2 2
1 3 1 1 1 1
1 1 1 5 3
1 12
1 1 1 2
1 2 2
1 3 4
1 2 2
1 1
2 2 2 1
3 3 3
4 3 2
3 2 1 3 2
2 2 2 1
8