# solver=cpp-1e16a40
# cpu=AMD EPYC Processor (with IBPB)
# isolated_core=11
# strategy=basic
# n_solutions=1
# solve_time=0.00050
1 1 1 2
1 2 2 1
1 2 2 2
12 3 1
2 6 7 1
2 3 3 5 2
1 3 1 3 3 4
2 3 2 3 8
3 4 1 9
2 5 2 8
2 2 3 1 3 2
3 1 2 1 2 6
2 2 1 1 2 1
2 2 1 1 2 1
2 1 1 1 2 1
7 1 1 1 2 6
3 1 1 4 1
3 1 1 1 1 1
3 1 1 1 1 2
3 1 3 2 2 4
3 1 2 4
3 1 2 2
3 1 4 4
3 1 2 2
3 1 2 2
3 3 2 5
6 2 2
4 2 2 2
3 5 2 3
2 2 2
---
2 1
2 1
2 1
1 1
1 15
1 19
1 21
1 6 2
1 4 15
4 5 3
3 4 2 2
2 4 2 1
6 4 2 1
4 4 2 1
4 13 2
4 2 2 2
2 1 11 4
2 2 1 2
15
17
9 2 1
2 2 2 3 1
2 1 3 3 2
5 2 1 2
15 2
8 1 1 1 2
3 3 1 1 1 1 1
1 1 1 1 1 1 2
1 1 1 1 1 1
1 1 1 1 1 1