# solver=cpp-86fd3e96b
# cpu=AMD EPYC Processor (with IBPB)
# isolated_core=11
# strategy=basic
# n_solutions=1
# solve_time=0.00020
4
3 1
3 1
5 2
6 2
8 1
4 4 2
4 4 2
4 6 1
5 1 4 2
4 2 4 1 1
4 2 5 1
5 1 4 2
4 2 4 1 1
5 1 5 1
5 2 5 2
4 1 4 1 1
5 2 5 1
4 1 5 2
5 18 1 1
5 1 1 1 1 1 1 1 1 1 1 1 2
4 1 1 1 1 1 1 1 1 1 1 1 2
5 26
4 1
3 1
29
---
2
5
7
9
8 1
7 1
8 1
7 1 1
7 3 1
7 1 1 1
7 6 1
7 3 1 1 1
7 3 4 1
7 3 1 1 1
6 2 4 1
11 1 1 1
1 6 4 1
2 6 1 1 1
10 4 1
2 6 1 1 1
11 4 1
2 6 1 1 1
15 1
1 6 1 1
13 1
1 3 1 1
10 1
1 1 1
7 1
1 1 1
4 1
3 1
2