# solver=cpp-1e16a40
# cpu=AMD EPYC Processor (with IBPB)
# strategy=basic
# n_solutions=1
# solve_time=0.00030
# solver=cpp-eb7e8a1
# cpu=AMD EPYC Processor (with IBPB)
# strategy=basic
# n_solutions=1
# solve_time=0.00040
# solver=cpp-ce7a535
# cpu=AMD EPYC Processor (with IBPB)
# strategy=basic
# n_solutions=1
# solve_time=0.00020
1 1 1 1 1 3 1 1 1
1 1 1 1 1 1 1 1 1
1 1 1 1 1 3 1 1 1
1 1 1 1 1 1 1 1 1
1 1 1 1 1 3 1 1 1
1 1 1 1 1
1 1 1 3 1 1 1 1 1
1 1 1 1 1 1 1 1 1
1 1 1 3 1 1 1 1 1
1 1 1 1 1 1 1 1 1
1 1 1 3 1 1 1 1 1
1 1 1 1 1
37
1 1 1 1 1
1 1 1 1 1 1 1
1 1 1 1 1 1 1
3 1 1 1 1 1
1 1 1 1 1 1
1 1 1 1 1 1
1 1 1 1 1
37
1 1 1 1 1
1 1 1 1 1 1
1 1 1 1 1 1
1 1 1 1 1 1
1 1 1 1 1 1
1 1 1 1 1 1
1 1 1 1 1
37
1 1 1 1 1
1 1 1 1 1 1
1 1 1 1 1 1
1 1 1 1 1 1
1 1 1 1 1 1
1 1 1 1 1 1
1 1 1 1 1
37
1 1 1 1 1
1 1 1 1 1 1 1
1 1 1 1 1 1 1
3 1 1 1 1 1
1 1 1 1 1 1
1 1 1 1 1 1
1 1 1 1 1
37
---
1 3 1 1 1 3 1
1 1 1 5 1 5 1 1 1
1 5 1 1 1 5 1
1 1 1 1 1
45
1 1 1 1 1
1 1 1 1 1
1 1 1 1 1
5 5 1 1 1 1 1
1 1 1 1 1
1 1 1 1 1
1 1 1 1 1
45
1 1 1 1 1
1 1 1 1 1
1 3 1 1 1 1 1
5 1 1 1 1 1 1 1 1
3 1 1 1 1 1 1
1 1 1 1 1
1 1 1 1 1
45
1 1 1 1 1
1 1 1 1 1
1 3 1 1 1 1 1
1 1 1 5 1 1 1 1 1
3 1 1 1 1 1 1
1 1 1 1 1
1 1 1 1 1
45
1 1 1 1 1
1 1 1 1 1
1 1 1 1 1
5 5 1 1 1 1 1
1 1 1 1 1
1 1 1 1 1
1 1 1 1 1
45