# solver=cpp-a0f9b8019
# cpu=AMD EPYC Processor (with IBPB)
# isolated_core=11
# strategy=basic
# n_solutions=1
# solve_time=0.00040
2 2 2
1 2 2
3 2 2
2 1 1 1
2 2 3
1 3 1 2 3
1 2 1 1 5
1 3 4 2 4
4 8 3 3
3 8 5 3
2 2 5 5 2
2 2 2 2 2
2 2 3 1
2 1 1
1 1 2 1
5 2 1
1 2 8 1
2 2 5 2
2 2 5 2
2 1 4 3
2 3 2 3
3 8 1 3
3 14 3
4 4 6 2
4 2 3 2
1 2 8 3
1 3 6 2
2 3 1 3
2 4 3 4
1 4 8
---
12 9 3
1 3 5 12
1 3 3 4
4 1 3
4 2
4 2
2 3
2 1 3
1 2 2
2 1 2
3 1 2 1
5 2 2
4 2 4
4 2 2 1
4 2 3 1
3 2 3 2
4 2 3 2
3 3 2
4 3 2 1
2 4 3 2 2
3 5 8
5 10 2
9 2 3 1
2 1 3 1 2
1 1 3 3
2 2 2 5
2 2 8
8 7
8 6
18