# solver=cpp-ce7a535
# cpu=AMD EPYC Processor (with IBPB)
# strategy=basic
# n_solutions=1
# solve_time=0.00010
3 3 3 1 1 1 1 2
1 1 1 1 1 1 1 2 1 1 1
1 1 2 1 1 1 1 1 2 1 1
3 1 1 3 3 1 1 2
0
24
0
3 3 3 3
1 1 1 1
2 2 2 1
1 3 3 1
0
3 3 3 3
1 1 1 1
2 2 2 1
1 3 3 1
0
3 3 3 3
1 1 1 1
2 2 2 1
1 3 3 1
0
3 3 3 3
1 1 1 1
2 2 2 1
1 3 3 1
0
3 3 3 3
1 1 1 1
2 2 2 1
1 3 3 1
0
3 3 3 3
1 1 1 1
2 2 2 1
1 3 3 1
---
4 1
1 1 1
1 2 1
1
4 1 4 4 4 4 4 4
1 1 1 1 1 1 1 1 1 1 1 1 1 1 1
2 1 1 1 1 1 1 1 1
1
4 1 4 4 4 4 4 4
1 1 1 1 2 1 2 1 2 1 2 1 2 1 2
4 1 1 1 1 1 1 1 1 1 1 1 1 1
1
4 1
1 1 4 4 4 4 4 4
4 1 1 2 1 2 1 2 1 2 1 2 1 2
1 1 1 1 1 1 1 1 1 1 1 1 1
4 1
1 1 1 1 1 1 1 1
1 1 4 4 4 4 4 4
4 1 1 1 1 1 1 1
1
4 1
1 1 1
2 1