# solver=cpp-1e16a40
# cpu=AMD EPYC Processor (with IBPB)
# strategy=contra
# n_solutions=1
# solve_time=0.00550
# solver=cpp-eb7e8a1
# cpu=AMD EPYC Processor (with IBPB)
# strategy=contra
# n_solutions=1
# solve_time=0.00590
# solver=cpp-ce7a535
# cpu=AMD EPYC Processor (with IBPB)
# strategy=contra
# n_solutions=1
# solve_time=0.00530
11 11 11
1 2 1 3 1 1 1
1 1 1 1 1 2 1
1 1 2 1 1 2 1 1 1 1
1 1 1 1 1 1 1 1 1 1 1
1 1 3 1 1 3 1 3 1 1
1 7 1 8 1 7 1
1 2 1 1 1 1 1 1 1
1 1 1 1 2 1 1 1 1
1 3 1 1 1 1 1 1 1
1 1 1 1 1 1 1 1 1
1 2 1 1 3 1 1 1 1
1 7 1 7 1 7 1
1 1 1 1 1 1 2 1 1
1 2 1 1 1 1 1 1 1
1 1 1 1 1 1 2 1 1
1 1 1 1 1 1 1
1 3 1 1 3 1
11 11 11
1 3 1 1 1 1
1 1 1 1 2 1
1 1 3 1 1 1 1 1 1
1 1 1 1 1 1 1 1 1
1 1 3 1 1 1 1 3 1
1 7 1 7 1 7 1
1 1 1 1 2 1 1 1 1 1
1 1 1 1 1 1 1 1 1 1
1 1 1 1 2 1 1 2 1
1 1 1 1 1 1 1 1 1
1 1 1 1 3 1 1 1 1
1 7 1 7 1 7 1
1 1 2 1 3 1 1 2 1 1
1 1 1 1 1 1 1 1 1 1
1 1 3 1 3 1 1 2 1 1
1 1 1 1 1 1 1
1 2 1 3 1 3 1
11 11 11
---
17 17
1 1 1
1 1 1 1 1 2 1
1 2 1 8 1 1 1
1 1 3 1 2 1 1 1
1 1 1 1 1 1 1
1 13 1 13 1
1 1 1 1 1 1 1
2 3 1 4 2 2 1 2
2 1 2 1 2 1 2 2 1 2
1 2 1 2 3 3 1
1 1 1
17 17
1 1 1
1 1 1 1 3 2
1 7 1 1 2 1 2
1 1 2 1 1 2 4
1 1 1 1 1 1 1
1 13 1 13 1
1 1 1 1 1 1 1
7 1 1 2 3 1
2 1 2 1 1 2 1 2 1
2 3 1 2 1 1
1 1 1
17 17
1 1 1
1 1 1 5 1 3
7 2 1 2 1 2 1 2
1 2 2 3 1 1 2 2
1 1 1 1 1 1 1
1 13 1 13 1
1 1 1 1 1 1 1
1 1 1 1 1 4 1 1
1 1 1 7 1 1 1
1 1 1 5 1
1 1 1
17 17