# solver=cpp-86fd3e96b
# cpu=AMD EPYC Processor (with IBPB)
# isolated_core=11
# strategy=basic
# n_solutions=1
# solve_time=0.00020
0
4 4 4 4 4 4
6 6 6 6 6 6
6 6 6 6 6 6
6 6 6 6 6 6
6 6 6 6 6 6
6 6 6 6 6 6
4 4 4 4 4 4
0
4 4 4 4 4 4
6 6 6 6 6 6
6 6 6 6 6 6
6 6 6 6 6 6
6 6 6 6 6 6
6 6 6 6 6 6
4 4 4 4 4 4
0
4 4 4 4 4 4
6 6 6 6 6 6
6 6 6 6 6 6
6 6 6 6 6 6
6 6 6 6 6 6
6 6 6 6 6 6
4 4 4 4 4 4
0
0
0
3 3 1 3
1 1 1 1 1
1 1 1 1 1 2
3 3 3 1
0
0
0
---
0
5 5 5
7 7 7
7 7 7
7 7 7
7 7 7
5 5 5
0
5 5 5
7 7 7
7 7 7
7 7 7
7 7 7
5 5 5
4
5 5 5 1 1
7 7 7 1 2
7 7 7
7 7 7 4
7 7 7 1 1
5 5 5 4
0
5 5 5 4
7 7 7 1
7 7 7 1
7 7 7
7 7 7 4
5 5 5 1 1
1
5 5 5
7 7 7
7 7 7
7 7 7
7 7 7
5 5 5
0
5 5 5
7 7 7
7 7 7
7 7 7
7 7 7
5 5 5
0