# solver=cpp-86fd3e96b
# cpu=AMD EPYC Processor (with IBPB)
# isolated_core=11
# strategy=basic
# n_solutions=1
# solve_time=0.00020
30
11 7
14 5
13 3 4
13 3 3
11 2 3 2
11 2 3 2
9 2 2 3 1
9 2 2 4 1
7 2 2 3 3 1
7 2 5 3 1
8 2 2 1 1 2 1
6 2 2 2 3 2 1
7 2 3 1 2 2 1 1
4 2 2 2 3 2 1 1
5 2 3 1 2 2 2 1 1
3 2 4 3 2 3 1
2 2 2 1 2 2 2 6
3 4 3 2 8
1 2 2 1 2 2 2 7
1 3 1 4 2 2 7
3 2 1 2 2 2 9
1 2 1 4 2 2 9
1 2 1 3 2 2 11
1 1 4 2 13
3 1 3 2 2 12
2 4 2 15
1 1 2 2 2 15
2 2 2 17
30
---
30
19 1 2 2
17 2 2 1 1 1
16 2 3 2
14 2 1 1 1 3
14 2 3 2 1
12 2 2 1 1 2 1
9 2 2 3 3 1
10 2 2 2 1 5 1
7 2 2 3 3 3
8 2 4 1 5 2
1 3 2 2 2 3 2 1
1 4 2 4 1 2 2 2 1
1 1 2 2 2 3 2 3
1 1 2 1 2 1 2 2 2 2
1 2 2 3 4 2 5
1 3 4 1 2 2 2 4
1 3 2 4 2 2 4
1 5 1 2 2 2 6
1 3 4 2 8
1 3 2 2 2 7
1 3 2 2 10
1 2 2 2 9
2 2 2 12
2 2 15
3 2 14
4 16
5 13
7 13
30