# solver=cpp-ce7a535
# cpu=AMD EPYC Processor (with IBPB)
# strategy=basic
# n_solutions=1
# solve_time=0.00010
40
1 3 3 1 3 3 3 3
1 3 3 1 3 3 3 3
1 3 3 1 3 3 3 3
1 3 3 1 3 3 3 3
1 3 3 1 3 3 3 3
1 3 3 1 3 3 3 3
1 3 3 1 3 3 3 3
1 3 3 1 3 3 3 3
1 1 1 1 1 1 1 3
1 1 1 1 1 1 1 3
1 1 1 1 1 1 1 3
1 1 1 1 1 1 1 3
1 1 1 1 1 1 1 3
1 1 1 1 1 1 1 3
1 1 1 1 1 1 1 3
1 1 1 1 1 1 1 3
1 1 1 1 1 1 1 3
1 1 1 1 1 1 1 3
40
---
20
1 1
1 1
9 1
20
9 1
1 1
1 1
1 1
9 1
20
9 1
1 1
1 1
1 1
20
1 1
1 1
1 1
9 1
20
9 1
1 1
1 1
1 1
9 1
20
9 1
1 1
1 1
1 1
9 1
20
9 1
1 1
1 1
1 1
20
20
20