# solver=cpp-ce7a535
# cpu=AMD EPYC Processor (with IBPB)
# strategy=contra
# n_solutions=1
# solve_time=0.00050
4
5 1 1
6 1 1
7 5 1 2
6 3 7 2 1
7 4 9 1 1 3 4 3 1 1
6 4 10 1 4 1 1 2 1 3 1
6 6 11 3 1 1 1 3 1 1 1 1 1
6 8 13 2 4 1 1 7 3
6 15 6 1 2 4 1 2 1
6 14 5 3
6 11 6
6 18
7 19
8 7 12
15 11
13 9
12 5
10
5
5 1
2 1 4 5 1
2 1 2 1 2 1 1
2 1 1 1 1 3
2 1 2 3 1 1 1
2 5 3 1 1 1 2 2 1 1
2 1 1 1 1 1 2 1 1 5
2 1 1 1 1 2 1 1 1 2 1 1 1 1
1 2 1 1 2 2 1 1 1 1 1 1 2 1 1
7 5 3 3 1 1 2 1 2 2 1 1
---
6
9
13
16
17
19
9 7
7 6
6 3 5
4 4 6
6 5
7 6
15 1 3
14 2 1 1
10 2 1 1
8 1 2 1
5 1 2 1
7 1 2 1
9 4 2
12 2
13
15
7 7 8
6 6 2 1 1
7 7 1 1 1
15 1 1 1
13 2 5
12
10 3 2
6 2 2 2
4 1 1 1
4 1 2 2
3 1 1 2
3 7
4
3 4 10
2 3 1
1 1 1 2
4 1
1 4
5
1 1 7
1 1 1 1 1
1 3 1
1 5
2 1 1 1
3
2 1 1
1 1
5 5
2 1 1
3
2 2
3 2
2
4 4
2
2
2
4