# solver=cpp-d85c7576
# cpu=AMD EPYC Processor (with IBPB)
# isolated_core=11
# strategy=basic
# n_solutions=1
# solve_time=0.00030
9 8 5
8 3 3 3
7 2 3 2
6 2 2 1
5 2 3 2
5 2 1 3 1 2
4 1 5 4
3 2 5 4
3 2 3 4
3 1 1
2 1 19
2 2 4 1 2 1 1 1
2 1 4 1 2 1 1 1
2 1 15 1
1 1 9 2 2 1
1 2 2 2 2 4 1
1 1 1 3 1 1 1 1
1 1 2 4 1 1 1
1 1 3 8 1
1 2 4 2 1
2 4 1 2 1
1 3 4 1
1 6 1
1 1
2 1
---
19 1
14 5
10 6
7 5
6 4
4 2
3 3
2 2
1 2
2 3 3
2 1 3 6
1 5 8
2 5 5 2
1 3 1 2 2
1 1 8
1 8 2
1 1 2 2 2
1 1 2 6
1 6 2 1
2 4 2 2 1
1 1 2 5
2 1 6 2
1 4 1 1 2
1 2 3 1 3 4
1 2 3 1 8
2 5 3
3 4 1
4 17