# solver=cpp-a0f9b8019
# cpu=AMD EPYC Processor (with IBPB)
# isolated_core=11
# strategy=contra
# n_solutions=1
# solve_time=0.00140
0
0
3
5
7
9
7 4
14
12
11
10
2 6
2 5
2 5
2 8
2 10
3 4 10
3 3 11
3 4 13
2 18
2 9 5
3 6 3
3 5
3 5
4 4
6 4
3 2 5
2 2 4
2 4
2 4
2 4
2 3
3 4
2 4
2 3
2 1 3
2 4 4
2 6 4
1 7 4
1 9 3
1 3 4 4
1 3 3 3
4 4
8 6
5 5
---
0
0
1
2
3 3
3 4
5 6 1
7 10 2
27 2
17 8 2
4 4 8 3
9 13
9 2
8 3
8 2 3
8 6
8 5
8 4
9 3 1
11 3 2
2 9 4 2
3 12 3 2
20 2 3
23 4
7 13 3
6 11
5 5
4 4
4 2
4 1
4
3
4
3
4
3
2
0
0
0