# solver=cpp-6dc88e3e
# cpu=AMD EPYC Processor (with IBPB)
# isolated_core=11
# strategy=basic
# n_solutions=1
# solve_time=0.00040
8 8
8 8
2 2
2 2
2 2
2 2
2 2
2 2
2
2
18 12
18 12
2 2 2
2 2 2
2 2 2
2 2 2
2 2 2
2 2 2
2
2
2
2
2 2 2
2 2 2
2 2 2
2 4 2 2
2 2 2 2 2
2 2 2 2 2
10 11 12
10 10 12
2
2
2 2
2 2
2 2
2 2
2 2
2 2
8 8
8 8
---
8 8
8 8
2 2
2 2
2 2
2 2
2 2
2 2
2 5
2 5
8 2 1 8
8 2 4 8
2 2 4 2
2 2 2 2
2 2 2 2
2 2 2 2
2 10 2 2
2 12 2 2
4 2
4 2
6
4
2 2
2 2
2 2
2 2
2 2
2 2
12 12
12 12
2 2
2 2
2 2
2 2
2 2
2 2
2 2
2 2
8 8
8 8