# solver=cpp-ce7a535
# cpu=AMD EPYC Processor (with IBPB)
# strategy=basic
# n_solutions=1
# solve_time=0.00030
3 2 3
2 1 5 3 3
3 5 3 3
4 6 1
4 6
5 4 3
3 3 3
6 3 2
5 3 2 2
2 3 5 4
4 4 5
2 4 6 7
2 3 3 9
7 1 1 2
6 2 1 3
6 3 1 4
6 1 6
6 2 6
7 9
9 7
12 6
4
4
1 1 4 1 6
3 11 7
10 10
5 3 10
3 2 4 5
1 1 2 1 3 2
2 2 2 1
---
1 1 1 1 1 1 1
1 4 3 2 1
9 2 2 3
10 3 3
8 6 5 1
14 5
10 4
10 4
8 3
9 4
5 2 5 1
7 1 6
2 7 1
11 1 1
5 1 1 2 1
5 2 1 3 1
5 1 2 2
2 3 2 1
2 2 1 1 2
3 2 1 2 3
1 1 1 2 1 3 5
1 1 4 1 3 5 1
4 11 2
1 5 14
1 23
2 1 19
2 2 4 5
2 1 2 4
1 1 1
1