# solver=cpp-86fd3e96b
# cpu=AMD EPYC Processor (with IBPB)
# isolated_core=11
# strategy=basic
# n_solutions=1
# solve_time=0.00040
6
2 4 4 4 3 3
1 1 1 1 3 3
2 4 4 4 1 2 1
4 4 4 4 1 2 1
1 1 1 1 1 2 1
4 4 4 4 10
0
1
2
2 4
1 3 1
7 3 2
6 1 3 3
1 1 3 2
1 4 1 3
1 4 6
1 1 8
13 6
5 5 2
1 1 1 7 1 1 5
6 1 1 5 1 1
1 2 7 1 1 2 1
1 4 2 5 1 6
1 6 4 2 1 4
1 12 4 2 1
1 4 12 2 1
5 4 6 1 1
7 4 1 1
6
---
1 2 1 3
1 2 1 1 1
1 1 1 1 2 1
1 2 1 2 5
1 1 1 1 7
1 2 1 10
1 2 1 2 1 5
1 1 1 2 4 2 1
1 2 1 1 3 1 2 1
1 1 1 2 1 1 1 1 5
1 2 1 2 2 2 1 9
1 2 1 4 2 1 1 7
1 1 1 2 2 1 1 1 5
1 2 1 2 2 1 3 2 1
1 1 1 2 1 1 1 2 1
1 2 1 1 1 2 1 1 5
1 2 1 1 2 1 1 7
1 1 1 1 4 9
1 1 1 2 1 1 1 5
1 1 2 1 3 2 1
1 1 2 6 1 1
2 1 1 5 1 3
7 2 1 2 1 5
2 1 1 2 2 1 1
1 4 2 1 3 2
1 4 1 1 11
2 1 2 1 1 1
7 1 2 1 1
2 1 1 1 1 1
1 1 2 1 1