# solver=cpp-ce7a535
# cpu=AMD EPYC Processor (with IBPB)
# strategy=basic
# n_solutions=1
# solve_time=0.00020
5 5
1 1 1 1
1 1 1 1
1 1 1 1
3 2 1 1 1
3 5 3 1 1
2 2 2 2
2 11 2 1 1
2 2 2 2 2 2 1
2 2 1 1 2 2 1
1 1 9 1 1 1
1 1 1 1 1 1 1
2 2 1 1 2 2 1
1 1 1 1 1 1 1
7 1 1 7 1
1 1 1 2 2
1 1 1 1 1 1
1 1 8 1
1 4 1 1
1 1 6 1
1 5 1 1 1
1 1 1 1 1
1 1 1 1 1
1 1 1 1 1
1 1 2 2 2
9 1 1 1
28
1
1
1
---
3
4 1
2 1 4
2 1 1
2 1 1
2 4 1 1
1 2 3 1
2 2 1
1 1 17
1 2 1 2
1 4 2
1 1 1 2
1 1 1 2
1 1 1 2
1 4 2
2 1 2 1 2
1 3 1 17
1 1 2 1 1 1
1 4 2 7 5 1
2 2 4 1 2 1 3
2 1 1 2 1
2 1 1 1 3
2 4 6 1
2 2 4 2 1 1 1
1 5 3 1 1 1
1 5 1
1 5 1
2 10 1
10 1
3