# solver=cpp-1e16a40
# cpu=AMD EPYC Processor (with IBPB)
# isolated_core=11
# strategy=basic
# n_solutions=1
# solve_time=0.00050
3
4
6
7 1
6 2 1
7 3 2 1
5 2 2 1
9 3 1 1 1
10 1 1 2
11 2 3
13 1 2
13 1 1 5
13 1 4 1
3 8 1 4 2 1
3 7 1 4 1 2
4 8 2 2 2 3
11 4 2 3 1
16 3 1
15 3 1 4
13 3 4
18 2 3
16 1 3 3
15 2 2
12 2 3 1 1
9 1 4 2 1
3 3 2 2 2
6 1 2 4 1 2
6 3 2 6 3
7 7 3 1
7 3 5 3 1
---
6 3 5
10 10
12 10
6 10 4
7 9 4
8 15
20 2
20
19
1 18
1 17
1 15 2
3 6 6 1
3 6 1
2 3 8 1
2 13 2
1 3 1 1 3
1 3 2 2 2
3 2 2 1 2
3 2 1 2 5
1 2 4 1 1 1 3
1 2 3 1 2 1 1 4
1 2 2 1 5 1
2 2 1 2 8
3 3 2 1 5 4
1 2 2 1 1 3 2
2 7 3 3 4 1
3 1 4 3 2 2 1
4 2 2 3 3
2 2 2 1 1 1 2 1