# solver=cpp-b64f6aebe
# cpu=AMD EPYC Processor (with IBPB)
# isolated_core=11
# strategy=basic
# n_solutions=1
# solve_time=0.00040
30
1 1 1 1 1 1 1 1 1 2 1 1
3 1 1 1 1 1 1 1 1 1 3
1 1 1 1 1 1 1 1 1 1 1
3 1 1 1 1 1 1 1 3
1 1 1 1 1 1 1 1 2 1
1 2 1 1 1 1 1 1 1
5 16 5
1 7 8 1
5 2 9 3 5
1 16 1
5 14 1 5
1 4 4 6 1
5 16 5
1 16 1
5 14 1 5
1 1 14 1
5 4 3 7 5
1 16 1
5 1 1 1 1 1 1 1 2 1 5
1 1 1 1 1 1 1 1 1 1
3 1 1 1 1 1 1 3
1 1 1 1 1 1 1 1 1 1
3 1 1 1 1 1 1 3
1 1 1 1 1 1 1 1 1 1
30
3 3 3 3
2 2 2 2 2 2 2 2
2 2 2 2 2 2 2
1 1 3 1 3 1 3 1 1
---
1 1 1 1 1 1 1 1 1 2
2 1 1 1 1 1 1 1 2 2
1 1 1 1 1 1 1 1 1 1 3
4 1 1 1 1 1 1 1 5 1
1 1 1 1 1 1 1 1 1 1 1 1 3
1 3 1 1 1 1 1 1 3 1 2
1 1 1 1 1 1 1 2
2 1 12 1 1 1
1 10 3 1 2
9 9 1 2
1 21
12 4 1 2 1
1 21
19 1 2
1 1 17 2
17 1 1 1
1 5 13 2
19 1 2
1 21
9 9 2 1
1 21
11 3 4 1 2
2 1 12 1 1 2
1 1 1 1 1 1 1 1
1 3 1 1 1 1 1 1 3 1 2
1 1 1 1 1 1 1 1 1 1 1 1 1 2
4 1 1 1 1 1 1 1 6
1 1 1 1 1 1 1 1 1 1 2 1
2 1 1 1 1 1 1 1 4
1 1 1 1 1 1 1 1 1 1 1