# solver=cpp-b64f6aebe
# cpu=AMD EPYC Processor (with IBPB)
# isolated_core=11
# strategy=contra
# n_solutions=1
# solve_time=0.00040
0
39
1 1
1 3 3 3 3 3 3 3 2 2 2
1 3 3 3 3 3 3 3 2 2 2
1 2 2 2
1 3 3 3 3 3 3 3 2 2 2
1 3 3 3 3 3 3 3 2 2 1
2 2 2 6
1 12 2 2 1
1 6 2 2 1
2 17 2 2 5 1
1 5 2 2 1 1
1 13 2 2 1
1 1
10 26 8
2 2
4 4
4 4
9 2 22 2 7
---
1 1 1
14 1
1 1 1
1 2 2 1 1
1 2 2 1 1 1
1 2 2 1 1 1 1
1 1 1 1 1
1 2 2 1 1 1 1
1 2 2 1 1 1 1
1 2 2 1 1 1
1 1 1 1 2
1 2 2 1 1 4
1 2 2 1 1 4
1 2 2 1 1 1 2
1 1 1 1
1 2 2 1 1 1 1
1 2 2 1 1 1 1
1 2 2 1 1 1 1
1 1 1 1 1
1 2 2 1 1 1 1
1 2 2 1 1 1 1
1 2 2 1 1 1 1
1 1 1 1 1
1 2 2 1 1 1 1
1 2 2 1 1 1 1
1 2 2 1 1 1 1
1 1 2 1 1
1 2 2 1 1 1 1
1 2 2 1 1 1 1
1 2 2 1 1 1 1
1 1 1 1
1 1 1
1 1 1
1 11 1 1
1 11 1 1
1 1 1
1 11 1 1
1 11 1
1 1 2
1 4
1 4 4
7 2 1 2
1 1 1
1 1 1 1
1 1 1 1
1 1 1 1
1 1 1
7 1
1 1
1