# solver=cpp-eb7e8a1
# cpu=AMD EPYC Processor (with IBPB)
# strategy=contra
# n_solutions=1
# solve_time=0.00100
# solver=cpp-ce7a535
# cpu=AMD EPYC Processor (with IBPB)
# strategy=contra
# n_solutions=1
# solve_time=0.00240
1
2 3
3 1 1
12 1
4 1 5
2 4 1
4 3 2 2
1 7 2 7
3 1 2 3 1 5
5 1 1 3 11
1 3 3 2 1 2
2 2 2 3 2 2 1
2 2 2 2 1 1 1 3
6 4 1 2
1 7 1 1 2
1 6 8 3 1 1
4 5 5 1 2
2 1 4 6 2
2 1 6 5 3
1 1 1 1 3 8 8
1 1 1 3 2 1 2 2
3 1 2 3 1 2 3 1
1 1 1 3 2 1 4
1 1 3 3 1 1 1 2
2 1 2 3 2 3 2
2 1 4 2 1 2
2 1 4 2 1 3
3 5 2 3
7 5
5 3
---
1 5 8
2 3 3 1 4
7 1 2 1 1 1 3
3 1 2 2 1 1 3
1 1 2 3 1 3 1 4 2
1 1 2 1 1 4 1 2 3
3 1 3 1 1 2 3
2 1 6 1 6
2 12 4
1 2 2 2 12
3 1 2 3 10
2 1 2 2 2 7
1 2 1 1 1 1
3 2 1 2 1 2
1 1 1 2 1 1 1
1 3 1 2 2 1
2 1 2 1
7 6 1
1 2 2 2 7
2 1 2 2 2 1 4
1 1 1 3 1 3
1 1 1 2 2 1 2
4 2 5 4 2
4 1 3 1 1 3
1 2 1 6 3
3 1 9
4 2 2 6
1 4 3
1 2 5
1 2 2 3