# solver=cpp-d85c7576
# cpu=AMD EPYC Processor (with IBPB)
# isolated_core=11
# strategy=basic
# n_solutions=1
# solve_time=0.00030
3 11
1 4 2 4
8 4 2
9 3 2 1
2 6 2 1 1
5 2 1 1
3 2 1 2
2 6 2 1
3 3 5
3 2 6
1 4 4 6
5 3 1 2 5
5 3 1 2 4 2
3 2 2 1 7
3 3 1 1 1 3
3 3 1 1 2 3
3 1 2 1 6
2 1 1 1 1 1 2 1
7 2 1 2 6
8 2 2 1 6
1 7 1 4 1 2 5
4 1 2 1 2 3 1 3 2 1
2 7 3 5 9
4 17 7
8 7 2 7 2
---
4 4 3 4 6
1 8 9 4
7 9 4 2
3 1 1 5 8
6 1 3 2 3 1 1
5 1 1 1 7
1 3 1 2 3 3
5 1 1 7
2 2 2 2 1 4
1 1 1 1 2 3
1 1 1 1 3 2
1 1 1 2 2 3
1 2 1 1 3 3
1 1 2 4 4
2 2 1 2 2 2
1 2 1 2 3
1 2 2 6
2 1 1 5
2 3 4
7 7 2
5 4 2
3 3
3 2 3 1
4 4 6
1 8 4
4 2 3 3
4 9
1 11
6 3 3
3 4 5