# solver=cpp-400bd85f2
# cpu=AMD EPYC Processor (with IBPB)
# isolated_core=11
# strategy=basic
# n_solutions=1
# solve_time=0.00030
0
2
1
4
1 4
10
5 1 1 3 1
3 1 4 1 1 3 1
5 1 1 2 1 9
5 1 4 1 7
2 3 2 1 2 1 3
2 3 2 8 9
9 2 1 3 5
2 2 3 4 1 4 2
7 4 9
1 3 1 2 4 4
5 4 8
3 1 1 2 1 2
1 3 1 1 2 2
5 1 3
1 3 2 1 1 1 1
1 1 1 1 3
1 1 1 1 1 5
1 1 1 1 1 1 1
1 1 1 1 2 1
1 1 2 2
2 1 1
1 1
1
1 1
---
0
4
5
4 1 8 2
9 2 1 2
16 1
1 5 3 3 2
4 10
5
4
0
4
1
4 7
1 6 1 1 1 2
5 5 1 2
4 8 1
1
4
1
1 2 5 2
2 2 2 3 3
1 5 9 4
1 4 4 4 1 1 1 4
14 1 1 1
3 17 2
6 2 6 2 1
1 2 6 8 2
1 2 6
0