# solver=cpp-1e16a40
# cpu=AMD EPYC Processor (with IBPB)
# strategy=contra
# n_solutions=1
# solve_time=0.00670
# solver=cpp-eb7e8a1
# cpu=AMD EPYC Processor (with IBPB)
# strategy=contra
# n_solutions=1
# solve_time=0.01070
# solver=cpp-ce7a535
# cpu=AMD EPYC Processor (with IBPB)
# strategy=contra
# n_solutions=1
# solve_time=0.01040
6 1
2 2 1
1 1 2 1
2 3 2 1 1 3
1 2 2 1 1 1 2
2 2 2 1 1 2 2 1
1 2 1 2 1 1 2 2 1
4 3 1 1 1 1 1 1 1 1
2 2 2 1 1 1 1 2 2 1 1 1 1 1
2 2 2 1 1 1 3 3 1 1 1
1 2 1 1 1 1 1 1 1 1
26 1 1 1
5 1 1 1 1 1
16 3 3 1 1 1
2 2 2 1 1 1 1 1
2 1 3 1 1 1
4 1 1 5 4 1 1
2 3 1 1 3 3 1 3 1 1
2 2 1 1 1 1 1 1 1 2 1 1
2 2 1 1 7 1 2 1
1 1 1 1 1 1 1 1 1
5 2 1 1 1 1 1 1 2
6 1 1 7 2 1
4 3 2 1 1 1 1 1 1 1 2
3 1 2 1 1 1 1 1 1 1 2 1
3 1 3 1 1 7 1 1 1
4 3 1 4 1 1 1 1 1 1 2 4
2 4 4 1 1 1 1 1 1 3 2 1
3 2 3 1 1 7 2 2 1
4 1 4 1 1 1 1 1 1 1 2 1
2 2 5 1 1 1 1 1 1 5 1
2 3 3 1 1 7 1 1 2 1
1 2 2 1 4 1 1 3 3 1 2 4 1
3 1 4 1 2 5 2 2 1
2 1 3 2 1 3 3 1 1
2 2 3 3 1 2 1 1 2
6 2 3 2 2 3 2
2 3 6 8 5
2 1 8 2 5
2 7 2 5
---
1 3 1 7
1 2 1 1 14
1 2 1 1 6 2 6
1 1 2 1 6 2 2 2 4
1 1 2 1 2 3 2 3 2 1
2 2 1 1 2 2 6 1 6
3 2 1 1 2 3 2 3 2
3 3 1 1 5 2 2 3
3 1 1 1 3 4 2 2
3 1 1 2 11 3
6 1 1 5 7
2 1 1 2 2 2 5
2 1 1 2 1 1 3
2 3 1 1 3 1 1 3
1 1 1 1 3 1 1 3
2 3 1 2 3 1 1 2
2 1 2 3 5
2 1 5 2
4 1 1
1 21
2 1 2 2
1 1 1 16 2
2 3 2 1 1 1 1 3 1
6 2 20 1
2 4 2 1 1 1 1 1 2 1
1 1 1 2 20 1
2 1 1 2 2 2 1 1 1 1 3 2
2 2 1 16 4
2 3 1
22
1 1 2 1 2
9 1 2 2 3 2 1
2 2 3 3 2 1 2
1 1 1 1 1 1 5 2 4
5 2 2 2 5
1 1 1 1 1 2 1 1 3
2 3 1 1 2
1 13 3 1 1 2
2 3 1 1 2
17 3 4