# solver=cpp-a0f9b8019
# cpu=AMD EPYC Processor (with IBPB)
# isolated_core=11
# strategy=basic
# n_solutions=1
# solve_time=0.00070
6 1
2 3 1 4
1 1 1 1 3
2 3 2 1 3 2
1 2 2 1 2 3 2
2 2 2 1 2 2 2 1
1 2 1 2 1 2 2 2 1
4 3 1 1 1 1 1 1 1 1
2 2 2 1 1 1 2 2 1 1 1 1 1
2 2 2 1 1 1 2 3 1 1 1
1 2 1 1 1 2 1 1 1 1 1 1
26 1 1 1
5 1 1 1 1 1
16 3 3 1 1 1
2 2 2 1 1 1 1 1
2 1 3 1 1 1
6 2 1 5 4 1 1
2 3 1 1 3 3 1 3 1 1
2 2 1 1 1 1 1 1 1 2 1 1
2 2 1 1 7 1 2 1
2 1 1 1 1 1 1 1 1 1 1
6 2 1 1 1 1 1 1 2 2 1
8 2 1 7 3 1 1
5 3 1 1 1 1 1 1 1 1 3
4 1 2 1 1 1 1 1 1 1 1 2
3 1 3 1 1 7 1 1 1
4 3 1 5 1 1 1 1 1 1 2 4 1
2 3 4 1 1 1 1 1 1 3 2 1
3 2 3 1 1 1 7 2 1 1 1
4 1 4 3 1 1 1 1 1 1 1 2 3 1
2 2 5 2 1 1 1 1 1 1 5 2 1
2 3 3 1 1 7 1 1 2 1
2 2 2 1 4 1 1 3 3 1 2 4 1
4 1 4 1 2 5 2 3 1
3 1 3 5 3 3 1 1
3 2 3 3 2 5 1 2
6 2 3 2 4 3 3
3 3 6 9 1 6
3 1 8 2 6
3 7 2 6
---
1 3 1 14
1 2 1 1 19
1 2 1 1 8 2 7
1 1 2 1 2 4 2 2 2 4
1 1 2 1 2 3 2 3 2 1
2 2 1 1 2 2 6 1 6
3 2 1 1 1 3 1 3 2
3 3 1 1 5 2 2 3
3 1 1 1 3 4 2 2
2 1 1 2 11 3
4 1 1 2 5 7
2 3 1 2 2 2 5
2 1 1 2 1 1 1 3
2 3 1 1 3 1 3 1 3
1 1 1 1 2 1 2 1 3
2 3 1 2 6 1 3
2 1 3 3 5
2 1 7 2
6 2
1 22
2 2 2
3 1 16 2
2 3 2 1 1 1 1 3 1
6 2 20 1
3 4 2 1 1 1 1 1 2 1
1 1 1 2 20 1
2 3 2 2 2 1 1 1 1 3 2
2 3 1 16 4
2 3 1
24
1 2 2 1 4
9 1 2 2 3 2 1
2 2 3 2 2 2 1
3 1 1 1 1 1 5 2 4
5 2 2 3 5
3 1 1 1 1 2 1 1 1 3
1 2 3 1 3 1 3
2 13 3 1 2 1 4
4 2 1 1 4
26 3 5