# solver=cpp-d85c7576
# cpu=AMD EPYC Processor (with IBPB)
# isolated_core=11
# strategy=basic
# n_solutions=1
# solve_time=0.00040
2 2 6
9 8
11 10
12 11
12 12
12 15
11 16
11 16
11 1 17
1 15 9 8
19 7 1 1 6
18 5 1 2 1 4
11 2 4 1 1 5
1 2 1 4 2 3 2
2 2 2 2 4 2 1 2 1 1
2 1 1 2 5 1 2 2
1 1 1 1 1 2 3 2 1
1 1 1 1 1 3 1 1 2
2 3 1 3 2 3 1 1 2
1 1 1 1 1 3 2
1 1 1 1 1 3 2 2 1
2 2 1 1 2 5 1 2
1 1 3 5 1 2
1 2 2 1 1 3 4
2 6 1 2 1 1 1 2
1 2 1 1 1 2 2 1 1
2 1 2 3 2 1
1 3 3 2 1
2 2 2 2 4 2 1
3 2 1 4 1 2
3 4 3 2 2 2 2 3
4 5 2 2 1 3
6 7 4 1 1 4
8 9 5 5 5
9 10 8 8
---
2 2
4 3
3 4 4
3 3 2 4 4
13 4 5
12 1 3 5
13 1 1 1 2 5 3
13 1 2 2 2 2
12 1 3 1 2 1
12 3 1 2 1
12 1 1 2 1
13 1 2 1 2 1
12 2 1 1 1 1 2 2
11 1 1 2 2 3
11 2 3 4
6 7 2 5
3 2 2 7
4 2 5
2 4
3
3 2
5
4 7 4
14 5
11 3 5 2 3
11 4 5 2 3
11 1 2 2 1 1 6 2
12 1 2 3 2 2 1
10 2 2 2 2 1 2 1
10 2 2 2 1 1 1 4
12 1 2 1 1 1 1 1
8 1 1 1 1 1 1 2 1 1 1
9 4 2 1 1 2 4
6 1 1 1 2 1 2 1 2
6 2 2 2 2 1
10 3 1 2
9 1 2 2 3
7 3 3 2 5
7 3 3 2 6
3 3 2 7