# solver=cpp-86fd3e96b
# cpu=AMD EPYC Processor (with IBPB)
# isolated_core=11
# strategy=basic
# n_solutions=1
# solve_time=0.00040
6 1 11
1 2 1 2 1
1 1 3 1 1
1 5 1
1 9 1
1 5 1
2 3 2 1
1 1 1 1 2 1
1 1 2 2 1
2 2 3 3 1
2 2 2 3 1
3 3 1
3 1 2 2 1
6 3 2 1
2 1 1 2 1 2 1
1 1 1 2 1
1 1 1
5 3 1 1
4 5 1 3
3 3 6 2 1 2 1
1 6 8 1
3 1 1 6
4 1 4 1
1 8 1
1 5 1
1 5 2 1
2 8 1
5 6 2 1
30
6 8
---
6 2 1 1 2 6
1 2 3 1 1 3
1 4 1 1 3
1 8 3
1 4 2 3
1 2 2 2 2
1 2 2 2
1 1 2 1 2
2 1 1 5 1
3 9
5 10
9 3 7
5 4 6
3 5 1 3
2 1 2 4 1 4
1 1 1 2 3 2 1
3
2
1 1 1
1 2 1 2 1
1 3 2 1 1
1 3 2 1 1
1 11 1 2
1 3 1 1 2
1 2 3 3 2
1 3 3 3 2
1 1 2 3 2
1 1 2 1 2
1 1 1 2
30