# solver=cpp-6b570c1b3
# cpu=AMD EPYC Processor (with IBPB)
# isolated_core=11
# strategy=basic
# n_solutions=1
# solve_time=0.00030
1
1 2
1 4 7
1 5 1 2
1 5 1 2
1 3 1 3 2
1 3 1 1 1 2
1 7 1 1 2
8 5 2
1 4 1 2
1 4 1 2
1 6 2
1 6 2
1 2 3 2
1 2 1 2
1 2 1 2
8 2
1 1 14 2
1 1 1 1 2
3 1 3 1 2
1 1 1 5 1 2
1 1 1 6 1 2
1 1 1 6 1 2
3 1 3 1 1 1 2
1 1 1 4 1 1 2
1 1 1 8 1 2
1 1 1 5 1 2
3 1 5 2 1 2
1 1 1 8 1 4
1 1 1 5 2 1 6
---
17
1 1
10
2 24
11 1 1 1 1
12 14
5 2 3 1
3 10
3 1
13
1
1 5
1 7
1 9
1 3 6
1 4 5
1 5 1 2
1 4 1 3
1 2 3 2
1 2
3 1 1
1 1 1 1
4 1 13
1 1 1
1 3 1
1 2
28
28
2
1