# solver=cpp-eb7e8a1
# cpu=AMD EPYC Processor (with IBPB)
# strategy=contra
# n_solutions=1
# solve_time=0.00070
# solver=cpp-ce7a535
# cpu=AMD EPYC Processor (with IBPB)
# strategy=contra
# n_solutions=1
# solve_time=0.00050
2 1 3
1 1 3
2 2 3
1 2 4 1
5 1 7
2 2 4 9
1 2 2 4 6
1 1 1 1 1 2 1 2
1 1 2 2 4
1 1 1 2 2 2
1 1 1 1 1 1 2
2 4 1 1 2
2 3 1 1 2 2
2 5 3 2 2 2
10 2 2 2
10 1 2 1
3 2 4 4 1
1 1 11 2
1 5 2 2 5 1 2
4 1 6 3 5 2
1 2 2 1 5 7
1 2 6 5
2 1 1 6 5
1 1 1 2 3 1 1 5
1 3 1 4 1 5
2 1 2 8 4
4 3 5 4
1 8 5 2 4
4 3 8 4
1 3 5 7
---
1 2 4 2
5 7 5
2 2 3 1 3
2 4 3 3
1 1 3 1 1 2 2
3 1 3 2 1 2 3
2 1 1 3 1 1 2 2
2 4 3 2
2 2 3 1 6
14 3 5
1 2 4 2
3 1 5 1
2 7
6 2 9
3 2 2 3 6
1 1 4 4 5
3 1 3 2 5 1 2
2 1 3 2 4 1 3
5 2 2 3 2
2 3 2
1 5 1
2 4 8 3
1 1 2 2 14
4 1 2 2 11
7 1 3 1 10
10 2 1 5 1
2 4 2 2
4 3 2
5 4 2
3 5