# solver=cpp-86fd3e96b
# cpu=AMD EPYC Processor (with IBPB)
# isolated_core=11
# strategy=basic
# n_solutions=1
# solve_time=0.00040
9
13
16
7 6
6 3 5
6 7 5
5 9 5
5 6 1 5
5 1 3 3 1 5
4 1 2 2 5 1 6
4 1 1 1 1 6 2
4 1 1 2 6 3 1
5 6 3 5
3 3 1
3 3 3
22 1
20
16 2
7 4
3 2 2
5 4
6 2
6
3 1 1
4 1
8
5
5 2
8
5 2
---
4
7
11
13
6 1 4
6 1 3
5 2 4
5 1 1 4
4 1 2 4
4 2 1 2 4
4 4 1 1 4
3 5 1 4 5
3 9 4 7
3 4 2 3 9
3 3 2 1 3 3 6
3 2 4 3 4 5
4 2 5 3 5 1 2
4 1 5 3 4 1 3
4 1 4 3 2 3 2
5 1 2 3 2
5 1 1 2 1
5 1 2 1
6 1 3 3
5 4 3
4 4 1
7 1
4 3
1 1 3
1 3 1
1