# solver=cpp-6b570c1b3
# cpu=AMD EPYC Processor (with IBPB)
# isolated_core=11
# strategy=basic
# n_solutions=1
# solve_time=0.00030
2 2 5
1 2 1 3
1 1 2 2
1 1 2
4 6 1
2 1 2 4 1
1 5 1 2 1 1
1 1 1 1 4 1
1 4 1
1 3 2 1 3 1
6 5 2 1
2 5 3 1 2
1 4 5 1 1 1
1 2 3 2 1
1 1 2 3 1
1 3 3
1 1 3
1 3
1 1 2 1
1 5 1
2 1 2 2
2 2 3 2 3
2 4 2 3 1
1 2 6
11 1 1
---
3 4 1 5 1 1
1 2 2 2 3
2 4 1 2
1 1 2 2 1 2
2 1 5 2 1
2 1 1 3 2 1 1
1 3 1 2 1 1
1 1 3 2 2 1
3 2 6 1 1
4 2 2 1 1
1 1 4 1 2
2 1 3 1 3
3 1 1 4
6 2 4 2
2 2 1 3 1 2 1
1 7 6 2
1 3 5 1 1
2 1 1 1 2
4 5 2
10 5 1