# solver=cpp-86fd3e96b
# cpu=AMD EPYC Processor (with IBPB)
# isolated_core=11
# strategy=basic
# n_solutions=1
# solve_time=0.00030
8 8
8 5
4 6 2
7 6 2
9 4 1
3 3 3
5 4 3
13 4
20 5
19 1
1 1 4 1
1 1 1 1 1
1 12 1 1 1 1
1 2 3 1 1 1
1 2 2 2 4 1
1 2 2 2 1
2 2 2 1
2 2 2 1
1 2 2 1
2 3 2 1
3 5 1 1
9 6 1 1
1 6 1 1
1 3 1 1 1 1
1 4 1 1 1
1 8 1
1 5 1
1 5 2 1
1 8 1
1 5 2 1
---
8 2 1
3 2 1
4 2 1
5 2 1
6 2 1
7 2 1
3 4 1 1
4 3 1 2
5 4 1 10
10 1 2
2 7 1 2
2 7 1 2 5
2 1 3 1 2 7
2 3 1 2 9
2 2 1 2 3 6
1 2 3 4 5
2 2 5 1 2
3 2 4 1 3
6 2 2 3 2
1 1 3 2 2
1 6 5 2 1
1 5 1 1 2
1 4 1 1 2
5 5 11
4
3 17
2 1
2 1
2 1
2 1