# solver=cpp-400bd85f2
# cpu=AMD EPYC Processor (with IBPB)
# isolated_core=11
# strategy=contra
# n_solutions=1
# solve_time=0.00140
2
2 1
2 2
1 1 1 1 2 1 1 1 1
3 2 2 3 4
2 1 1 4
2 4 3
1 2 5 3
2 11
3 2 7
7 5 5
5 11
8
6
5
5
1 2
2 1
1 4 4 1
2 8 1 1 1
3 1 9 1
1 2 1 3 4 2
2 1 3 1 2 3
7 2 2 2
3 2 2 4 1
1 3 4 3 1 1
2 2 1 2 2
3 2 3 4 2
2 5 4 3
1 1 9 1 1 1
2 3 2 1
3 4
3 4
2 3
3 3
3 2
2 2
3 2
3 3
3 2
---
3
6 1
1 11
1 1 2 3 5
2 1 3 1 11
2 4 3 1 1 1 1 6
2 3 2 2 2 3 3
4 2 2 9
2 2 2 1 1 3
1 2 2 2 1 2
1 4 3 1 1 1 1
8 4 3 1
3 2 2 1 1
1 5 2 1 2 2
4 6 1 2 1 3
2 9 3 4
2 11 2 15
1 2 9 5 1 1 10
1 4 5 1 1 2 2 4 2
14 2 1 1 3 3
2 5 2 3 5
1 2 3 7
4 3
1 2
2