# solver=cpp-041dbf2
# cpu=AMD EPYC Processor (with IBPB)
# strategy=basic
# n_solutions=1
# solve_time=0.00040
3 1 1 3 1 3 3 3 3
1 1 1 1 1 1 1 1 1 1
3 3 2 1 1 2 3 3
1 1 1 1 1 1 1 2 1
3 1 1 3 2 1 3 1 1 3
0
3 3 1 1 1 1 3 3
1 1 1 1 1 1 1 1 1 1
3 2 1 1 1 1 1 1 2
2 1 1 1 1 1 1 1 1
1 1 1 3 2 2 3 1
0
1 3 3 2 2 1
1 9 7 1
1 9 1 7 1
1 7 2 5 1
1 5 4 3 1
1 3 2 4 1 2 1
1 1 1 7 4 1
1 1 7 1 5 1
1 12 1 4 1
1 12 1 2 1
1 11 7 1
1 11 4 1
1 10 4 1
1 2 2 4 1
1 2 2 2 4 1
1 3 3 8 1
1 2 5 1
30
---
3 1 5 18
1 1 1 1 2 1
1 3 3 1 2 10 1
4 8 1
5 5 5 1 1
1 6 5 1
5 5 6 5 1
1 1 6 5 1
5 1 5 5 1
1 1 1 4 5 1
1 1 5 2 9 1
1 13 1
5 5 10 1 1
1 1 4 1
5 4 1
1 1 3 1
5 3 1
1 5 2 2 2
1 4 4 3
5 5 1 2 1
1 1 1 5 1 4
1 1 5 1 1 3
4 3 8
5 5 2 13
1 2 1 1 13
3 1 5 3 5 1
1
3 1 5 1
1 1 1 1 1 1
1 3 1 18