# solver=cpp-1e16a40
# cpu=AMD EPYC Processor (with IBPB)
# strategy=contra
# n_solutions=1
# solve_time=0.00060
# solver=cpp-eb7e8a1
# cpu=AMD EPYC Processor (with IBPB)
# strategy=contra
# n_solutions=1
# solve_time=0.00060
# solver=cpp-041dbf2
# cpu=AMD EPYC Processor (with IBPB)
# strategy=contra
# n_solutions=1
# solve_time=0.00100
5 8 5
1 3 1 1 3 1
1 1 1 1 1 1 1 1 1 1 1 1
1 1 2 6 2 1 1
5 3 1 1 3 5
1 1 1 1 1 1 1 1 1 1
3 1 2 4 2 1 3
5 1 1 1 1 5
1 1 1 3 2 3 1 1 1
3 1 1 1 1 3
5 1 1 5
3 1 1 1 1 1 1 3
1 3 1 2 2 1 3 1
1 1 2 5 5 2 1 1
1 1 1 1 2 1 1 1 1
1 1 1 1 2 1 1 1 1
1 1 2 5 5 2 1 1
1 3 1 2 2 1 3 1
3 1 1 1 1 1 1 3
5 1 1 5
3 1 1 1 1 3
1 1 1 3 2 3 1 1 1
5 1 1 1 1 5
3 1 2 4 2 1 3
1 1 1 1 1 1 1 1 1 1
5 3 1 1 3 5
1 1 2 6 2 1 1
1 1 1 1 1 1 1 1 1 1 1 1
1 3 1 1 3 1
5 8 5
---
5 8 5
1 3 1 1 3 1
1 1 1 1 1 1 1 1 1 1 1 1
1 1 2 6 2 1 1
5 3 1 1 3 5
1 1 1 1 1 1 1 1 1 1
3 1 2 4 2 1 3
5 1 1 1 1 5
1 1 1 3 2 3 1 1 1
3 1 1 1 1 3
5 1 1 5
3 1 1 1 1 1 1 3
1 3 1 2 2 1 3 1
1 1 2 5 5 2 1 1
1 1 1 1 2 1 1 1 1
1 1 1 1 2 1 1 1 1
1 1 2 5 5 2 1 1
1 3 1 2 2 1 3 1
3 1 1 1 1 1 1 3
5 1 1 5
3 1 1 1 1 3
1 1 1 3 2 3 1 1 1
5 1 1 1 1 5
3 1 2 4 2 1 3
1 1 1 1 1 1 1 1 1 1
5 3 1 1 3 5
1 1 2 6 2 1 1
1 1 1 1 1 1 1 1 1 1 1 1
1 3 1 1 3 1
5 8 5