# solver=cpp-d85c7576
# cpu=AMD EPYC Processor (with IBPB)
# isolated_core=11
# strategy=basic
# n_solutions=1
# solve_time=0.00030
20
1 1 1 1
3 3
1 5 1
1 7 1
1 8 1
1 8 1
1 6 1 1
1 5 1 1 1
1 4 1 1
1 5 2 1
1 3 1 1
1 3 3 1
1 1 1 1
1 1 1 1
1 6 1
9 1
11 1
15 1
15 1
3 11 1
2 8 3 1
1 9 3 1
1 10 2 1
1 2 1 3 3 1
2 1 3 2
2 1 3 2
2 1 3 2 2
2 1 3 6
11 5
12 1 1 1
12 5
12 3
12 5
1 5 2 7
1 4 5 5
1 4 3 4
1 3 2 4
1 3 2 2 2
1 4 4
---
16 7 5
1 1 4 4
3 4 17
1 4 12 5
1 4 8 11
1 8 9 8 1
1 20 9
1 10 11 7
1 6 1 9 11
1 5 12 5 5
1 4 1 1 22 1
1 4 3 20 1
1 7 4 10
1 5 1 1
1 14 6
1 9 7
1 1 10
3 2 8
1 1 5 3 1
25 2 1