# solver=cpp-400bd85f2
# cpu=AMD EPYC Processor (with IBPB)
# isolated_core=11
# strategy=basic
# n_solutions=1
# solve_time=0.00030
11
2 12
4 1 9
6 8
5 6
6 2
2 6 2
1 2 6 2
3 2 7
4 1 2 8
3 1 2 1 1 8
2 1 1 2 2 5
4 1 1 2
3 1 1 2 1
2 2 4 2
3 2 2
1 2 2 1
1 2 5 4
4 4 3 5
2 1 2 1 2
4 4 3 4 1 1
1 2 1 1 2 1 1
1 1 2 3 2 2 1
1 4 3 1 1
2 1 2 2 5 2
---
1 2 5
6 1 1
3 2 4 1 1
9 1 2
3 1 2
4 3
7 1 2 1
2 2 1 1 1
2 2 2 1 5
6 1 5 1 1
5 3 2 1
5 1 1 1 1 2
5 1 1 1 1 1
8 1 1 1 2 2
2 4 1 1 2 1
2 4 1 2 1 2
3 6 1 2 2 1
4 4 1 2 1
4 3 1 1 1
5 4 4 1 3
5 5 2 5 1
5 2 6 1
7 4 1 1
6 2 2 1
4 6