# solver=cpp-6b570c1b3
# cpu=AMD EPYC Processor (with IBPB)
# isolated_core=11
# strategy=basic
# n_solutions=1
# solve_time=0.00030
4 7
2 3 3
2 3 7
3 3 1
2 2 2 7
2 1 2
2 3 1
3 2 2
2 2 2 3
2 1 4 4
3 7 5
3 2 5 6
3 2 5 7
4 4 8
2 4 7
3 5
1 3 3
3 3 1
5 3
13 4 4
14 4 4
1 2 1 3 2 2 5
1 2 1 1 3 2 1 4
1 2 1 1 1 4 3
1 1 1 2 1 5
---
2 6
4 2
2 3 5
2 3 6
3 3 2
2 1 2 2 1 1
2 2 2 2
2 3 6
3 2 2 1
2 1 2 5
1 2 4 4 1
2 7 5
3 2 5 3 1
3 2 5 2 5
4 4 4 4
2 4 4 2
3 7
1 3 3
5 3 3 1
3 1 5 3
3 1 7 4
1 1 1 9 4
1 1 1 9 5
1 1 1 9 4
1 1 1 9 3