# solver=cpp-400bd85f2
# cpu=AMD EPYC Processor (with IBPB)
# isolated_core=11
# strategy=basic
# n_solutions=1
# solve_time=0.00030
1 2 1 2 2
1 2 2 2 3 2
2 3 2 3
2 1 1 1 2 1
2 4 3 2 3
3 1 2 2 1
1 1 4
1 1
17
1 1 1 1 3 1 1 1
1 1 1 1 3 1 1 1
1 1 1 1 3 1 1 1
1 1 1 1 3 1 2
15
1 1
6
1 1
6 2
1 1 1 2
6 4
1 1 4 1
6 3 1
1 1 5
3 3 3
2 2 2 2
---
3 1 6
1 2 1 1
1 1 1 6
2 3 1 1 1
1 1 6 2
1 2 1 1 1 1 1 1 1
1 20
2 1 1 1 1 1 1 1
2 6 1 1 1 1 1
2 19
2 3 6 1 1 1 1 1
1 1 1 1 1 2
1 2 6 3 1
3 2 1 1 1 4
1 2 1 6 7
2 1 1 1 1 2 4
1 2 1 4 3
1 2 2
2 1 1
1 1