# solver=cpp-a0f9b8019
# cpu=AMD EPYC Processor (with IBPB)
# isolated_core=11
# strategy=basic
# n_solutions=1
# solve_time=0.00060
0
8
3 7
5 2 5
2 7 4
3 8 2 2
3 10 2 2
10 10
6 3 2 5
3 5 5
2 2 4
2 4
2 3
1 2
1 3 3 1
1 5 5 1 1
1 2 2 3 2 1 2
1 3 3 4 1 1
1 2 2 1 1 2 2 1 2
2 1 2 1 1
1 2 2 2 2 3
1 2 3 1
2 4 2
1 4 2 1 2
1 2 2 4 2
4 1 3
2 1 2
2 6 1 2 1
2 2 3 2 2
2 3 2 3
6 3 3
6 2 2 4
8 6 5
9 4 5
9 4 6
9 2 7
9 4 8
10 4 8
10 6 9
10 7 10
---
7
8
8
9
9
8 9
6 4 9
7 1 4 10
5 2 1 2 10
5 2 2 4 1 3
2 2 2 1 2 4
2 3 2 2 1 1 2
6 4 1 2 1
7 2 2 2 2 2
1 6 7 1 1 3 4
1 6 6 1 1 8
2 3 3 1 2 1 1 8
6 2 3 2 3 4
7 1 3 2 1 2 2 2
2 5 3 2 2 1 2
3 3 2 2 1 1 1 1 1
4 1 2 2 2 2 2 2
6 3 1 1 2 4
2 2 3 1 2 5
3 3 1 3 6
8 4 8
8 4 7 9
8 1 14
4 2 3 12
3 11