# solver=cpp-b64f6aebe
# cpu=AMD EPYC Processor (with IBPB)
# isolated_core=11
# strategy=contra
# n_solutions=1
# solve_time=0.00080
10
13
15
17
18
20
22
23
24
26
10 16
9 15
8 13
7 12
6 10
5 8
6 6
5 2 3 4
3 4 5 4
2 1 3 2 2 1 1 2
1 1 1 2 3 3 1 1 1
1 1 2 1 1 2 1 1
1 1 1 1 1 1 4
1 1 4 1 1 4
2 2 1 2 5
1 3 2 2 5
2 4 1 2 5
2 3 2 2 6
1 3 1 1 6
2 3 2 2 6
2 3 2 5
2 1 5 5
2 5 4
2 3 3
3 1 5 1 3
2 2 3 2
4 5 2
4 3
9 2
9
---
0
6
10 2
10 1
10 9
12 7
12 6
11 4
11 2 1 5 4
11 1 1 7 3
11 4 1 6 3
10 2 2 4 1 3
10 2 2 2 1 2
11 2 3 1 2 3 2
12 7 6 1 2
12 1 5 1 2
13 3 1 4 1 2
14 1 7 2 3 2
14 3 4 1 1
15 2 2 1 3
15 2 2 1 2
16 2 6 2
15 2 1 11
15 1 12
14 13
27
13 8
19
11
0