# solver=cpp-b64f6aebe
# cpu=AMD EPYC Processor (with IBPB)
# isolated_core=11
# strategy=basic
# n_solutions=1
# solve_time=0.00050
0
0
3 4
5 6
6 9
8 10
9 12
11 13
12 13
9 8
7 6
6 5
4 4
4 4
4 4 4 3
4 6 6 3
4 7 8 3
3 1 2 2 1 3
2 1 1 3
1 1 1 4 1 1 2
5 1 1 2 1 1 7
1 1 1 2 1 1 1
1 1 2 1 1
1 2 1
2 2 3
2 3 2
1 8 2
2 10 2
2 10 3
1 1 1 3
2 1 5 2
2 11
3 8
3 7
3 2 3
3 4
2 5 2
2 3
2 2
2 2
---
0
0
8
11
20
14 1 5
8 1 4
9 2 1 3
9 2 1 3 1
8 3 1 1 3 2
8 3 1 1 1 3 2 3
6 3 1 1 3 4
4 4 1 3 1 1
2 3 1 4 1 2
1 10 1 1
10 2 1
3 2 1 3 2 1
4 3 1 3 2 2
5 3 1 1 3 3 1
5 3 1 1 1 6 2
6 3 1 1 7
8 3 1 3 3
8 2 1 5 3
9 2 1 6 1
10 1 4 3
11 1 5 3
17 2 2
19
12
0