# solver=cpp-1e16a40
# cpu=AMD EPYC Processor (with IBPB)
# isolated_core=11
# strategy=basic
# n_solutions=1
# solve_time=0.00040
14
19
21
23
25
9 10
8 5 2
7 4 1
8 3 2
7 2 2
7 1 1
7 2
8 2
7 2
7 4 2
7 7 3
8 9 3
8 9 2
9 6 2
9 3 3
10 3
10 2
10 3
5 3 3
5 3 3
4 4 2
5 4 2
5 3 2
5 3
5 4
6 4
8 5
10 4
13 3
4 8 2
4 16
3 13
2 6
1 6
7
---
15 4
18 5
21 6
30
20 9
19 7
20 6
11 8 5
9 8 5
8 7 4
7 4 4
6 3 4
6 2 4 1
5 2 4 2
5 4 6
5 5 6
5 6 5
5 6 5
5 6 5
5 4 1 3
6 3 2 2
7 2 3 2
8 4 2
10 6 2 3 2
24 2 6
8 6 10 4
5 6
4 2
4 2
5