# solver=cpp-a0f9b8019
# cpu=AMD EPYC Processor (with IBPB)
# isolated_core=11
# strategy=basic
# n_solutions=1
# solve_time=0.00030
0
5
9
11
14
16
17
9 8
9 8
8 7
9 7
9 6
9 6
8 5
11 8
12 10
8 4 3 6
8 5
7 3 3 4
25
7 3 1 3 4
6 2 4
6 2 4
6 2 4
6 3 4
6 3 4
6 6 4
6 8 5
6 3 3 6
6 2 3 9
17 5
10 3 6
16 6
15 7
7 5 7
7 3 7
7 7
5 2 2 4
3 2 2 2
2 1 1 1
---
16
19
26
29
33
35
18 13
16 1 11
11 2 1 8
10 3 3 9
8 3 3 7 2
7 2 3 3 5 2
6 1 1 2 2 4 2
7 9 2 4
7 1 1 7 2 4
8 2 1 5 5 2
8 3 3 8 2
8 2 3 6 2
9 2 3 2 4
12 1 2 7
12 1 13
31
28
25
21