# solver=cpp-1562f45ac
# cpu=AMD EPYC Processor (with IBPB)
# isolated_core=11
# strategy=contra
# n_solutions=1
# solve_time=0.00040
10
13
15
18
19
4 11 3
5 9 3
6 7 4
5 3 3
6 3 3 3
6 3
6 4 5 3
5 3
5 4
1 3 5 2 2 1
1 2 7 4 1 1
1 2 4 6 1 1
2 1 2 1 1
1 3 1 3 2
2 5 3 1
1 1 3 2 2 2
3 2 2
1 2 2
1 3 2
1 2
2 2 2
2 2
2 6 1
2 1 1 2
2 6 1
2 4 2
2 3
3 3 3
4 4
1 4 1
2 2
1 1
1 2
2 1 1
2 3 2
---
0
0
0
9
7 3
9 3
13 6
15 2 4
9 4 1
6 3 2
4 1 1 3 4
5 1 1 3 4
7 1 1 3 1 1 2
8 1 3 3 1 1
8 1 3 3 1 1 1
9 2 1 1 2 1 1 1
9 1 6 1 1 2 1 1 2
9 5 1 1 2 1 1 1
8 1 2 1 1 2 1
8 1 3 2 1 1 1
7 1 1 3 3 1 4
6 1 1 3 2 3 3
4 1 1 2 1 3 3
6 1 4 1
7 4
13 6
8 5
4 3
6
0