# solver=cpp-1562f45ac
# cpu=AMD EPYC Processor (with IBPB)
# isolated_core=11
# strategy=contra
# n_solutions=1
# solve_time=0.00040
0
8
12
15
17
18
19
20
13 7
6 6 6
4 4 6
4 4
3 3
2 4 4 2
2 2 3 7 2
2 1 1 2 1 2
2 2 2 2
2 2 1 1 1 2
1 2 1 1 1 1 2 1
1 3 5 1
1 2 1
1 3 1
1 3 1
2 4 2
2 3 3
2 4
3 8 3
3 2 3 4
4 7 5
4 4 5
4 5
5 6
13
17
7 8
10 12
6 7 8
6 5 8
6 3 8
6 1 7
---
1
2
3
15 4
10 4 5
7 5 6
8 1 4 6
7 1 4 5
7 2 1 3 5
7 1 2 7
8 1 2 1 1 6
10 2 1 2 2 6
10 1 1 1 3 3 3
10 2 1 2 1 2 3 4
10 4 1 2 2 4
9 6 1 2 2 4
8 2 6 4 3 3
7 3 1 1 3 6
7 2 1 2 2 6
7 2 1 1 7
9 2 2 9
8 1 1 5 5
8 2 6 6
8 6 6
11 6 6
18 5
5
4
3
2