# solver=cpp-041dbf2
# cpu=AMD EPYC Processor (with IBPB)
# strategy=basic
# n_solutions=1
# solve_time=0.00040
5
8
9
10
10
9
8
6
3
3
3
3
5
5
5
5
7
7
7
7
36
1 1 1 1 1 1 2 2 1 3 1 2
1 2 1 1 1 1 2 1 1 1 1 1 1 3 1 2
2 1 1 1 1 1 2 2 1 1 3 1 2
2 1 1 1 3 2 1 1 1 1 1 1 1 1 1 2
1 1 1 3 1 1 1 2 1 1 1 1
36
0
2 2 1 1 1 1 1 1
4 1 2 2 1 1 1
2 1 1 1 1 1 1
4 1 3 1 1 1
2 2 3 1 1 1 1
---
7
1 2 1
1 1 1
7
1 1
5 1
1 1
7 1 1
1 1 2 2
1 1 3 3
1 3 3
7 2 2
1 1 1 1
1 1 1 1
4 7 5
6 5 1 1
7 9 1 3 1
21 1 1 2
27 3
21 1 2
8 9 1 1 1 3
7 6 1 2 2
6 7
4 1 1 5
1 3 1
1 1 5
7
1 1 5
5 1
4 2
5 1
1 1
7
1 1
5 1
7