# solver=cpp-1562f45ac
# cpu=AMD EPYC Processor (with IBPB)
# isolated_core=11
# strategy=basic
# n_solutions=1
# solve_time=0.00040
4 1 4 3 3 1 1 1
1 1 1 1 1 1 1 1 1 1 2 1
4 1 4 1 1 1 1 1 4
1 1 1 1 1 1 1 1 1 1 1 2 2
3 1 1 4 1 1 3 3 1 1 1 5
6 7
8 3 3 9
11 10 6
12 12 6
5 4 3 2 6
5 31
6 28
6 27
5 20 2
3 19 3
3 18 2
2 17 2
3 17 1
19 2
18 1
3 1 14 2
5 12 1
6 8 1
3 12
2 8
---
4
6
6
7
8
4 3 1
4 4 5
5 5 5
6 6 4
7 3 2
8 5
5 13
1 1 11
1 1 13
5 15
17
5 2 15
1 3 15
1 3 15
1 3 15
2 15
5 2 15
1 1 3 12 2
1 1 3 12 1
5 3 12 1
2 11 2
5 12 1
1 1 9 1
1 1 6 3
3 5 3
4 2
5 3 2
1 1 3 1
1 1 3 1
3 4
4
5 4
3
5 3
2 4
2 3
5 4
3
4
4
3
4
4
3
2