# solver=cpp-1562f45ac
# cpu=AMD EPYC Processor (with IBPB)
# isolated_core=11
# strategy=backtrack
# n_solutions=12
# solve_time=0.00040
20
20
3 6 1
1 2 2 3 1
1 1 2 2 1 2 3
1 9 2 1 1 1
1 5 2 1 1 1
3 2 2 4 1 1 1
3 1 1 4 1 1 1
1 1 1 2 1 1 1
9 1 3
1 1 1 1 1
1 2 1 2 1 1
1 1 1 1 1 2 1 1
1 1 2 1 1 2 1 1
1 1 2 1 2 1 1
1 1 3 2 2 1 1
1 1 2 2 2 1 1
4 5 1 2 1 1
1 1 1 2 1 1
1 2 1 2 1 1
1 1 1 2 1 1
1 2 1 2 1 1
1 1 1 2 1 1
10 2 1 1
1 2 2 3 1 1
1 2 2 5 1 1
1 2 2 2 1 1
1 4 4 2 1 1
1 4 4 2 1 1
---
10 4 5
3 2 1 8
3 2 2 1 1 1 2
2 1 1 2 1 1 2
2 8 4 6
2 5 1 6
2 2 1 1 1 1 1 1 1 1
2 5 15
2 8 4 6
2 1 1 2 1 6
3 2 2 1 1 1 2
3 2 1 2 1 1 2
10 12 1
11 2
4 19
3 5 18
2 1 1
2 27
2 1 1
3 5 18