# solver=cpp-6dc88e3e
# cpu=AMD EPYC Processor (with IBPB)
# isolated_core=11
# strategy=basic
# n_solutions=1
# solve_time=0.00040
3 9 3
2 9 3 2
1 5 7 1
2 2 2 2
5 7
2 2 2 2
4 6
2 2 2 2 2
4 2 6
1 1 1 1 1 1
4 7 6
1 1 1 2 1 1
4 2 6
1 1 2 1 1
4 4 6
2 2 1 1 2 2
4 1 1 6
2 2 4 2 2 2
5 1 7
2 2 2 2
1 5 7 1
2 9 2 2
3 9 3
---
3 9 3
2 4 1 1 4 2
1 3 1 1 1 1 3 1
2 11 2
6 6
1 2 2 1
4 4
3 3
3 2 2 3
2 1 1 2
2 1 1 2
2 11 2
2 2 5 2
2 1 1 2
3 2 4 3
1 2 1 2 1
5 3 1
2 2 2 2
2 4 4 2
1 1 11 1 1
3 1 1 1 1 1 1 3
2 1 1 1 1 1 1 2
1 3 1 1 1 1 3 1
2 4 1 1 4 2
3 9 3