# solver=cpp-6b570c1b3
# cpu=AMD EPYC Processor (with IBPB)
# isolated_core=11
# strategy=contra
# n_solutions=1
# solve_time=0.00040
40
4 4
3 3
2 2
1 3 1
1 1 1
1 2 1
1 1 4 1
1 2 6 1
1 2 8 1
1 2 8 1
1 1 8 1 1
1 2 6 3 1
1 4 4 5 1
1 4 2 5 1
1 4 4 5 1
1 5 12 1
1 5 12 1
1 5 4 5 2 1
1 5 5 1 1
1 5 7 2 1
1 5 8 2 1
1 5 10 1 1
1 4 11 2 1
1 2 6 4 2 1
1 6 5 1 1
1 6 5 2 1
1 6 5 1 1
1 6 7 1 1
1 6 7 1
1 8 6 1 1
1 32 1
1 7 1
1 6 1 1
1 20 1
1 1
2 2
3 3
4 4
40
---
40
4 4
3 3
2 2
1 4 1
1 4 1
1 5 1
1 5 1
1 6 1
1 2 7 1
1 5 6 1 1
1 9 6 1 1
1 9 7 1 1
1 10 8 1 1
1 12 6 1 1 1
1 2 8 6 1 1 1
1 2 2 7 1 1 1
1 1 3 11 1 1 1
1 3 3 11 2 1 1 1
1 1 5 10 6 1 1
1 7 9 7 1 1
1 7 2 13 1 1
1 7 3 12 1 1
1 7 3 11 1 1
1 5 4 4 4 1 1
1 3 6 1 1
1 7 1 1
1 7 1 1
1 7 1 1
1 2 3 1 1
1 2 1 1
1 3 1 1
1 2 1 1
1 3 1 1
1 3 1 1
1 1 1
2 1 2
3 3
4 4
40