# solver=cpp-a0f9b8019
# cpu=AMD EPYC Processor (with IBPB)
# isolated_core=11
# strategy=basic
# n_solutions=1
# solve_time=0.00040
40
4 4
3 3
2 2
1 1
1 1
1 1
1 1
1 3 1
1 5 1
1 7 1
1 7 1
1 7 1
1 5 1
1 1 3 1
1 3 1
1 6 1
1 9 1
1 12 1
1 14 1
1 6 9 1
1 6 7 1
1 5 5 1
1 11 2 1
1 14 1
1 16 1
1 12 5 1
1 9 5 3 1
1 11 5 1 1
11 7 6
10 8 8
8 8 8
3 6 6
1 1
1 1
1 1
2 2
3 3
4 4
40
---
29 7
4 2 4
3 4 3
2 4 2
1 5 1
1 4 1
1 4 1
1 5 1
1 5 1
1 5 1
1 5 1
1 5 1
1 5 1
1 5 1
1 5 1
1 5 1
1 6 1
1 7 1
1 9 1
1 10 1
1 11 3 1
1 7 3 6 1
1 3 7 10 1
1 5 5 10 1
1 7 5 10 1
1 7 5 10 1
1 7 5 3 4 1
1 5 5 2 1
1 3 5 1
1 5 1
1 5 1
1 5 2 1
1 3 4 1
1 1 4 1
1 1 4 1
1 1 4 1
2 5 2
3 4 3
4 2 4
29 7