# solver=cpp-6b570c1b3
# cpu=AMD EPYC Processor (with IBPB)
# isolated_core=11
# strategy=contra
# n_solutions=1
# solve_time=0.00090
40
4 4
3 3
2 2
1 4 1
1 6 1
1 8 1
1 8 1
1 8 1
1 8 1
1 6 1
1 4 1
1 1
1 8 1
1 12 1
1 15 1
1 17 1
1 7 7 1
1 6 5 1
1 6 4 1
1 10 5 1
1 12 2 1
1 13 2 1
1 6 7 2 1
1 6 7 1
1 6 5 1
1 6 4 1
1 6 5 1
1 6 7 1
1 6 2 5 1
1 6 2 5 1
1 6 8 7 1
1 6 8 8 1
1 5 7 8 1
1 3 5 6 1
1 1
2 2
3 3
4 4
40
---
40
4 4
3 3
2 2 2
1 4 1
1 5 1
1 6 1
1 6 1
1 6 1
1 6 1
1 6 1
1 6 1
1 6 1
1 6 2 1
1 6 4 1
1 6 4 1
1 6 4 1
1 6 4 1
1 6 4 1
1 7 3 1
1 9 2 1
1 10 2 1
1 5 5 2 1
1 5 6 2 1
1 5 6 2 1
1 4 13 1
1 4 4 12 1
1 6 4 11 1
1 8 4 2 9 1
1 8 4 2 7 1
1 8 5 2 4 1
1 8 4 2 4 1
1 6 5 1 2 1
1 4 6 1
1 6 1
1 5 1
2 3 2
3 3
4 4
40