# solver=cpp-1562f45ac
# cpu=AMD EPYC Processor (with IBPB)
# isolated_core=11
# strategy=basic
# n_solutions=1
# solve_time=0.00030
40
4 4
3 3
2 3 3 4 2
1 5 5 6 1
1 6 6 8 1
1 7 7 8 1
1 6 7 8 1
1 6 7 8 1
1 5 7 6 1
1 5 7 4 2 1
1 4 7 4 1
1 5 17 1
1 5 16 1
1 6 16 1
1 7 16 1
1 25 1
1 14 1
1 12 1
1 12 1
1 8 1
1 7 1
1 6 1
1 5 1
1 5 1
1 5 1
1 5 1
1 5 1
1 5 1
1 5 1
1 5 1
1 5 1
1 5 1
1 6 1
1 9 1
1 9 1
2 7 2
3 3
4 9 4
20 9
---
40
4 4
3 3
2 3 2
1 8 1
1 10 1
1 11 1
1 11 1
1 11 1
1 3 5 1
1 5 1
1 5 1
1 6 1
1 5 1
1 5 1
1 3 4 1
1 5 4 1
1 6 5 1
1 7 5 1
1 7 6 1
1 7 8
1 7 10 2 1
1 30 1
1 10 18 1
1 8 17 1
1 4 7 16 1
1 6 6 13 1
1 8 5 4 1
1 8 5 3 1
1 8 5 2 1
1 8 5
1 6 5 1
1 4 5 1
1 6 1
1 6 1
1 6 1
2 4 2
3 2 3
4 4
40