# solver=cpp-400bd85f2
# cpu=AMD EPYC Processor (with IBPB)
# isolated_core=11
# strategy=contra
# n_solutions=1
# solve_time=0.00040
6 1
5 1
5 3
5 1 1 3
4 1 4
1 1 1
2 2
2 3 2
2 2
7
3 1 1
7 4 1 1
2 6 7 7
11 6 1 1
5 1 8 3 3 3
1 11 6 5
3 12 12
10 4 3 2 1
5 13 4
19 3 3
2 15 3 4
8 2 1 4
1 5 2 1 1 1
6 2 1 3
5 5 3
5 1 1 3
2 2 4 1 1 2 2
5 1 1 1 1 2 2 3
1 3 4 1 1 2 3
5 4 1 1 2 3
---
1 4 3 9
1 4 6 5 1
1 2 13 3
1 10 9
1 6 13
2 3 3 5
1 12
1 3 7 4
1 9 1 2
2 8 1 2
1 5 4 4
1 2 9
1 10 2
2 4 5 7
1 10 1
1 5 3 1
1 2 6 1
2 3 4 8
1 2 8
1 4 5
4 4 1 3
1 1 1 1 1 1 2 3
3 2 1 1 1 1 1 2
1 1 1 1 1 1 2
4 4 1 2
1 4 5 2
1 2 8
2 16
1 2 4 7
1 4 6 3