# solver=cpp-b64f6aebe
# cpu=AMD EPYC Processor (with IBPB)
# isolated_core=11
# strategy=basic
# n_solutions=1
# solve_time=0.00030
7
7
7
6
5 3 3
4 2 2
3 3
4 1
6
8
8
8
8
6
8 4
11
13
2 14
2 5 5
2 5 5
7 4
5 4
6 5
5 8
2 11
12
4 6
5 4
5 4
6 5
6 4
6 5
6 6
6 6
7 6 1
38
9
7
6 1
24
---
7 1 3
7 2 5
7 2 5
6 2 5
5 1 6
4 3 6
3 5 5 1
8 5 1
9 6 1
9 6 1
5 2 7 1
5 6 1 1
4 6 1 1
4 6 1 1
4 7 1 1
4 9 1 1
14 1 1
12 1 1
4 12 5 1
6 6 4 7 1
8 4 4 8 1
8 13 1
8 13 1
8 6 4 1
6 4 1 1
4 2 1 1
1
1
1
1 1
1 1
2 1
2 1
2 1
2 1
2 1
1 1
1 1
1
1