# solver=cpp-6b570c1b3
# cpu=AMD EPYC Processor (with IBPB)
# isolated_core=11
# strategy=contra
# n_solutions=1
# solve_time=0.00050
0
6
1 1
3 1 1
27 1
27 1
8 1 1
3 7 1 1
10 2 2 2
12 4
1 1 9
1 11 4
1 2 2 1 6
1 2 2 1 1 11
2 2 2 1 1 1 1 1 1
17 3 14
8 1 2
1 1 1 1 2 1 4 1
2 2 1 1 2 1
1 1 6 1 2 4 1
1 3 1 8 3 1 7
1 4 3 1 8 3
10 4 3 5 3 5
1 2 2 3 2 3 3 7
12 2 6 13
5 2 1 1 16
3 3 2 17
3 2 20
4 20
18
---
0
3
7 1
2 1 1 1
3 1 4
2 1 5
3 1 1 3
2 1 1 3
11
2 4
1 3 3
3 1 3 5
5 2 2 3 3
5 3 2 2 2
5 2 1 2 1 1 1
3 2 2 2 2 2
4 1 2 3 2 2 1
4 2 1 3 3 1
4 1 2 3 2
5 1 3 3 2
2 2 4 1 2 3
2 2 2 1 1 3
2 2 1 1 1 1 3
2 2 1 1 1 3
2 2 1 3 1 2 3
2 2 1 1 1 4
2 3 5 2 4
2 3 1 6 4
2 3 3 1 5
2 2 1 1 3 1 5
2 2 1 1 1 1 2 5
2 2 4 1 1 5
2 5 1 1 1 6
2 6 1 2 6
2 6 1 4 5
2 5 5 5
2 2 1 5 5
2 1 1 3 5
8 4 1 5
1 2 6 5
1 1 5
1 1 5
1 2 5
8 5
4