# solver=cpp-86fd3e96b
# cpu=AMD EPYC Processor (with IBPB)
# isolated_core=11
# strategy=basic
# n_solutions=1
# solve_time=0.00030
9 25
4 3 4
3 2 3 3
2 3 2 2
1 3 3 1
1 3 3 1
1 3 3 1
1 5 2 1
1 6 5 1
1 13 1
1 5 8 1
1 4 5 3 1
1 4 6 3 1
1 4 4 2 2 1
1 4 4 3 2 1
1 4 4 2 1 1
1 8 1 1 1
1 8 1
1 8 1
1 8 1
1 8 1
1 7 1
1 7 1
1 6 1
1 7 1
1 12 1
1 14 1
1 14 1
1 16 1
1 18 1
1 5 8 1
1 2 3 6 1
1 5 6 1
1 7 5 1
1 7 5 1
1 7 4 1
2 5 5 2
3 3 4 3
4 2 4
24 12
---
40
4 4
3 3
2 2
1 1
1 1
1 3 1
1 1 5 1
1 2 6 1
1 5 1
1 2 6 1
1 1 5 1
2 2 5 3 1
1 1 3 5 5 1
2 6 5 7 1
1 2 7 5 7 1
1 1 10 6 7 1
1 2 24 5 1
1 1 23 3 1
1 2 1 19 1
1 1 3 17 1
1 21 6 1
1 18 6 1
1 15 8 1
1 13 8
1 4 7
1 1 2 5
1 2 2 2
1 1 1 1
1 2 2 1
1 1 2 1
1 2 1
1 2 1
1 3 1
1 1
1 1
2 2
3 3
4 4
40