# solver=cpp-a0f9b8019
# cpu=AMD EPYC Processor (with IBPB)
# isolated_core=11
# strategy=basic
# n_solutions=1
# solve_time=0.00030
4 4
2 5
2 3 5
4 1 4
3 1 4
7 4
3 1 4
7 4 3
3 1 4 5
7 4 3 2
3 1 5 3 2
4 1 3 5 3
2 6 5 3
2 3 5 1 2
2 10 4
4 10 1 1
6 9 4
8 2 1
10 1 4
4 11 4
4 10 1 1 2
5 11 3 4
10 2 4 4
10 2 6 4
9 1 6 5
12 11
11 10
10 8
8 6
6 4
---
1
1 1 1 1 2 5
17 7
17 8
1 9 2 10
2 1 1 1 2 1 11
1 1 1 1 1 2 8
11 5 9
7 9
19
13 5
1 8 4
8 5
11
11
6 4
6 3 1
6 3 2
5 2 4
5 2 6
5 7
4 9
4 5 6
4 5 5 5
4 8 7 6
4 3 4 2 9
4 2 13
3 2 9
3 2 4
2 1