# solver=cpp-6dc88e3e
# cpu=AMD EPYC Processor (with IBPB)
# isolated_core=11
# strategy=basic
# n_solutions=1
# solve_time=0.00040
8
3 3
2 2
15
2 2
1 1 1
1 1 1
1 1 1
1 1 4 1
1 1 1 1 1
1 14
1 14
1 3 1 8
1 2 1 2 9
1 2 1 1 2 3 2
3 2 1 1 1 3 2
1 1 2 1 1 1 2 2 1
1 1 2 1 1 1 2 1
1 1 2 1 1 1 2 1
3 2 1 1 1 2 2 1
1 2 1 1 1 2 4 2
1 2 1 1 1 2 4 2
1 2 1 1 1 3 2 3
1 2 1 1 1 3 1 1
1 2 1 1 1 4 1 2
1 2 1 1 1 2 1 1 1
1 2 1 1 2 1 2 5
1 2 1 2 3 5 2
1 3 1 3 5 2
1 7 1 3
1 10 3
4 9
2 1 1
1 1
2
---
3
1 1
11 13
2 5 2
3 2
3 27
1 1 21
2 1 3 3
1 1 2 15 2
1 1 4 3
1 1 1 2 15 2
1 1 1 4 4
1 1 1 3 13 1 1
1 1 1 5 3 2
2 1 5 11 1 2
1 1 19 1
3 6 3 1 1
3 5 3 1 1
10 2 3 1
1 1 4 3 4
1 1 4 1 2 1
2 2 1 4
2 2 2
12 1
3 1 2
3 3
4