# solver=cpp-d85c7576
# cpu=AMD EPYC Processor (with IBPB)
# isolated_core=11
# strategy=basic
# n_solutions=1
# solve_time=0.00030
40
33 4
32 3
16 11 2
16 11 2
16 11 2
16 12 3
16 13 4
16 17
16 14
5 7 11
4 5 8
3 1 5 5
3 2 5 2
5 6
5 7
4 9
3 9
2 4
2
1 2
1 4
11 18 2
7 18 2
4 18 2
2 2 1 3 18 2
2 3 2 2 18 2
3 3 1 1 18 2
0
0
---
22 1
20 3
18 3
12 3
11 3
10 2 3
10 3 3
10 2 2 3
10 3 2 2
11 4 2
11 5 2 2
19 2 1
18 3 1
18 4
18 5
18 6
3
3
3 6
3 6
8 6
8 6
8 6
9 6
9 6
9 6
10 6
10 6
10 6
11 6
11 6
3 5 6
2 5 6
1 4 6
1 4 6
1 5 6
2 6
3 7
14 6
14 6