# solver=cpp-b64f6aebe
# cpu=AMD EPYC Processor (with IBPB)
# isolated_core=11
# strategy=basic
# n_solutions=1
# solve_time=0.00040
40
4 4
3 3
2 2
1 1
1 1
1 1
1 3 1
1 5 1
1 7 4
1 8 6
1 9 8
1 9 8
1 9 8
1 9 8
1 13 6
1 15 4
1 16 1
1 16 1
1 10 1
1 6 4 1
1 7 4 1
1 13 4 1
1 13 5 1
13 6 1
12 7 1
6 8 1
4 8 1
2 8 1
9 1
1 7 1
1 1
1 9 1
1 1
1 1
1 1
2 2
3 3
4 4
40
---
24 2 10
4 4 4
3 5 3
2 4 2
1 4 1
1 5 1
1 4 1
1 4 1
1 4 1
1 4 1
1 4 1
1 4 1
1 5 1
1 4 1
1 5 2 1 1
1 2 5 4 1 1
1 4 6 5 1 1
1 5 6 5 1 1
1 5 6 6 1 1
1 5 6 7 1 1
1 4 5 7 1 1
1 5 5 8 1 1
1 18 1 1 1
1 17 1
1 15 1
1 8 4 1
1 7 1
1 7 1
1 6 1
1 6 1
1 5 1
1 4 1
1 4 2 1
1 6 1
1 8 1
1 8 1
2 8 2
3 8 3
4 6 4
9 4 23