# solver=cpp-041dbf2
# cpu=AMD EPYC Processor (with IBPB)
# strategy=basic
# n_solutions=1
# solve_time=0.00070
40
4 4
3 3
2 2
1 1
1 2 2 5 1
1 3 9 4 2 2 1
1 1 12 6 3 1
1 14 8 1 1
1 4 8 8 1
1 2 8 8 1
1 7 8 1
1 11 6 1
1 14 4 1
1 9 6 1
1 8 5 1
1 7 6 2 1
1 7 5 2 1
1 6 6 2 1
1 8 6 2 1
1 11 6 2 1
1 13 6 2 1
9 5 5 2 1
3 8 5 4 2 1
3 7 4 2 2 1
1 8 5 2 1
1 8 5 5 1
1 6 5 7 1
1 3 4 9 1
1 2 5 11 1
1 2 5 11 1
1 3 6 11 1
1 10 11 1
1 8 9 1
1 6 7 1
1 3 4 1
2 3 2
3 3 3
4 3 4
26 9
---
22 1 15
4 1 4
3 2 3
2 1 1 2
1 2 2 1
1 2 2 1
1 2 4 1
1 1 6 1
1 2 6 1
1 4 8 1
1 5 8 1
1 4 3 10 1
1 4 5 5 2 2 1
1 4 5 5 2 1
1 4 11 1 1
1 5 11 2 1
1 6 10 1 1
1 17 2 1
1 10 7 4 1
1 8 10 6 1
1 7 16 1
1 7 16 1
1 8 13 1
1 9 5 6 1
1 8 3 1 1
1 4 9 2 1
1 6 9 1
1 8 8 4 2
1 8 7 4 1
1 8 6 6 1
1 8 4 6
1 6 8 1
1 4 8 1
1 1 10 1
1 2 10 1
1 2 10 1
2 2 20 2
3 1 19 3
4 4
40