# solver=cpp-d85c7576
# cpu=AMD EPYC Processor (with IBPB)
# isolated_core=11
# strategy=basic
# n_solutions=1
# solve_time=0.00030
1
3
5
6
8
9
10
11
12
12
14
13 1
14 1
14 2
14 1
15 1
6 3 3 2
6 1 2 1
6 1 1
7 1 2
8 1 1
9 1 1
10 9
9 8
30
3 1 1 1 1 1 1 1 1 1 1 3
2 2
28
26
8 7
2 11 2
2 1 1 1 1 2
3 1 1 1 1 3
3 2 5 2 3
3 2 1 1 1 2 3
---
4
7 3
15
6 8
8 3
8 3
10 3
10 3
11 3
10 2 3 2
6 1 2 5
6 2 2 1
6 1 2 1
7 2 2 1 2
9 1 2 4
11 1 2 1 2
11 2 2 4
11 1 2 1 2
12 2 2 1
14 1 2 1
16 1 2 5
22 2 3 2
14 3 3
12 4 3
9 3 3
5 4 4 3
4 3 8
4 13
9 3
4