# solver=cpp-b64f6aebe
# cpu=AMD EPYC Processor (with IBPB)
# isolated_core=11
# strategy=basic
# n_solutions=1
# solve_time=0.00040
40
3 3
2 2
1 1
1 1
1 4 1
1 6 6 1
1 9 8 1
1 11 8 1
1 13 8 1
1 5 5 8 1
1 3 5 6 1 1
1 8 4 3 1
1 10 4 1
1 20 1
1 7 11 1
1 7 9 1
1 8 6 1 1
1 9 1 1
1 8 1 1
8 1 1
3 7 1 1
3 9 1 1
1 3 10 1 1
1 2 9 1 1
1 3 7 1 1
1 3 7 1 1
1 9 1 1
1 9 1 1
1 7 1 1
1 5 1 1
1 2 1 1
1 3 1 1
1 3 1 1
1 3 1
1 3 1
1 3 1
2 2 2
3 2 2 3
29 3 4
---
20 1 17
3 1 3
2 2 2
1 1 1
1 2 1
1 1 1
1 2 1
1 2 1
1 1 1
1 2 1
1 1 1
1 2 1
1 2 2 1
1 4 3 1
1 5 5 1
1 6 2 6 1
1 5 4 8 1
1 4 5 8 1
1 4 6 10 1
1 4 8 11 1
1 4 14 3 1 1
1 4 13 2 1
1 9 8 1 1
1 7 7 2 1
1 6 6 1 1
1 6 5 2 1
1 5 3 1 1
1 4 5 2 1
1 6 5 1 1
1 8 4 2
1 8 4 2
1 8 4 2
1 8 4 1
1 6 5 2
1 4 5 1
1 23
1 3 1
2 2
3 3
40