# solver=cpp-6b570c1b3
# cpu=AMD EPYC Processor (with IBPB)
# isolated_core=11
# strategy=basic
# n_solutions=1
# solve_time=0.00030
6
10
12
14
15
14
4 6
4 4
3 3
3 2
3 2
2 2
2 2 2 1
1 5 4 1
1 3 1 1 1 2
1 1 1 1
2 1
2 1 1 1
1 4 1
1 1
2 4 1
1 2 2 1
6 3
3 2
4 4
1 10 2
2 10 3
4 8 5
6 7 8
9 1 5 10
11 3 2 12
12 5 1 12
12 8 12
12 7 12
12 4 13
12 3 13
12 3 13
12 2 13
12 4 13
13 6 13
13 7 13
0
0
0
0
---
10
11
11
12
12
12
13
13
14
5 14
1 11 15
10 2 16
6 2 4 1 2
5 3 7 3
5 4 6 3 1
6 1 8 4 2
6 2 2 3 5 6 3
6 1 1 1 5 10
6 1 1 1 6 9
6 2 2 2 6 3 3
7 2 1 2 6 3 2
6 2 7 2
7 2 6 7
7 4 1 13
14 16
6 1 16
15
14
14
13
13
12
12
11
11