# solver=cpp-a0f9b8019
# cpu=AMD EPYC Processor (with IBPB)
# isolated_core=11
# strategy=contra
# n_solutions=1
# solve_time=0.01180
0
0
0
25
1 1 1 1
1 1 3 1 1
1 2 1 1
1 4 1 4 1
1 1 2 1
25
3
1 2 2 1 6
2 2 9
1 1 3 7
3 2
3 1
2 1
2 1
1 1
4 1 1
1 1 1 1
1 2 1 1
1 4 1 1
7 1 2
6 5 7
5 2 3 7
1 2 5 3 7
1 1 2 1 8 6 7
1 36 2 6 6 1
9 1 2 1 5 1 1 7 2
1 1 2 1 8 7 1
1 1 2 8 8 1
1 1 2 1 8 7 1
1 2 1 5 2 7 1
1 2 1 5 2 1 7 1
2 1 5 2 2 4 1
2 5 1 2 2 1
2 1 4 1 2 2 1
1 4 2 2 1 1
1 5 2 1 1 2
5 2 1 1
1 5 2 1 1
1 1 1 2 1 1
1 1 2 1 2
1 1 2 2 1 2 1
2 2 16 1
1 17 1
1 17 1
1 18 1
1 18 1
---
1 1 1
7 1
1 1 1
1 1 8
1 1 1
1 1 1
1 1 1 3 1
2 1 1 1 1
1 1 1 1 1 1
1 4 1 1
1 2 2 1
1 1 1 2 1
1 1 3 1
1 4 1 1
1 1 1 1 1 1
2 1 1 1 7
1 1 1 3 1
1 1 1
1 1 1
1 1 1
1 1 1
1 1 1
1 1 1
7 1
1 1 1
1
1
1
1
1
1
1
12
12
1
1
1
1 5
1 2 2
1 3
1 4
4 3
1 1 1
1 1 1
1 3 1
5 6
4 13 1
4 14 2
19 1
3 15 2
3 8 5
5 3 12
8 1 3 20
6 2 2 9 5
4 3 2 5
2 1 3 5
3 4 5
3 3 6
3 1 1 1 1 5
3 2 5
3 5 5
3 1 8 5
8 11 5
15 5
16 6
11 10
11 4
9
1 8
3 1 1
1 5 1 1
1 2 2
1 4
1 7
1