# solver=cpp-a0f9b8019
# cpu=AMD EPYC Processor (with IBPB)
# isolated_core=11
# strategy=basic
# n_solutions=1
# solve_time=0.00030
4 3 2
4 8
8 2 7
8 3 2 4
6 2 1 8 2
5 3 3 7 4
3 4 3 6 6
8 5 10
6 6 6 9
7 5 5 2 4
2 3 4 4 1
2 3 3 2 2
2 2 9 4
4 4 4 4 8
11 3 3 8
5 5 2 2 2 3
5 5 3 2
4 4 4 1
3 3 5 2
5 8
3 4
1 19 2
2 18
3 3 17 3
10 24
10 24
10 24
3 3 17 3
2 18
19
---
2 3 3
3 2 5 5
7 7 5
6 8 5
4 3 8 3
3 4 1 3 3
2 6 8 3
2 15 7
8 7 9
8 5 1 5 1
4 3 2 2
4 1 9
2 1 9
3 4 9
7 9
8 9
9 9
4 1 9
9 9
8 9
7 9
2 3 4 9
3 2 1 9
5 1 2 9
6 4 9
5 8 9
1 5 9 9
12 2 4 7
5 3 2 3 3
3 3 3 2 3
8 4 2 3
10 8 5
4 5 4 5
3 5 2 5
1 2 3