# solver=cpp-86fd3e96b
# cpu=AMD EPYC Processor (with IBPB)
# isolated_core=11
# strategy=basic
# n_solutions=1
# solve_time=0.00040
11 5 5 12
9 3 2 2 3 10
8 3 3 3 9
7 3 2 2 2 3 8
6 2 5 4 2 7
5 2 2 1 2 2 2 6
4 3 2 2 2 3 5
3 3 5 5 4
2 4 2 2 4 3
1 6 5 4 2
1 4 4 2 1 2 4 4 1
10 4 4 10 1
3 5 6 6 5 3
3 3 15 3 3
2 2 2 5 3 5 2 2 3
1 5 5 1 6 4 2
1 2 1 5 4 2 2 2
2 2 2 3 3 2 3 3
2 5 3 3 3 5
2 2 2 3 3 2 2 3
4 3 3 3 5 3
2 2 2 3 3 2 2 3
1 2 2 4 5 1 2 2
1 4 6 1 5 5 2
2 2 2 5 3 5 2 2 3
3 3 15 3 3
3 5 6 6 5 3
10 4 4 10 1
1 4 4 2 1 2 4 4 1
1 4 5 6 2
2 4 2 2 4 3
3 5 5 3 4
4 3 2 2 2 3 5
5 2 2 2 1 2 2 6
6 2 4 5 2 7
7 3 2 2 2 3 8
8 3 3 3 9
9 3 5 3 10
10 6 6 11
11 4 4 12
---
11 5 5 12
9 3 2 2 3 10
8 3 3 3 9
7 3 2 2 2 3 8
6 2 4 5 2 7
5 2 2 2 1 2 2 6
4 3 2 2 2 3 5
3 5 5 3 4
2 4 2 2 4 3
1 4 5 6 2
1 4 4 2 1 2 4 4 1
10 4 4 10
3 5 6 6 5 3
3 3 15 3 3
2 2 2 5 3 5 2 2 3
1 4 6 1 5 5 2
1 2 2 4 5 1 2 2
2 2 2 3 3 2 2 3
4 3 3 3 5 3
2 2 2 3 3 2 2 3
2 5 3 3 3 5
2 2 2 3 3 2 2 3
1 2 1 5 4 2 2 2
1 5 5 1 6 4 2
2 2 2 5 3 5 2 2 3
3 3 15 3 3
3 5 6 6 5 3
10 4 4 10
1 4 4 2 1 2 4 4 1
1 6 5 4 2
2 4 2 2 4 3
3 3 5 5 4
4 3 2 2 2 3 5
5 2 2 1 2 2 2 6
6 2 5 4 2 7
7 3 5 2 3 8
8 3 3 3 9
9 3 5 3 10
10 6 6 11
12 4 4 13