# solver=cpp-eb7e8a1
# cpu=AMD EPYC Processor (with IBPB)
# strategy=basic
# n_solutions=1
# solve_time=0.00030
# solver=cpp-041dbf2
# cpu=AMD EPYC Processor (with IBPB)
# strategy=basic
# n_solutions=1
# solve_time=0.00030
30
30
2 2
2 2
2 12 8 2
2 12 8 2
2 2 2 2
2 2 2 2
2 6 10 2 2
2 6 10 2 2
2 2 2 2 2 2
2 2 2 2 2 2
2 2 6 2 6 2
2 2 5 1 6 2
2 2 2 1 1 2 2
2 2 2 1 1 2 2
2 2 2 1 1 2 2 2
2 2 2 6 2 2 2
2 2 2 2 2 2
2 2 2 2 2 2
2 2 10 2 2 2
2 2 10 2 2 2
2 2 2 2
2 2 2 2
2 22 2
2 22 2
2
2
30
30
---
26 2
26 2
2 2
2 2
2 22 2
2 22 2
2 2 2 2 2
2 2 2 2 2
2 2 2 10 2 2
2 2 2 10 2 2
2 2 2 2 2 2
2 2 2 2 2 2
2 2 10 2 2 2
2 2 5 1 2 2 2
2 2 2 1 2 2 2
2 2 2 1 2 2 2
2 2 1 1 2 2 2
2 2 6 2 2 2
2 2 2 2 2
2 2 2 2 2
2 2 14 2 2
2 2 14 2 2
2 2 2 2 2
2 2 2 2 2
2 10 10 2
2 10 10 2
2 2
2 2
30
30