# solver=cpp-6b570c1b3
# cpu=AMD EPYC Processor (with IBPB)
# isolated_core=11
# strategy=basic
# n_solutions=1
# solve_time=0.00040
2 1
3 1
2 1 1
1 2 1 1
2 2 2 1 3
2 4 2 1 1
1 6 2 1
1 9 2
1 11 2 10
2 11 2 8
2 16 2 2
17 1 1 1 1
10 1 1 3 1
9 1 2 1 1 2
7 2 2
7 6
7 14
4 3 6 6
3 12
3 3 3
3 2 2
9 2 2
7 2 2
2 2 2 2
1 1 2 2
---
5
2 2
1 2
3
5 1
7 2 4
11 3
15
10 4
9 3
10 3
7 3 4
6 2 1
6 1
7
8
6 2 1
4 3
2 2
2
2
2 2
2 9
2 1 4 9
2 3 2 4
2 2 5
2 2 1 1 4
2 1 2 1 2 1
2 1 2 3 2 1
6 2 1 4
2 5
3 2 4
5 1 4 9
1 9
1 2