# solver=cpp-a0f9b8019
# cpu=AMD EPYC Processor (with IBPB)
# isolated_core=11
# strategy=contra
# n_solutions=1
# solve_time=0.00330
6 6
5 7 10 7 5
4 10 10 4
3 4 5 6 5 4 3
2 2 4 4 2 2
2 2 2 2 2 2 1
1 1 2 2 1
1 2 1 2 2 1 2
1 2 2 2 1 1 1 1 2 2 2
1 2 4 2 2 2 4 2
1 2 4 3 2 3 4 2
1 2 9 2 9 2
1 2 9 4 9 2
1 2 10 4 10 2 1
1 3 10 4 10 3 1
1 3 5 2 4 2 5 3 1
1 3 2 4 2 3 2
1 2 2 4 2 2 2
1 1 3 1 4 1 3 2
1 2 4 3 2 4 2
1 2 4 5 3 4 1
1 2 5 6 4 5 2
1 1 16 14 2 1
1 2 15 14 2 1
1 2 10 3 2 10 2 2
1 1 2 7 4 7 2 2
2 2 3 4 2 2
2 2 4 2 8 2
3 2 8 2 8 3 1
3 2 5 2 4 3 2
---
30
6 4
4 2 2
3 9 2 1
2 12 2 1
1 2 5 3 2
2 4 2 2
1 1 3 2 2
2 1 3 2 1
3 3 4 2
2 5 4 2
2 6 4 2
2 8 4 2
2 1 5 4 2
2 5 4 2
3 8 4 2
2 7 4 2
3 5 4 2
2 4 4 1
2 3 5
1 2 4 5
1 2 3 4
1 1 2 6
1 1 2 15
1 1 1 21
1 1 1 10 5
1 1 2 8 4
1 1 2 6
1 2 3 4
1 2 4 5 1
2 3 5 2
2 4 4 2
3 5 4 2
2 7 4 2
3 8 4 2
2 5 4 2
2 1 5 4 2
2 8 4 1
2 6 4 1
2 5 4 1
3 3 4 1
2 1 3 2 1
1 1 3 2 1
2 4 2 2
1 2 5 2 1
2 12 3 2
3 9 5 2
4 4 2
5 5 2 1
6 3 2