# solver=cpp-1e16a40
# cpu=AMD EPYC Processor (with IBPB)
# strategy=basic
# n_solutions=1
# solve_time=0.00040
# solver=cpp-eb7e8a1
# cpu=AMD EPYC Processor (with IBPB)
# strategy=basic
# n_solutions=1
# solve_time=0.00030
# solver=cpp-041dbf2
# cpu=AMD EPYC Processor (with IBPB)
# strategy=basic
# n_solutions=1
# solve_time=0.00080
6 5 5 6
1 2 2 2 2 2 2 1
1 2 1 1 1 1 1 1 1 1 2 1
1 1 1 1 1 1 1 1 1 1 1 1 1 1 1 1
1 2 7 7 6 1
2 1 1 1 1 1 1 2
4 7 7 8
1 1 1 1 1 1 1 1 1 1 1 1
8 2 1 1 6 4
2 1 1 2 2 1 1 2
1 6 4 8 2 1
1 1 1 1 1 1 1 1 1 1 1 1
1 2 2 1 1 5 1
2 1 1 2 2 2
4 4 9
1 1 1 1
9 4 4
2 2 2 1 1 2
1 5 1 1 2 2 1
1 1 1 1 1 1 1 1 1 1 1 1
1 2 8 4 6 1
2 1 1 2 2 1 1 2
4 6 1 1 2 8
1 1 1 1 1 1 1 1 1 1 1 1
8 7 7 4
2 1 1 1 1 1 1 2
1 6 7 7 2 1
1 1 1 1 1 1 1 1 1 1 1 1 1 1 1 1
1 2 1 1 1 1 1 1 1 1 2 1
1 2 2 2 2 2 2 1
6 5 5 6
---
6 5 5 6
1 2 2 2 2 2 2 1
1 2 1 1 1 1 1 1 1 1 2 1
1 1 1 1 1 1 1 1 1 1 1 1 1 1 1 1
1 6 7 7 2 1
2 1 1 1 1 1 1 2
8 7 7 4
1 1 1 1 1 1 1 1 1 1 1 1
4 6 1 1 2 8
2 1 1 2 2 1 1 2
1 2 8 4 6 1
1 1 1 1 1 1 1 1 1 1 1 1
1 5 1 1 2 2 1
2 2 2 1 1 2
9 4 4
1 1 1 1
4 4 9
2 1 1 2 2 2
1 2 2 1 1 5 1
1 1 1 1 1 1 1 1 1 1 1 1
1 6 4 8 2 1
2 1 1 2 2 1 1 2
8 2 1 1 6 4
1 1 1 1 1 1 1 1 1 1 1 1
4 7 7 8
2 1 1 1 1 1 1 2
1 2 7 7 6 1
1 1 1 1 1 1 1 1 1 1 1 1 1 1 1 1
1 2 1 1 1 1 1 1 1 1 2 1
1 2 2 2 2 2 2 1
6 5 5 6