# solver=cpp-eb7e8a1
# cpu=AMD EPYC Processor (with IBPB)
# strategy=contra
# n_solutions=1
# solve_time=0.00100
# solver=cpp-041dbf2
# cpu=AMD EPYC Processor (with IBPB)
# strategy=contra
# n_solutions=1
# solve_time=0.00120
24
24
2 1 1 2
1 16 1
2 14 2
4 1 1 1 1 4
2 2 1 16 1 2 2
1 1 1 1 1 1
1 3 5 5 3 1
1 1 1 1 1 1 1 1
1 1 1 1 1 1 1 1
1 1 1 2 1 1 2 1 1 1
1 3 1 2 1 1 2 1 3 1
2 2 1 1 1 1 1 1 2 2
3 1 6 6 1 3
1 5 1
1 1 1 1
1 1 1 1
2 1 1 2
2 1 1 1 1 2
1 1 4 4 1 1
1 3 6 7 3 1
1 1 1 18 1 1 1
1 1 1 20 1 1 1
1 3 10 10 3 1
1 1 6 6 1 1
4 4 10 4 4
1 1 1 1
1 2 2 1
1 3 3 1
2 12 2
1 1
2 2
2 2
26
11 11
13 13
13 13
13 13
13 13
---
0
8
2 2
1 1 6
1 2 1 1
2 2 1 4 1 4
3 1 1 1 1 1 5
21 6
2 3 2 6
3 2 3 3 6
5 5 8
2 1 5 5 1 7
4 1 1 1 6 2 6
2 2 1 1 1 6 1 6
2 2 1 1 1 6 2 6
2 2 1 1 2 1 8 1 1 6
2 2 1 1 2 1 1 5 1 1 6
2 2 1 2 2 4 1 1 1 4
2 2 1 3 1 3 1 1 1
2 2 1 1 2 1 1 1
2 2 1 3 1 2 1 1 1
2 2 1 2 2 4 1 1 1
2 2 1 1 2 1 1 5 1 1 1 4
2 2 1 1 2 1 8 1 1 6
2 2 1 1 1 5 1 1 6
2 2 1 1 1 6 2 6
2 2 1 1 1 5 1 6
4 1 5 6 2 6
2 1 5 1 7
5 5 8
3 2 3 3 6
2 3 2 6
21 6
3 1 1 1 1 1 5
2 2 1 4 1 4
1 2 1 1
1 1 6
2 2
8
0