# solver=cpp-b64f6aebe
# cpu=AMD EPYC Processor (with IBPB)
# isolated_core=11
# strategy=basic
# n_solutions=1
# solve_time=0.00030
1 20 1
22
3 3
3 5 5 3
2 8 5 2
2 3 3 3 2
2 3 2 3 3 2
2 3 3 3 3 2
2 2 2 2 2 2
3 3 3 3
3 3 2 3
1 3 3 3 1
2 3 3 3 2
2 3 2 3 3 2
2 3 3 3 3 2
2 1 3 3 1 2
2 3 4 3 2
3 3 6 3 3
3 3 3 3
1 3 1 3
3 3 3 3
3 1 5 4 3 1
3 3 1 3 3 1 3
2 3 3 3 2
3 1 5 4 3 3
5 4 4 5
3 2 2 3
---
1 7 7
9 7 3
3 3 3 5
3 2 3 1 3 3
2 3 3 3 2
2 3 3 3 1 3
2 3 3 3 3 1
2 3 1 3 3
2 2 3 1 3
2 2 3 3 3 3
2 2 5 3 1 2 3
2 2 2 3 2 2 3 2
2 2 3 2 3
2 3 3 2 3
2 1 3 2 3 2 2 3
2 2 5 3 1 2 3
2 2 3 3 3 3
2 2 3 3 1
2 3 1 3 3
2 3 3 3 1 3
2 3 3 1 3 3
2 3 3 3 2
3 2 3 3 1 3
3 3 3 5
9 7 3
1 7 7