# solver=cpp-6b570c1b3
# cpu=AMD EPYC Processor (with IBPB)
# isolated_core=11
# strategy=basic
# n_solutions=1
# solve_time=0.00030
12
16
9 1 1
1 1 1 1
2 2 1 1
1 1 1 1
1 5 4
2 3 1 1 3
1 1 4 6
1 3 1 2 2 2
1 1 11 2
1 1 13 1
18 2 1
2 2 1 2 1
8 1 2 6
2 2 9 2
1 2 2 1 1 2
1 1 2 2
15 1 2
15 3
3 8 7
2 8 1 3
3 2 3 2
4 4
---
3 3
1 6
1 3 2
1 1 2 1 1
2 1 6
2 5
1 1 4
6 1 4
4 1 1 4
3 1 1 1 5
2 1 1 1 6
2 1 1 1 3 2
2 4 1 2 1
3 1 1 1 5 2
3 2 5
3 8 2
3 4 3 2 2
5 3 3 3 2
2 1 5 1 5
7 5 1 2
2 3 3 1 2
2 3 1 2
2 3 3 3
2 1 9
2 1 4 2
8 5
2 5
3 1 2
2 3
2