# solver=cpp-041dbf2
# cpu=AMD EPYC Processor (with IBPB)
# strategy=basic
# n_solutions=1
# solve_time=0.00050
30
7 7 4
6 1 1 5 2 3 3
6 1 4 4 4 2
6 3 4 5 5 2
6 1 4 3 3 2
6 3 4 1 1 2
6 1 1 19
5
4 1 1
3 1 1
3 1 11 1
3 2 2 1 1 1 1
3 2 2 5 5 5
3 3 5 1 1 5
3 4 1 1 1 1 1 1
8 1 1 1 1 1 1
6 1 1 1 1 1 1
8
30
---
20
20
20
10 4
9 2 4
8 8
2 3 2
1 1 1 2 5 2
1 4 2 1 1
1 1 1 2 1
2 1
8 1
8 9 1
8 2 1
8 2 1
3 1 1 2 1
2 1 1 1 5 1
1 3 1 1 1
1 6 7 1
1 4 1 1 1 1
1 2 1 1 1 1
1 1 1 1 1
1 2 1 7 1
1 4 1 1 1
1 6 1 5 1
1 4 1 1 2 1
2 1 1 2 1
3 1 2 1
8 9 1
8 1