# solver=cpp-6dc88e3e
# cpu=AMD EPYC Processor (with IBPB)
# isolated_core=11
# strategy=basic
# n_solutions=1
# solve_time=0.00040
6 2
4 6 2
2 3 2 1
1 2 4 2
2 1 2 2 2
3 2 2 2 2 1
4 2 1 4 1 1
4 2 1 4 1 1
2 2 2 2 1 1
7 1 2 2 2 1
7 2 2 5 2
1 1 3 3 3
1 1 4 8
1 1 5 2
1 1 3 12
7 4 6 3
7 3 4 2
2 2 2 4 1
7 2
1 3 1
1 3 1 2
1 1 1 4
2 2 6
3 3 3 3
7 3 5
3 3 3
3 3 4
3 3 3 1
3 3 3 1
3 3 3 2
---
16
2 4 3
2 2 3 2
2 2 4 1
2 2 3 2
2 4 3
16
0
0
0
0
0
2
3 3 1
1 4 5 2
2 13 3
5 6 3
3 4 3 3
2 7 3 3 1
1 2 3 1 3 2
1 4 3 2 3 3
2 2 2 2 4 3 3
1 2 2 2 1 5 3 3
1 1 4 1 1 5 3 3 1
1 1 4 1 1 4 5 2
1 2 2 1 1 2 3 3
2 2 2 1 1 6
1 2 5 2 2 4
2 2 2 4 2 1
2 8 5 4