# solver=cpp-1e16a40
# cpu=AMD EPYC Processor (with IBPB)
# isolated_core=11
# strategy=basic
# n_solutions=1
# solve_time=0.00050
20
2 2
1 1
2 2
1 1
2 2 2 2
1 3 3 3 1
2 2 1 1 1 1 2
1 1 1 1 1
2 2 1 1 2
1 3 3 1 1 1 1
4 6 1 1
6 1 1 1
3 1 2 2 2 3 3
2 1 1 1 1 1 1 2
2 1 1 3 2
2 2 1 3 1 1 1
2 3 2 1 1 1 1 1
2 1 4 1 1 1
3 2 2 2 2 1 2 1
1 1 3 2 2 2 2 1
1 1 1 1 1 2 1 1 5 1
1 1 1 1 1 4 3 3
1 1 2 5 4 2 2 2
1 5 6 4 2 3 1
1 5 5 3 1
1 3 1 1
1 6 1
1 1
1 1
---
21
3 9
3 4 7
3 3 2
3 2 2 6
2 3 2 3 3
1 1 1 3 2
1 1 2
1 2 2 1
1 4 2 1 1
1 1 5 4
1 1 5 3
1 1 1 3 2
1 1 1 4 1 3
1 1 1 1 10
1 1 3 2 4 2
1 1 5 2 2 1
1 4 1 1 2 1
1 2 2 2 1 1
1 1 3 1 2
1 3 1 1
1 1 4 3
1 1 2 2
1 1 1 2 2
2 1 1 1 1 1
3 1 1 2 3
3 1 3 1
3 1 4 2 1
3 3 2
21