# solver=cpp-6b570c1b3
# cpu=AMD EPYC Processor (with IBPB)
# isolated_core=11
# strategy=basic
# n_solutions=1
# solve_time=0.00030
1 1
2 2
1 1 7 3
1 12
2 1 3 3 3
4 8 5
5 15
5 7 5 1
5 6 4 1
4 4 3 2
3 4 3 3 2 2
3 5 4 6 4
3 11 3 2 3 1
3 7 3 5 2
3 3 10 2
4 3 10 2
3 6 5 5 2
3 10 4 4 2
3 12 4 2 2
16 5 2
15 2 6 2
13 12 2
3 9 10 2
3 8 10 2
3 3 3 10 2
3 3 3 10 2
3 3 3 8 4
3 4 4 7 5
3 5 5 13
3 4 4 14
---
3
5
6
11
12
11
5
3
2 2
5 3
9 12
1 7 11
1 9 5 3 2
10 7 3
12 14
2 4 3 14
2 3 17
5 12
3 1 17
3 1 2 14
2 3 3 13
1 8 5 3
11 2
11
9
0
0
0
0
1
3 2
6 2 1
7 2 1
7 7 1
2 13 2
20
19
3 12
6 10
8 9
3 5 9
1 4 9
2 3 2
3
3
3 3
4 3
4 3
10
6