# solver=cpp-b64f6aebe
# cpu=AMD EPYC Processor (with IBPB)
# isolated_core=11
# strategy=basic
# n_solutions=1
# solve_time=0.00040
8
13
5 9
5 11
2 7
1 7
2 7
2 7
2 7
2 7
2 7
4 6
8 12
5 2 1 3 7
4 2 1 1 5
4 5
5 5
5 6
5 6
5 1 2 7
7 2 8
7 9
8 5 9
8 2 9
9 11
10 13
11 15
29
10 8 7
11 5 8
11 3 8
10 1 9
12 9
12 10
11 10
10 11
8 10
7 10
7 11
6 11
5 11
4 11
3 12
1 12
11
11
6
---
8 7
15 11
32
35
34
3 29
4 2 19
3 1 15
3 1 1 12
3 3 11
3 1 1 1 9
3 1 2 1 6
2 1 2 2 2 2
4 2 1 1 3
4 1 1 5
4 1 6
5 2 6
6 3 5
9 2 5
10 1 8
13 9
12 11 5
41
41
40
37
33
26
22
18
14
12
9
5
1