# solver=cpp-1562f45ac
# cpu=AMD EPYC Processor (with IBPB)
# isolated_core=11
# strategy=basic
# n_solutions=1
# solve_time=0.00040
14
3 3
2 2
2 2
2 5 2
1 2 2 1
2 2 2 5 2
1 2 3 2 1
2 1 1 1 2
1 1 2 1 1 2 1
1 4 1 1 1
1 1 2 2 2 1
2 1 1 1 1 1 1 2
1 3 1 4 1 1 2 1
1 2 2 2 1 3 1 1 1
1 1 1 2 1 1 1 1
1 1 1 1 2 3 1 1
1 1 3 1 2 3 2 1 1
1 1 1 2 3 2 3 1
1 3 3 11 3 1
1 3 2 1
1 5 3 7
1 2 1 3 1 2
1 2 4 8
1 2 2 2 1 4
1 2 16 1
1 2 3 1
1 19 1
1 1 2 1
1 17 1
---
18
5
3 6
3 5 1
2 1 1 3
2 4 3 1
2 2 2 1 2
1 2 3 2 4
2 2 1 3 1
1 1 1 2 1 1
1 1 1 2 1 1
1 1 5 2 1 1
1 2 2 2 2 2 1 1
1 2 1 2 1 1 3 1 1
1 2 3 1 1 3 1 1 1 1 1
1 3 6 2 1 1 1 1 1
1 2 1 7 1 1
1 1 1 2 1 2 2 1 1
1 1 1 2 1 3 1 1 1
1 1 1 2 1 1 1 1 1 1
1 2 1 1 2 1 1 1
2 3 7 1 1 1 1 1
1 3 1 2 2 2 1 1 1
2 1 1 2 1 1 3
2 2 2 8
2 3 1 1 3
3 1 1 4
3 1 3
5 4
18