# solver=cpp-1562f45ac
# cpu=AMD EPYC Processor (with IBPB)
# isolated_core=11
# strategy=basic
# n_solutions=1
# solve_time=0.00030
19
21
4 4
3 3
2 4 4 2
2 6 6 2
2 8 8 2
2 8 8 2
2 8 5 8 2
2 23 2
2 21 2
2 19 2
2 13 2
2 3 3 2
2 2 2 2 3 2
2 2 2 1 2 1 2 2
2 1 4 4 1 2
2 1 1 3 3 1 2
2 2 1 1 2
2 7 3 5 2
2 2 1 1 1 3 2
2 4 1 2 1 3 2
2 4 3 3 3 1 2
2 2 2 5 2
2 1 3 3 2
---
20
22
3
2 4 2
2 6 2 2
3 8 1 2
2 8 6 1
2 8 3 4
2 11 1 3
2 9 2 1 1 2
2 7 4 1 1 1
2 4 1 2 1 1
2 5 3 1 1
2 5 1 1
2 5 3
2 5 1 1
2 5 3 1 1
2 4 4 1 1
2 7 1 2 1 1 1
2 9 2 1 4
2 11 1 2
2 8 3 5
2 8 7 1
3 8 2 1
2 6 1
2 4 2
3
22
20