# solver=cpp-6dc88e3e
# cpu=AMD EPYC Processor (with IBPB)
# isolated_core=11
# strategy=basic
# n_solutions=1
# solve_time=0.00050
0
0
11
15
19
6 9
7 5 2
7 3 2 4
7 2 2 6
10 1 1 5
9 1 2 4
9 1 4 2
10 5 2 1
7 5 2
6 2 1 1
6 5 2 4
5 4 3 5
4 2 2 1 1
6 3 3 2 2
3 8 2 4 2 1
1 3 2 5 1 2 2
3 2 5 3 1 4
1 2 1 2 8 2
2 2 2 2 8 3
3 4 9 5
5 3 5 6
5 3 6
5 2 7
5 3 7
15
---
11
7 1 4
9 2 3
9 1 3
8 1 1 3
8 3 2 3
8 3 1 3
8 8 3
7 2 3 2
8 4 2 2
8 1 2 1 1
7 1 1 2 3 1
4 1 1 4 2 3
4 2 3 3 2
3 2 6 2
3 1 4 2 1
3 3 2 3 2 2
3 2 1 4 2 2 2
3 1 1 2 5 3
4 2 2 1 3 3
4 2 2 1 4 3
5 4 5 3
6 1 2 3 3
6 2 2 2 3
5 1 1 4 3
5 2 2 2 1 1 3
3 7 2 1 1 3
3 4 1 2 2 1 3
1 6 5 6
1 7 2 6