# solver=cpp-400bd85f2
# cpu=AMD EPYC Processor (with IBPB)
# isolated_core=11
# strategy=contra
# n_solutions=1
# solve_time=0.00030
11
3 3
3 3
3 3
3 11 3
3 2 2 3
1 2 2 1
1 1 2 2 1 1
1 3 1 2 2 1 3 1
1 1 2 1 1 2 1 1
1 1 2 1 9 1 2 1 1
1 2 3 1 1 1 1 1 3 2 1
1 2 2 1 1 2 2 1
1 2 1 1 1 1 2 1
1 2 1 1 1 1 2 1
1 3 2 1 1 2 3 1
1 2 9 2 1
1 1 1 1
1 1 1 1
1 1 3 1 1
1 1 2 2 1 1
1 1 1 1 1 1
1 1 1 1 1 1
1 6 6 1
---
19
1
2 4
1 1 2
2 2 2
1 2 2
2 2 2
1 2 2
2 18
1 2 1
2 2 1
1 1 2 7 1
1 1 2 1 2 1
1 1 2 1 4
1 1 1 2 2
1 1 2 1 1
1 1 1 2 2
1 1 2 1 4
1 1 2 1 2 1
1 1 2 7 1
2 2 1
1 2 1
2 18
1 2 2
2 2 2
1 2 2
2 2 2
1 1 2
2 4
1
19