# solver=cpp-400bd85f2
# cpu=AMD EPYC Processor (with IBPB)
# isolated_core=11
# strategy=basic
# n_solutions=1
# solve_time=0.00050
40
6 9 6
4 5 3
3 2 2 2 3 2
2 4 5 3 1 1 1
1 4 3 1 1 2 1 1
1 3 3 2 1 2 1
1 1 1 1 1 2 2
1 6 6 4 2
2 9 1 1 2
2 3 3 14 2
2 1 3 3 1 2 8 2 2
2 5 5 2 2 2 2 2 2
2 1 1 1 1 14 2
2 2 2 2 2 2
2 2 2 2
2 5 2
2 2 2 2 2 3 2 1
2 5 5 1 3 4 1
2 3 3 1 1 4 1
2 3 3 6 3 1
1 1 1 1 1 6 1 2 2
1 15 3 8 2
1 3 3 1 3 3 2
2 3 3 5 3 2
2 1 3 3 1 1 1 3 1
2 6 6 2 1 1 3 2 1
2 1 2 2 1 1 2 9 1
2 1 1 1
2 2 2 1
2 2
2 2
1 2
1 2
2 2 2 2 2 3
2 2 2 2 2 5 5 2 2 3
3 5 5 5 3 5 3
3 3 3 3 3 3 4
4 1 1 1 1 1 5
5 3 3 5 5 3 6
---
40
5 12 8 6
4 4
3 2
2 2 2 1
2 2 1 1 1 2 2 2
1 4 7 2 1 1 3 1
1 9 4 8 4
1 3 7 9 1 3 1
1 1 2 1 4 5 2
1 1 2 1 2
1 2 2 1 1 1 2
1 4 7 1 3 1
1 9 1 1 4
1 4 7 2 1 2 3 1
1 2 1 1 1 4 5 2
2 2 2 9 1
2 4 8 3 1
3 2 1 1 4 1
3 2 2 5
3 4 1
3 3 2 3 1
3 2 1 1 2
2 1 4 4 7 2 1
2 3 4 9 4 1
1 1 1 1 1 4 8 5
1 4 4 2 2 1 4 1
1 4 1 2 1
1 4 1 2 2
1 1 4 1 1 2
1 1 4 1 1 1 3 1
1 1 4 1 3 6 4
1 3 4 10 3 1
1 1 1 4 4 6 2
2 4 1 1 2 1 1 1
2 4 2 1 2
2 4 1 2 3
3 1 6
4 10 4 10
40