# solver=cpp-86fd3e96b
# cpu=AMD EPYC Processor (with IBPB)
# isolated_core=11
# strategy=basic
# n_solutions=1
# solve_time=0.00020
5 5 6 1 1 5
1 1 1 1 1 1 2 2 1 1
1 1 1 1 1 1 5 1 1
1 1 1 1 1 1 1 1 1 1 1
1 1 1 1 1 1 1 1 1 1 1
1 1 1 1 1 1 1 1 1 1
1 1 1 1 1 1 1 1 1 1
1 1 1 1 1 1 1 1 1 1
1 1 1 1 1 1 1 1 1 1
5 5 1 1 1 1 1 1
1 2 1 1 1 1 2
1 3 1 1 1 1 1
1 1 1 1 1 1 1 1
1 1 1 1 1 1 1 1
1 1 1 1 1 1 1 1
1 1 2 1 1 1 1 1
1 1 1 1 1 1 1
1 1 1 1 1 1 1 3
1 1 1 1 1 1 1 3
1 1 1 6 1 1 3
---
20
1 1
1 1
1 1
10
0
20
1 3
1 1 3
1 1 2
10 5
0
20
1 1
1 1
1 1
1 1
20
0
20
2
8
2
20
0
5
1 3
1 6 3
1 1 3
10