# solver=cpp-eb7e8a1
# cpu=AMD EPYC Processor (with IBPB)
# strategy=basic
# n_solutions=1
# solve_time=0.00030
# solver=cpp-041dbf2
# cpu=AMD EPYC Processor (with IBPB)
# strategy=basic
# n_solutions=1
# solve_time=0.00070
1 1
1 1
1 1
1 1
1 1
1 1
1 1
6
1 2
8
8
1 3
3 3
1 3
1 3
1 5
1 1 3
8
8
4 7
1 1 1 2 2
1 2 2 2 2
1 1 2 2 3
1 1 3 1 3
2 1 3 3
1 2 2 3
1 14
17
4 1 3 4
1 1 1 1 4
1 3 1 4
1 1 1 6
2 1 3 1 4
1 1 1 1 4
4 1 4
5 1 1 1 5
1 1 4 1 6
1 3 1 6
1 1 1 9
1 1 3 1 6
1 1 1 6
20
20
1 1 1 6
1 1 3 1 6
2 1 1 1 6
1 1 1 4
1 1 1 2 1 1 3
1 1 1 2 1 1 2
15
---
15
17 2 1 1
1 1 2 1 2 1 1 2 1 3
1 1 2 2 1 2 1
43
8 2 1 2 3 1 1 2 1 1
1 2 1 3 1 2 1 1 1 2 1 3
1 2 1 2 1 1 3 1 1 2 3
8 2 1 2 2 2 1 1 2 1
43
21 1 2 1
11 3 2 1 2 1 3
1 1 2 1 1 2 1 2 1
1 1 1 2 1 1 2 1 1
1 24
30
28
25
11
9