# solver=cpp-400bd85f2
# cpu=AMD EPYC Processor (with IBPB)
# isolated_core=11
# strategy=basic
# n_solutions=1
# solve_time=0.00030
3
4 2 4
6 1 6
6 7 7
5 4 4 6
6 3 3 7
6 2 1 1 2 7
5 2 4 4 2 6
4 1 2 2 1 5
4 2 2 5
4 1 4 4 1 5
4 1 2 2 1 5
4 2 1 2 5
4 2 1 1 1 2 5
3 1 1 4
3 1 5 1 4
2 2 2 2 2 3
1 1 1 1 1 2
2 2 2 2 1
2 5 2
5 2 2 5
2 2 2 2 2 2
2 1 1 16 1 1 2
1 1 1 1 1 1
0
2 4 4 4 4 2
1 4 4 4 4 1
1 1 2 4 4 2 1 1
1 1 2 4 4 2 1 1
1 1 1 4 4 1 1 1
---
12 1 1
12 2 5
11 2 1
11 1 1
6 1 1 5
6 5 1 1 2
5 3 5 2 1 4
4 2 3 2 5
3 2 1 1 2 2 1
1 2 2 1 2 1
2 1 1 3 5
2 1 2 3 2 5
2 1 1 2 2 1 5
1 1 1 1 1 1 5
3 1 1 1
2 1 1 1 1 1 1
1 2 1 1 2 2 1 5
1 2 1 2 3 2 5
2 1 1 3 5
2 2 1 2 1 5
2 2 1 1 2 1
4 2 3 1
5 3 5 2 5
6 5 2 1 4
7 1 1 2
12 1 1 5
13 1 1
12 2 1
13 2 5
13 1 1