# solver=cpp-d85c7576
# cpu=AMD EPYC Processor (with IBPB)
# isolated_core=11
# strategy=basic
# n_solutions=1
# solve_time=0.00030
2 2
2 2
2 2
3 3
3 3
4 3 3 4
5 5 5 5
9 8 8 9
8 8 8 8
7 8 8 7
7 7 1
6 6 1
7 7 3
8 8 5
5 5 3 1
1 4 4 1 1 2
1 4 4 1 4
2 4 4 2 3 1
7 7 1 2
6 6 4
6 6 3 1
7 7 1 2
7 7 4
7 7 3 1
7 7 1 2
6 6 4
5 5 3 1
2 2 2 2 1 1
3 1 1 3 1
2 1 1 2
2 1 1 2
2 1 1 2
3 3
3 3
2 2
---
4
6
8
2 5
1 4
3
3
3
3
3
0
3 1 3
4 2 2 4
7 8 1
9 13
27
22 3
23 3
29
0
29
23 3
22 3
27
9 13
7 8 1
4 2 2 4
3 1 3
0
3
3
3 3 2 2 2 2
3 3 2 2 2 2
22
1 4 2 2 2 2 2
2 5 2 2 2 2 2
8
6
4