# solver=cpp-a0f9b8019
# cpu=AMD EPYC Processor (with IBPB)
# isolated_core=11
# strategy=basic
# n_solutions=1
# solve_time=0.00030
3 3
3 5
3 3 1 3
5 3 1 5 1
1 3 1 5 3
1 4 1 5
3 6 1 5
4 4 2 1 1
4 4 3 1
1 4 4
1 5 5
1 3 1 3
1 4 2 3
3 2 3 1
2 1 2 2 1
2 1 1 3 1
2 1 3 1 2
4 8 2 1
1 5 1 3 1
1 1 2 1 3 2
2 2 1 2 1 3 3
1 2 1 2 1 6
3 1 1 6
5 1 9
14
---
3 2
1 7 1 4
2 3 5 2
4 2 3 2
2 2 2 2 2
1 3 1 2 1
7 1 1
25
13 2 1
11 1 1
2 3 1 3 1
1 1 2 1 3 2
2 2 2 1 2
5 2 4 2
2 1 9
1 2 2 2 2
3 1 1 3
6 1 2 2
3 2 2 6
2 1 1 7
2 1 2 7
3 3 2
6 7 2
3 1 6
2 2