# solver=cpp-6dc88e3e
# cpu=AMD EPYC Processor (with IBPB)
# isolated_core=11
# strategy=basic
# n_solutions=1
# solve_time=0.00050
4
2 2
1 2 1
3 1 1 1
1 2 3 3 1 1 1
1 1 2 2 1 1 1 2 1
11 1 1 7 1 1
4 1 2 2 2 11
2 9 1 2 1 1 3
1 1 1 4 1 2
2 3 1 2 1 3 3
3 2 2 1 1 2 4
2 1 2 2 1 3 2
1 2 1 1 15 1 1
2 4 17 2
2 2 2 2 2 2
3 3 3
31
---
3
2 2 1
2 3
6 2
2 5
2 2 1
3 3 1
3 2 2 1
1 4 3
1 1 1 1 2
1 1 2 3
1 1 2 2 1
2 1 3 1
1 1 1 1 2 1
1 1 1 2 1
1 6 2 1
3 5 1
1 2 1
4 2 1
1 1 1 2 1
1 1 2 1
1 2 1
3 2 1
1 3 2 1
3 2 1
1 9 1
2 3 1
1 1 2 2 1
3 2 3
1 2 1 1 2
2 2 3
1 2 2 1
7 4
2 1 2
1 1 2 1 1
1 2 1 1 2
2 3
8
2
1