# solver=cpp-400bd85f2
# cpu=AMD EPYC Processor (with IBPB)
# isolated_core=11
# strategy=contra
# n_solutions=1
# solve_time=0.00070
0
1 1 1 1 1 1 1 1 1 1 1 1 1 1 1 1 1 1
1 1 2 1 2 1 2 1 2 1 2 1 2 1 2 1 2 1 1
1 1 1 1 1 1 1 1 1 1 1 1 1 1 1 1 1 1
0
1 1 4 3 4 1 1 3 1 1 4 4
1 2 1 1 1 1 1 1 1 1 2 1 1 1
1 1 1 1 1 1 4 1 1 3 1 1 1 1 1 1
2 1 1 1 1 1 1 1 1 2 1 1 1 1
1 1 4 3 4 4 1 1 1 4 4
0
1 2 2 2 2 2 2 2 2 1
1 1 1 1 1 1 1 1 1
1 2 2 2 2 2 2 2 2 1
0
4 4 1 1 3 1 1 4 3 4 1 1
1 1 1 2 1 1 1 1 1 1 1 1 2 1
1 1 1 1 1 1 3 1 1 4 1 1 1 1 1 1
1 1 1 1 2 1 1 1 1 1 1 1 1 2
4 4 1 1 1 4 4 3 4 1 1
0
1 1 1 1 1 1 1 1 1
3 3 3 3 3 3 3 3 3
1 1 1 1 1 1 1 1 1
0
1 1 4 3 4 1 1 3 1 1 4 4
1 2 1 1 1 1 1 1 1 1 2 1 1 1
1 1 1 1 1 1 4 1 1 2 1 1 1 1 1 1
2 1 1 1 1 1 1 1 1 2 1 1 1 1
1 1 4 3 4 4 1 1 1 4 4
0
5 1 1 5 1 1 5 1 1 5 1 1 5
3 3 3 3
5 1 1 5 1 1 5 1 1 5 1 1 5
0
4 4 1 1 3 1 1 4 3 4 1 1
1 1 1 2 1 1 1 1 1 1 1 1 2 1
1 1 1 1 3 2 1 1 4 1 1 1 1 1 1
1 1 1 1 1 1 1 1 1 1 1 1 1 2
4 4 1 1 1 4 4 3 4 1 1
---
1 5 1 1 5 5 1 1 5
1 1 1 1 1 1 1 1 1 1 1
1 1 1 1 1 3 1 1 1 1 1
1 1 1 1 1 1 1 1 1 1 1
1 5 1 1 5 1 1
1 1 1 5 5
1 1 5 1 1 1 5 3 1 1
1 1 1 1 1 1 3 1 1 1 1 1
1 1 1 1 5 1 1 1 3 5
1 5 1 1 5
1 1 1 5 1 1 5
1 1 1 1 1 1 1 1 1 1 1
1 5 1 1 3 5 1 1 1
1 1 1 1 1 1 1 1 1 1 1
1 1 1 5 1 1 5
1 1 1
1 1 1 3 5 1 1 3 3 5
1 1 1 1 1 1 1 3 1 1 1 1 1 1
1 1 1 1 1 1 1 1 1 1 1 3 1
1 3 1 1 1 3 1
1 1 1 5 1 1 5
1 1 5 1 1 5 1 1 1
1 1 1 1 3 1 1 1 1
1 1 1 5 1 1 1 1 5
1 5 1 1 5 1 1
1 1 1 3 1 3 1
1 1 1 1 1 1 1 1 1 3 1 1 1
1 1 1 1 1 1 1 3 1 1 1 1 1 1
1 1 5 1 3 1 5 3 1 3
1 1 1
1 5 1 1 5 1 1
1 1 1 1 1 1 1 1 1 1 1
1 1 1 5 3 1 1 1 5
1 1 1 1 1 1 1 1 1 1 1
1 5 1 1 5 1 1
1 1 1 5 5
1 1 5 1 1 1 5 3 1 1
1 1 1 1 1 1 3 1 1 1 1 1
1 1 1 1 5 1 1 1 3 5
1 5 1 1 5
1 1 1 5 1 1 5
1 1 1 1 1 1 1 1 1 1 1
1 1 1 1 1 3 1 1 1 1 1
1 1 1 1 1 1 1 1 1 1 1
1 5 1 1 5 5 1 1 5