# solver=cpp-1562f45ac
# cpu=AMD EPYC Processor (with IBPB)
# isolated_core=11
# strategy=basic
# n_solutions=1
# solve_time=0.00030
2 2 2
2 2 3
2 2 2 1
2 2 2 1
2 2 2 2
2 2 2 3
2 2 3 3
2 2 2 1 1
2 2 2 1
2 2 3 2 1
2 2 4 4
2 2 2 2 3 1
2 2 2 2 2 2
2 2 3 2 2 2
3 2 2 1 2 4 1
1 3 2 1 2 3 2
1 1 3 1 2 2 3
1 1 3 1 1 2 4
1 1 3 1 2 5
1 1 3 2 2 6
1 1 3 5 7
1 1 3 4 8
1 1 3 3 9
1 1 1 3 10
1 1 1 3 11
---
0
0
13
4
2 2
2 10
2 2
2 2 9
2 2 8
2 2 9
2 2 2 1
2 2 2 2
2 2 14
2 2 2 5
2 2 2 3 1
1 2 10 2 2
2 10 2 3
2 2 2 4
2 2 2 5
2 14 6
2 2 8 7
1 2 2 2 8
2 3 1 2 9
2 3 1 2 10
7 2 11