# solver=cpp-6b570c1b3
# cpu=AMD EPYC Processor (with IBPB)
# isolated_core=11
# strategy=basic
# n_solutions=1
# solve_time=0.00030
0
2
4
4 2
2 1
1 2
3 1 1
3 3 1
3 3 3 3
3 3 2 4
3 3 7
1 7 1 1
3 1 1 1 3 1
3 3 3 1 1 3 3 1
3 3 3 3 3 3 3 1
3 3 3 3 3 3 3
3 3 3 3 3
1 1 1
3 1 1 1 3 1
3 3 3 1 1 3 3 1
3 3 3 3 3 3 3 1
3 3 3 3 3 3 3
3 3 3 3 3
2 3
4 3 5
2 8 4 1 3 7
9 14 4
11 1 2 4 1
3 23
4 1 4 4 4 4
---
1 1 2 1
2 4 4 4 6
1 5 5 5 1 3
1 4 4 4 4 1
2 6
2 4 4 4 5
2 5 5 5 5
2 4 4 4 5
3 6
4 4 4 2 2
1 5 5 5
2 4 4 4
2 2 2
1 3 3 2 2
2 4 4 4
1 3 3 2 2
1 4
1 3 3 5
2 4 4 1 2
2 3 3 2 1
2 2 2
1 4 4 2 2
1 5 5 1 2
1 4 4 5
2 2 2
1 4 4 2 2
1 5 5 6
2 4 4 4 1
1 4 1
1 4 4 1 3 1