# solver=cpp-d85c7576
# cpu=AMD EPYC Processor (with IBPB)
# isolated_core=11
# strategy=basic
# n_solutions=1
# solve_time=0.00020
2 2
6 5
7 3 2 1
2 1 2 1 4
1 1 3 3
1 4 2
1 7
1 7 3
1 8 2 2
1 9 1 1
3 9 1
3 8 1 1
3 8 2 2
3 8 3
3 7 1
10 1
9 3
6 1
6
6 3
5 2 2
5 2 1 1
4 2 1
4 2 1 1
3 2 4 2 2
3 4 4 3
2 4 3 4 1
1 2 4 3 1
13 3
17 1
---
2 3
2 4
2 5
2 7 6 1
16 6 2 1
2 13 4 1
4 7 6
4 8 2 2
8 3
9 4
9 4
10 4
10 2
11 1 2
2 10 3 2
13 5 2
3 7 2 6
1 5 1 5
2 2 2 4
4 5 1
2 2 2 2 2 1
2 2 2 1 1 5
2 1 5 2 2 1
2 2 1 2 2
5