# solver=cpp-6dc88e3e
# cpu=AMD EPYC Processor (with IBPB)
# isolated_core=11
# strategy=contra
# n_solutions=1
# solve_time=0.00190
2
4
1 4 2 2
1 2 7 4
2 3 2 2 2 2
2 3 2 5 3
2 3 2 3 2 2
3 4 1 3 4
2 8 3 4 2
3 2 2 3 2 6 2
5 2 1 3 7 1
1 2 1 2 4 8
2 2 2 1 6 2 1
2 1 1 7 6
2 1 1 2 8 2 2
2 1 5 7 4
2 5 6 4
2 2 1 1 2 2
2 3 2 1 6 3
2 2 3 2 4 3 3
2 2 2 3 4 3 4
2 1 2 4 3 4
2 2 9 3 4
3 2 16 4
3 1 2 2 6 2 4
3 3 2 2 4 2 4
3 4 3 3 10 4
2 3 2 3 3 2 4
1 3 3 2 5 1 3
1 2 5 2 2 4 1 3
2 2 3 2 4 3 3
2 2 2 1 6 2 3
2 2 2 2 3 2 2 4
2 2 4 3 2 2 4
3 2 5 2 2 4
2 3 2 5 4
3 3 4 3
3 3 3 2 1
4 3 1 1 1
4 3 1 2 1
---
6
3 3
3 2
3 2
13 2 2
15 4 4
4 4 3
11 3 2
4 3 3 3 2
2 2 3 1
2 3 2 6
2 3 6 9
7 3 2 6 2
7 3 2 3 2
7 2 4 2 4
4 2 2 5 1
2 3 4 2
4 3 4 3
2 3 3 2 4
2 6 2 5
2 8 2 4
2 3 4 3 4
2 2 4 4 4
5 4 6 3 3
4 4 13 3
1 2 4 13 3
2 2 7 7 2 3
2 2 1 3 2 2 1 1 2 2
2 2 2 2 1 1 1 2 2 1
2 1 3 3 1 1 1 5
4 4 4 1 1 1 6
4 4 6 1 2 3
1 6 9 7
3 5 15
3 1 2
3 1 3 1
5 13 8
1 25
4 19 1
1 16 1 1