# solver=cpp-b64f6aebe
# cpu=AMD EPYC Processor (with IBPB)
# isolated_core=11
# strategy=contra
# n_solutions=1
# solve_time=0.00050
4
2 2
2 2
2 2
2 3
8
3 7 7 3
13 1 1 1 13
3 1 2 1 2 3
2 2 1 2 1 1 2 2 2
3 2 2 1 2 2 3
6 7 9
3 1 1 1 1 3
2 1 1 1 1 2
1 1 1 1 1 1
1 1 1 1 1 1
1 1 1 1 1 1
1 1 1 1 1 1
1 1 1 1 1 1
1 1 1 1 1 1
1 3 1 1 1
1 2 1 1 1
3 1 1 1
2 1 1 1
2 1 1 1
5 3 1
1 1 2 4
1 1 4 3
1 1 1 3 2
1 1 1 1 3 1
1 1 1 1 1 3
1 1 1 1 1 1 1
1 1 1 1 1 1 1
1 1 1 1 1 1 1
1 1 1 1 1 1 1
1 1 1 1 1 1 1
1 1 1 1 1 1 1
1 1 1 1 1 1 1
13
0
---
2
3
3
3
1 2
1 1
1 2
1 1
1 1 1
1 3
2 2
2 1 2
2 2
1 1 27
1 2 4 1
1 14 14
2 2 2 1 1
7 10 14
6 1 2 1
1 1 1 12
1 2 1 2 1
26 11
6 2 1 1
2 2 16 10
3 3 1 1
1 29
1 5
2 1 2
1 2
1 3
1 1 1
1 1
1 1
1 2
1 1
1 2
3
3
3
2