# solver=cpp-eb7e8a1
# cpu=AMD EPYC Processor (with IBPB)
# strategy=basic
# n_solutions=1
# solve_time=0.00030
# solver=cpp-041dbf2
# cpu=AMD EPYC Processor (with IBPB)
# strategy=basic
# n_solutions=1
# solve_time=0.00080
47
1 1 1 1 1 1 1 1
1 3 1 2 2 1 3 1 1 1 1 3 1 3 1 3 1
1 1 1 1 1 1 1 1 1 1 1 1 1 1 1 1 1 1 1
1 3 1 1 1 1 1 1 1 1 1 1 1 1 1 2 1 3 1
1 1 1 1 1 1 1 1 1 1 1 1 1 1 1 1 1 1 1
1 3 1 1 1 1 1 1 2 2 1 1 1 1 1 3 1
1 1 1 1 1 1 1 1
47
1 1 1 1 1 1 1 1
1 1 1 1 1 1 1 1 1 1 1 1 1 1 1 1 1 1 1 1 1 1
1 1 1 1 1 1 1 1
1 1 1 1 1 1 1 1 1 1 1 1 1 1 1 1 1 1 1 1 1 1
1 3 1 3 1 3 1 3 1 3 1 3 1 3 1
1 1 1 1 1 1 1 1
47
1 1 1 1 1 1 1 1
1 1 1 1 1 1 1 1
1 1 1 1 1 1 1 1
47
---
20
1 1 1 1
1 3 1 1 1 2 1 1
1 1 1 1 1 1 1 1
1 1 3 1 1 2 1 1
1 1 1 1
20
1 1 1 1
1 5 1 1 1
1 1 1 1 2 1 1
1 3 1 1 1 1
1 1 1 1 2 1 1
1 5 1 1 1
1 1 1 1
20
1 1 1 1
1 1 1 1 2 1 1
1 5 1 1 1 1
1 1 1 1 2 1 1
1 1 1 1
20
1 1 1 1
1 5 1 1 1
1 1 1 1 2 1 1
1 3 1 1 1 1
1 1 1 1 2 1 1
1 5 1 1 1
1 1 1 1
20
1 1 1 1
1 1 1 1 2 1 1
1 5 1 1 1 1
1 1 1 1 2 1 1
1 1 1 1
20
1 1 1 1
1 5 1 1 2 1 1
1 1 1 1 1 1 1
1 1 1 1 2 1 1
1 1 1 1
20
1 1 1 1
1 3 1 1 1 2 1 1
1 1 1 1 1 1 1 1
1 1 3 1 1 2 1 1
1 1 1 1
20
0
0
0