# solver=cpp-400bd85f2
# cpu=AMD EPYC Processor (with IBPB)
# isolated_core=11
# strategy=backtrack
# n_solutions=2
# solve_time=0.00020
7 1 1 7
1 1 3 1 1
1 3 1 1 2 1 3 1
1 3 1 2 1 3 1
1 3 1 1 1 1 3 1
1 1 1 1 1
7 1 1 7
1
1 1 2 3 1 1 1
2 2 1 1 2 3 1
3 1 1 2 2 2
1 3 1 3 2
1 1 1 2 2 1 1 2
1 3 1 2
7 1 3 2 1 1
1 1 1 1 3 1
1 3 1 5 2 1
1 3 1 2 1 2 1
1 3 1 1 1 1 1 2
1 1 1 1
7 1 2 1 1
---
7 2 2 7
1 1 2 1 1
1 3 1 1 3 1 3 1
1 3 1 3 1 3 1
1 3 1 1 2 1 3 1
1 1 1 1
7 1 1 1 7
2 2
1 1 1 2 1 1
1 2
1 4 1 2 3
3 2 2 4
3 1 1 1 5 1 2
2 1 4 1
7 1 1
1 1 1 2
1 3 1 3 6
1 3 1 4 3 2
1 3 1 2 1
1 1 1 2 1 1
7 3 4 2 1