# solver=cpp-d85c7576
# cpu=AMD EPYC Processor (with IBPB)
# isolated_core=11
# strategy=basic
# n_solutions=1
# solve_time=0.00030
0
0
0
0
0
4
3 3
3 3
3 3
3 3
3 3
3 3
3 3
3 3
38
3 3
1 1
1 1
1 1
36
1 5 5 1
1 2 2 2 2 1
1 2 1 2 2 1 2 1
1 5 5 1
36
1 1
1 1 1
1 2 1
1 1 1
36
1 1
1 1
1 12 1
1 1
36
1 1
1 1
1 1
1 1
36
---
1
2
27
2 1 1 1 1 1
3 1 1 1 1 1
1 1 1 1 1 1 1
2 1 1 1 1 1 1
1 1 1 1 1 1 1
2 1 1 1 1 1 1
1 1 1 2 1 1 1 1
2 1 6 1 1 1
1 1 2 2 1 1 1
2 1 2 3 1 1 1
1 1 2 2 1 1 1
2 1 6 1 1 1 1
1 1 1 2 1 1 1 1 1
2 1 1 1 1 1 1 1
1 1 1 1 1 1 1 1
2 1 1 1 1 1 1 1
1 1 1 1 2 1 1 1 1
1 1 1 1 3 1 1 1
2 1 1 1 1 1 1 1
1 1 1 1 1 1 1 1
2 1 1 1 1 1 1 1
1 1 1 2 1 1 1 1 1
2 1 6 1 1 1 1
1 1 2 2 1 1 1
2 1 2 3 1 1 1
1 1 2 2 1 1 1
2 1 6 1 1 1
1 1 1 2 1 1 1 1
2 1 1 1 1 1 1
1 1 1 1 1 1 1
2 1 1 1 1 1 1
1 1 1 1 1 1 1
3 1 1 1 1 1
2 1 1 1 1 1
27
2
1