# solver=cpp-a0f9b8019
# cpu=AMD EPYC Processor (with IBPB)
# isolated_core=11
# strategy=basic
# n_solutions=1
# solve_time=0.00030
2
4
6
1 1 1 7
1 12
1 1 7 2 1
1 1 1 1 7 1
1 1 3 2 2 1
1 1 3 3 1 1 1
1 8 1 1 1
1 6 1
1 9 1
1 4 1 1 1
1 3 1 2 1
3 1 2 1
1 3 3 2 1
2 1 2 1
2 3 3 2 1
1 1 2 1
2 3 3 2 1
2 1 2 1
4 1 1
3 10 1
1 1 1 2
2 15 3
15 1
1 1 4
1 1 8
1 1 1 1
1 1 1 1
---
12 2 1
6 3
2 2 1
1 3 2
2 1 1 1 1 6
1 1 1 1 1 2
11 2
5 2 1 2
3 4
4 1 2
4 1 1 1 1 2
4 1 1 1 1 2
3 1 1 1 1 2
7 1 2
3 1 4
3 12 2
8 6
2
3
2
4 1
4 3
8 4
6 2 2
25 2
5 2 2
6 3
4 1
2
6