# solver=cpp-86fd3e96b
# cpu=AMD EPYC Processor (with IBPB)
# isolated_core=11
# strategy=basic
# n_solutions=1
# solve_time=0.00040
4
4 3 9
7 3 6
13
1 1 3
8 4
2 3 5
1 3 1 1 3
2 5 1 2
4 1 6
2 1 5 1 1 2
1 2 7 1 1 1 1
1 2 2 3 1
5 6 3 1 1
7 1 6 2
5 3 3 6
5 3 1 1 3
2 2 3 1 1 2
5 3 1 1 2 7
3 8 1
1 17 5 1
1 19 5 1
3 18 1 3
4 8 10 4
1 1 9 7 1 1
4 17 4
1 1 15 1 1
3 9 2 3
2 2 2 1
19
---
2 1 4 1 1
2 1 6
2 1 4 1 1
2 5 6 4
2 2 10
2 1 5 6 1
2 1 8 6 1
1 4 14 2
1 1 3 2 12
1 1 2 1 2 2 9 1
2 1 1 1 2 1 13 1
6 2 2 1 3 9 1
3 1 2 2 1 1 12
2 1 2 2 2 2 4 6
3 1 2 1 1 6 3 1
1 2 1 5 4 3 1
2 4 2 10
1 1 1 3 2 7 2
1 1 2 3 8 1
1 2 7 9
1 1 1 2 6 1
2 1 1 1 1 5 1
1 2 1 3 2 3 1
1 1 1 1 9 1
1 1 2 5 2
1 1 6 1 2
1 1 1 2 4
1 1 1 4 1 1
1 1 1 6
1 1 1 4 1 1