# solver=cpp-d85c7576
# cpu=AMD EPYC Processor (with IBPB)
# isolated_core=11
# strategy=basic
# n_solutions=1
# solve_time=0.00030
2
1
5
2 2
1 1
2 2 1 1 2
1 1 1
2 2 1 1
2 2 1 1 1
1 1 1 1 2 1 1
1 1 1 2 2
1 1 2 1 1
1 1 1 12
2 4 2 1
2 3 10
1 2 1 1
2 7 1 1
1 4 1 1 5
1 1 1 1 1
6 1 1 1
1 1 1 1
2 6 2 1 1 1
4 4 3 1 3
4 4 1 1 1
2 2 9
---
4 2
1 1 4
1 1 4
6 2 1 2
2 2 2 3
1 1 1 4 1 1
2 1 1 1 1
1 1 2 1
2 4 1
14
2 2
2 4
1 2 4
6 2
3
1 1
3 1 1 3
3 3 1 1 1 1
2 3 9 1
1 1 1 1 1 1
3 1 1 1 1 4
1 1 1 1 1 1 1
2 13 1
3 3 1 1
3 3