# solver=cpp-1e16a40
# cpu=AMD EPYC Processor (with IBPB)
# strategy=contra
# n_solutions=1
# solve_time=0.00520
# solver=cpp-eb7e8a1
# cpu=AMD EPYC Processor (with IBPB)
# strategy=contra
# n_solutions=1
# solve_time=0.00540
# solver=cpp-041dbf2
# cpu=AMD EPYC Processor (with IBPB)
# strategy=contra
# n_solutions=1
# solve_time=0.00500
3
6
6 3 4
10 8
3 2 2 3
3 2 2 3
3 2 3 3
1 3 3 3 3 1
3 3 2 3 3 3
5 3 1 2 2 2 3 5
2 3 2 3 3 3 3
2 3 3 3 3 3 2
2 3 2 2 2 2 2 1 2 2
2 3 3 3 2 1 2
2 3 3 3 2 2
4 1 5 3 1 2 2 2 2 2
6 2 3 4 3 4 2
2 3 3 2 3 3 2 1
2 2 2 2 2 2 3 1 3 1 2 2
2 3 3 3 3 2 2 2
2 3 3 3 3 2 2 2
2 1 2 2 2 3 2 2 2 2 2 2
1 2 3 3 2 3 3 1 2
2 4 3 4 3 3 4
2 3 2 2 2 5 2 5 5
2 3 3 3 3 1
2 3 3 3 3 2
2 2 2 2 2 2 2 2 3 2
2 3 3 3 3 3 2
2 3 3 3 3 3 2
5 3 2 2 2 2 2 5
3 3 3 3 3 4
2 3 3 2 3 2
3 1 2 2 2 3
3 2 3 2 3
3 2 3 3
6 2 2 11
4 2 7
7
4
---
4
7
4 2 6
8 2 10
3 2 3 1 4
3 2 3 2 3
3 4 2 2 3
1 3 2 3 3 2
3 3 2 3 3 4
5 3 2 2 2 2 2 5
2 3 3 3 3 3 1
2 3 3 3 3 3 2
2 2 2 2 2 2 2 2 3 2
2 1 2 4 3 3 2
2 2 3 3 3 1
2 3 2 2 2 5 2 2 2 4
2 4 3 4 3 3 5
1 2 3 3 2 3 3 2
1 2 1 2 3 2 2 2 2 2 2
2 3 3 3 3 3 2
2 3 2 3 3 3 2
3 1 2 2 2 3 2 2 2 1 2
2 3 3 2 3 3 1 1
8 3 4 3 4 2
4 2 2 2 5 2 2 2 2 2
2 3 3 3 3 2
2 3 3 3 3 2
2 3 2 2 2 2 2 2 2 2
2 3 2 2 3 3 2
2 3 2 1 2 4 3 2
5 3 1 2 1 2 3 5
3 3 3 3 3 4
1 3 2 3 3 2
3 2 2 2 1 3
3 2 2 1 3
3 2 5 3
10 1 2 6
7 8
7
4