# solver=cpp-1e16a40
# cpu=AMD EPYC Processor (with IBPB)
# strategy=basic
# n_solutions=1
# solve_time=0.00040
# solver=cpp-eb7e8a1
# cpu=AMD EPYC Processor (with IBPB)
# strategy=basic
# n_solutions=1
# solve_time=0.00030
# solver=cpp-041dbf2
# cpu=AMD EPYC Processor (with IBPB)
# strategy=basic
# n_solutions=1
# solve_time=0.00050
0
3 3 3 3 3 3 3 3 3 3 3 4
0
3 3 3 3 3 3 3 3 3 3 5
1 1 1 1 1 1 1 1 1 1 1 1 1 1 1 1 1 1 1 1 1 1
3 3 3 3 3 3 3 3 3 3 5
0
4 3 3 3 3 3 3 3 3 3 3 3
1 1 1 1 1 1 1 1 1 1 1 1 1 1 1 1 1 1 1 1 1 1 1 1
4 3 3 3 3 3 3 3 3 3 3 3
0
4 3 3 3 3 3 3 3 3 3 4
1 1 1 1 1 1 1 1 1 1 1 1 1 1 1 1 1 1 1 1 1 1
4 3 3 3 3 3 3 3 3 3 4
0
5 3 3 3 3 3 3 3 3 3 5
1 1 1 1 1 1 1 1 1 1 1 1 1 1 1 1 1 1 1 1 1 1
5 3 3 3 3 3 3 3 3 3 5
0
3 3 3 4 13 4 3 2
1 1 1 1 1 1 1 1 1 1 1 1 1 1 2 2
3 3 3 4 13 4 3 2
0
---
0
1 3 3 3 3 3
1 1 1 1 1 1 1 1 1 1 1
1 3 1 1 1 1 1 1 3
3 3 1 1
1 3 3
1 3 3 1 1
1 1 1 1 1 3 3 3
3 3 1 1 1 1
1 3 3 3
1 3 1 1
1 3 1 1 3 3 3
1 1 3 1 1 1 1
1 3 3 3 3
1 3 1 1
1 1 1 3 3 1 1
3 3 1 1 1 1 3
1 1 1 3 3
1 3 3 3
1 1 1 3 3 1 1
3 3 1 1 1 1 1 1
1 1 1 3 3 1 1
1 3 3 1 1
1 1 1 3 3 1 1
3 3 1 1 1 1 1 1
1 1 1 3 3 1 1
1 3 3 1 1
1 1 1 3 3 1 1
3 3 1 1 1 1 1 1
1 1 1 3 3 1 1
1 3 3 3
1 1 1 3 3
3 3 1 1 1 1 3
1 1 1 3 3 1 1
1 3 3 1 1
1 1 1 3 3 3
3 3 1 1 1 1
1 1 1 3 3 3
1 3 3 1 1
1 1 1 3 3
3 3 3 1 1
1 1 1 1 1 3 1
1 3 3 3 1
1 1 1
3 3 3 1 1
1 1 1 3 1 1 1 1
1 1 1 3 1 1 1 1
1 1 1 1 1 1 1 1 1 1
1 3 3 3 3 1
0