# solver=cpp-b64f6aebe
# cpu=AMD EPYC Processor (with IBPB)
# isolated_core=11
# strategy=basic
# n_solutions=1
# solve_time=0.00040
3 8 3 5 3 3
3 8 3 5 3 5 2 2
3 3 2 3 6 3 7 2 2
3 3 2 3 7 3 3 3 2 2
3 3 2 3 7 3 3 3 2 2
3 3 2 3 3 7 3 3 2 2
3 3 2 3 3 6 3 3 2 2
3 8 3 3 6 9
3 8 3 3 5 9 2 2
3 6 3 3 4 9 2 2
3 7 3 3 3 3 3 12
3 3 4 3 3 3 3 3 8
3 3 4 3 3 3 3 3
3 3 3 3 3 3 3 3
3 3 2 3 3 3 3 3
---
15
15
15
0
0
15
15
15
2 4
2 5
2 6
9 4
9 4
3
0
0
15
15
15
0
0
15
15
15
5
6
6
6
5
15
15
15
0
0
12
13
14
3 3
3 3
3 3
14
13
12
0
3
3
2
6 2
6 2
2
2
6 2
6 2
2
3
3