# solver=cpp-a0f9b8019
# cpu=AMD EPYC Processor (with IBPB)
# isolated_core=11
# strategy=backtrack
# n_solutions=4
# solve_time=0.00040
3 1 1 3 3 1
1 1 1 1 1 1
1 1 1 2 3 1
1 1 1 1 1 1
1 3 3 3 1
0
1 3 3 1
1 1 1 1 1
1 1 1 1 1
1 1 1 1 1
3 3 1 1
0
3 1 1 3 1 3 3 3
1 1 1 1 1 1 1 1 1 1
3 2 3 1 3 1 3
1 1 1 1 1 1 1 1 1 1
3 1 1 1 1 1 3 1 1 1
0
0
1 1 3 1 3 3 1 1 3
2 2 1 1 1 1 2 1 1
1 1 1 2 1 1 2 1 2 2
1 1 1 1 1 1 1 1 1
1 1 3 1 1 3 1 1 3
---
5
1 1
5 3 1 1
1 1 1 1 1
5 1 3 5
5 1
1 1 5 5
5 1 1 1 1
5 1 1 1 1
1 1 1 1
5 5
5 5
1 1 1 1 1 1 1
1 1 5 5 5
1 1
3 1 5
1 1 1 5 5
1 3 3 1 1 1 1
1 1 1 1 1
5 1 3
5
1 1
5 1
1 5
0
5 5
1 1 1 1 1
5 1 1