# solver=cpp-041dbf2
# cpu=AMD EPYC Processor (with IBPB)
# strategy=basic
# n_solutions=1
# solve_time=0.00050
5 4
2 2 2 2
1 1 1
2 1 1 2 1 1 2
1 1 1
1 1 1
2 1 2 1 2
1 1 1 1 1 1 1
1 3 1 3 1
1 1 1 1 1
1 1 1 1
3 4 3
2 2
1 1
1 1 1
1 1 1 1
1 5 1 1
2 2 1 1
5 11 1
2 3
2 1 3 4
2 3 2 2 2 1
2 1 1 2 1 2
2 1 1 1 1 2
2 1 1 1 1 2
2 1 1 1 1 2
2 1 1 1 1 2
2 1 1 1 2 2
3 1 1 3 1 2
1 1 1 1 5
---
6
4 2 2 2
3 4 1 11
2 2 2 11
1 1 2 1 1
1 1 2 3 9
1 1 2 2 2
2 1 1 1 9
3 4 1 1
4 1 1 7
1 1 2 1
1 2 1 2 2
2 1 2 1 1
1 1 2 1 2 3
1 1 2 1 7 1
2 1 1 1
3 4 1 2 1 10
4 1 14
2 2
10