# solver=cpp-1e16a40
# cpu=AMD EPYC Processor (with IBPB)
# isolated_core=11
# strategy=basic
# n_solutions=1
# solve_time=0.00030
3
3
3
7
7
3
3
3
3
3
3
3
3
3
3
9 2
18
9 11
7 4 5
4 3
4 2 1 1 1 2
3 1 1 1 3
4 2 1 1 1 1 1 3 3
3 1 1 1 1 1 1 1 1 1 1 1
2 2 3 1 1 1 3 1 1
1
1 1 1 1
1 3 3 3 3 3 3 3
1 1 1 1 1 1 1 1 1 1 2
1 1 1 1 2 1 3 3 1 1
---
8
3
4 1
4 4
4 1
4
3 4
2 5 1
3 1 1 1 3
3 1 1
3 3
2 3 1 1
3 1 2
2 3 3
2 2
17 1 3 3
17 1
17 5 1
2 3
2 3 1 3
4 5 1 1
3 1 3
3
4 3 3
3 1 1 1 1
3 3 1 1
2
3 3 4
4 1 2
3 3 1 1