# solver=cpp-86fd3e96b
# cpu=AMD EPYC Processor (with IBPB)
# isolated_core=11
# strategy=contra
# n_solutions=1
# solve_time=0.00040
2
10 1 1 8
1 1 2 4 1 4
1 2 1 2 2 1 1 1
7 2 1 7 1 13
4 3 2
5 6 4
7 6 5 2
2 11 3 2
2 13 1 3
2 7 1 4
5 3 5 2 2
2 2 3 1 2 3 3
1 1 1 3 1 2 1 5
2 2 1 2 1
3 2 2
4
3 4 4 4 4 4
0
0
---
1 1
1 1 1
4 3 1
1 1 2 2
1 1 1 1 1
1 2 2 2
4 4 1
1 1 2 1
1 2 1
1 2 2 1
2 2
3
5
1 4 1 1
1 4 2 1
1 8 1
1 6 1
2 4
1 4
1 5
8 3 1
2 9 3
1 8 1 2 2
1 3 2 1 1 2 2
2 2 1 2 2
2 1 4
0
1 1 1
4 1 1 1
1 1 1 1 1
1 2 2 2 1
1 1 1 1
1 1 1 1 2
1 1 1 1 1
1 2 2 2 1 1
1 1 1 1 1 1
1 1 1 1 2 1
1 1 2 1 1 1
1 1 2 2
1 1 1 1