# solver=cpp-b64f6aebe
# cpu=AMD EPYC Processor (with IBPB)
# isolated_core=11
# strategy=basic
# n_solutions=1
# solve_time=0.00050
12
16
4 4
4 4 2
6 3 2
2 6 2 2 1
18 2 1
1 1 2
1 1 2
1 1 2
1 1 3
4 2
2 2 4
4 4 3 1
2 1 1 2 3 2
2 1 1 3 3
2 1 1 5
1 1 4 5 2
1 2 6 1 2
1 2 6 1 2
1 2 6 1 2
1 1 9 2
1 1 8 4
1 1 8 4
1 1 8 3
1 1 8 3
2 8 2
8 2
8 2
8 2
8 2
3 3 2
3 3 2
3 3 2
3 3 2
3 3 2
3 3 2
4 4 2
6 6 6
6 6 6
---
0
1
2
1 11
1 2 1 2
1 2 8 2
1 2 4 3
1 1 19
6 2 22
4 30
4 1 14
4 1 14
4 30
6 2 22
1 1 19
1 2 4 3
1 2 1 2
1 1 1 2
1 2 1
2 1 1
1 2 2
1 1 2
3 2 2 2
4 3 10 2
13 12 2
11 1 1 16
2 1 15
2 2
2 2
2
2
2
2
2
2
3
2
4
5
0