# solver=cpp-d85c7576
# cpu=AMD EPYC Processor (with IBPB)
# isolated_core=11
# strategy=basic
# n_solutions=1
# solve_time=0.00030
5
4 2
3 2
9
2 2 4
3 2
3 1 2
3 1 1 2
3 3 2
4 1 2
5 2 2
2 2 7
1 2 6
2 2
1 1 6 1 2
3 6 1 1 1
3 1 4 2 1
1 2 11 2 1
1 1 1 2 2 1 1
1 7 8 1
2 2 5 6
2 1 2 2
1 2 2 4 4
3 7 4 4 2
15 2 2 2
2 10 1 3 1
1 6 2 1 2 3 1
2 1 5 2 1
1 2 2 2 2 2 2
8 2 2
---
3
4 2
1 2 2
3 4 1
8 5 2
10 3 2 2
10 2 1 5 3
4 4 1 1 7
2 2 2 1 1 1 7
2 2 2 1 1 1 4 1
1 1 1 2 1 1 2 4 2
2 2 2 1 1 1 4 2
4 1 2 2 1 3 1 1
10 5 1 3 1
6 1 4 3 6
2 1 2 1 2 4
2 1 2 1 2 1
3 1 3 2 1
4 3 6
7 2 2 2
1 7 1
1 5 3
1 1 8
7 3 1
2 2
1 1
1 3
2 1
2
3