# solver=cpp-86fd3e96b
# cpu=AMD EPYC Processor (with IBPB)
# isolated_core=11
# strategy=basic
# n_solutions=1
# solve_time=0.00030
12
12 7 2
1 1 6 2
1 8 1 7 2
1 1 1 1 1 1 5 1 2
1 8 1 4 3 3
1 1 3 4 3 1 1 1
1 1 1 1 1 1 3 3 1 1 1
1 3 1 1 2 3 1 1 1
1 1 1 1 3 3 1 3 3
1 1 1 3 3 3 1 1 3
1 1 1 1 3 3 1 1 1 1 1 1
1 1 1 1 3 3 1 1 1 1 1 1
1 1 1 3 3 1 1 1 1 1 1
1 1 1 3 3 1 1 1 1 3
1 1 1 3 3 1
1 1 1 3 3 1
1 6 1 1 3 3 1
1 1 1 1 3
12 12
---
19
1 1
1 3 1
1 1 1 1 1
1 3 2 1 1
1 1 1 1 1 1
1 1 1 3 1 1
1 3 1 1
1 1 1 1 1
1 3 2 1
1 1
19
0
20
7 1
10 1
6 2 1
5 1 11
4 3 8 1
2 5 8 1
1 3 1
1 1
1 15
20
20
0
9
1
5
1
9
1
0
1
9
1
0
8
1 1
5