# solver=cpp-1e16a40
# cpu=AMD EPYC Processor (with IBPB)
# isolated_core=11
# strategy=basic
# n_solutions=1
# solve_time=0.00040
1 5 1
1 2 2 1
1 1 2 1
3 2 2 1 3
1 3
3 1
2 3
2 1
4 1
4 1
9 7
1 1 2
1 1 2 2
1 3 2 2
1 2 5
1 2 4
1 2 1 1 2
1 1 2 2 2
1 1 2 2 2
1 1 1 1 2
1 1 2 2 2
1 1 2 2 2
1 1 3 1 3 2
1 1 1 2 1 2 1 2
1 1 1 2 2 1 2
1 3 1 1 1 2
1 5 6
1 2 3 3 1
1 1 3 1
1 2 1
1 4 3
1 1 1 1 2
4 2 2 3
2 6 1
7 7
---
1
24
4 1 3
1 1 11 1 1
1 1 3 8 1
2 1 2 10 2 1
1 1 3 1 2 3 1 1 1
3 2 3 2 2 2 2 3 1
2 6 5 3
1 1 3 1 2 1
1 1 2 1 1
1 1 2 1
2 1 5 2
2 1 1 4 2 2 2 4
3 3 1 2 2 3 1 1 1
3 1 2 9 1 1
1 1 2 6 1
1 1 13 2 1
4 1 14 1 1
1 4 3