# solver=cpp-a0f9b8019
# cpu=AMD EPYC Processor (with IBPB)
# isolated_core=11
# strategy=contra
# n_solutions=1
# solve_time=0.00320
4
6 3 2
2 2 2 3
5 4 1
2 1 2
2 2
2 2
1 1
1 2
1 16
2 1 1 1 12
2 1 1 1 2 2
1 1 1 1 8 1
2 1 1 1 1 1 2
1 1 1 1 1 1 1
1 1 1 1 1 1 2
2 1 1 1 1 1 1
1 1 1 1 1 1 1
1 1 1 1 1 1 1
2 6 1 1 1 1
1 3 1 1 1 1
1 2 1 1 1 1
2 6 1 1 2 1
2 1 3 1 2 1 1
3 1 5 1 3 1 1
1 2 2 1 2 1 2 1 1 1
1 2 2 1 5 1 1 1
1 3 1 3 1 1 2
1 1 1 1 1 1 1
1 1 1 1 1 1 1
2 1 3 1 2 1 1
3 1 5 1 3 1 1
1 2 1 2 1 2 1 2 1 1 1
1 5 1 5 1 1 1
1 3 1 3 1 1 1
1 1 1 1 1 1 1
1 1 1 1 1 2 1
2 1 3 1 2 2 2
3 1 5 1 6 2
1 2 1 2 1 2 1 2 1 2
1 5 1 5 1 3
1 3 1 3 1 2
1 1 1 1 3
1 1 1 1 1
2 3 3 3 2
23
2 2
1 1
25
0
---
7
3 4
2 4 3
1 4 2 1
1 27 1
2 3 2 2 2 1
2 2 2 2 1 1
2 2 2 2 1 1
1 1 2 2 2 2 1
1 11 1 1 19 1
1 1 1 1 2 2 2 2 1
1 1 1 1 2 2 2 1 1
2 1 2 4 2 2 1 1
2 1 6 2 2 2 1
1 37 1
1 1 1 2 2 2 1
2 1 2 2 2 1 1
2 1 2 2 2 1 1
1 1 2 2 2 2 1
2 37 1
1 1 2 2 2 2 1
1 1 2 2 2 1 1
2 1 2 2 2 1 1
2 1 2 2 2 2 1
1 38 1
7 3 1 1 2 1
3 1 1 1 2 3
1 1 2 2
1 1 2 1
1 1 15 2
1 1 9 3
1 2 12
1 13
1 3
4
2
0
0
0
0