# solver=cpp-a0f9b8019
# cpu=AMD EPYC Processor (with IBPB)
# isolated_core=11
# strategy=basic
# n_solutions=1
# solve_time=0.00030
3 3
5 5
4 3 3
4 3
3 1 1 2
15 2 3 3 2
17 2 3 3 2
3 1 1 4 2 3 3 2
3 2 1 2 5 2 3 3 2
3 1 2 5 3 3 3 3
3 2 1 2 5 5 5
3 1 1 2 5 3 3
17 3 3
2 1 1 1 1 2 2 1 1 2
2 1 1 1 1 2 1 2 2 1
2 1 1 1 1 2 1 2 3 1
2 1 1 1 1 3 2 2 5 2 2
17 3 4
15 2 3
6 11
4 1 7 2
4 2 4 1 2
3 3 3 1 1
2 5 3 1
1 14 1
---
12
14
8 2
2 3 3
2 1 1 1 2
19
2 1 8
2 1 3 1 7
2 1 5
15
2 5 8
2 1 4 4
2 6 3 3
8 4 2
8 2 2
14 1
12 1
1
5 1
11 2 1
11 1 1
4 3 2 1
4 1 2 2 2
3 6 2 6
2 6 2 5
2 5 1 4
1 1 3
2 5 1 2
2 6 2 2
2 6 2 6
3 1 7
3 3 6
11 6
11 2
5