# solver=cpp-1e16a40
# cpu=AMD EPYC Processor (with IBPB)
# isolated_core=11
# strategy=basic
# n_solutions=1
# solve_time=0.00030
3 3 3 4 3 5
3 3 3 4 3 5
3 3 3 4 3 5
3 3 3 3 3 5
3 1 3 5 3 3 1 3
5 2 3 5 4 3 2 3
5 2 3 5 1 3 3 2 3
2 2 3 3 3 1 3 3 3 5
2 2 3 3 3 1 3 3 3 5
2 2 3 3 3 2 2 3 3 5
2 2 3 3 3 2 3 2 3 5
7 3 3 3 3 2 3 5
7 3 3 5 3 2 3 3
7 2 3 5 2 2 2 3
2 2 2 3 5 3 5 2 3
2 2 1 3 3 3 4 1 5
2 2 3 3 3 4 5
2 2 8 3 4 3 5
2 2 8 3 4 3 5
2 2 8 3 4 3 5
---
5
10
10
10 3
7 3
10 3
10
10
5
0
12
10
6
0
20
20
20
3
3
3
3
3 3 3
3 3
20
20
20
0
0
5 6
3 2 6
6 6
9 3
13
12
10
6
15
15
10
5
0
12
10
6
0
20
20
20
4 5 5
4 5 5