# solver=cpp-86fd3e96b
# cpu=AMD EPYC Processor (with IBPB)
# isolated_core=11
# strategy=contra
# n_solutions=1
# solve_time=0.00040
3 3 3 1 3
1 1 1 1 1 1 1
1 1 2 3 1
1 1 1 1 1 1 1 1
2 1 1 1 1 1 1
0
0
3
1 1
1 1 3
2 1 4
2 1 4
4 1
4 1
3 1
2 2
1 1
5
1 1
1 1 1
3 1 1 2
1 5 1
1 1 1 1
2 1 1 1 3
2 1 1 3
5
1 1
1 1 1
2 1 1
3 5 3
4 1 1 4
7 1 1 4
1 4 7
1 14
6 6
17
2 2 2 2
3 9 3
3 9 1 1
3 2 2 1 1
3 8 1 1
12 1 1
15 1
6 6
5 5 5
15 1
13 2
11 2
1 4
7 2
---
1
2 1 2 2 16
1 1 1 5 5 4 12
1 1 1 1 4 2 10
2 1 6 7
1 9 7
5 13 3
1 19 1 2 3 4
1 3 1 1 1 1 1 1 2 3 4
5 1 3 1 1 1 1 1 1 1 1 1 1 2 3 6
1 1 1 5 1 1 1 1 1 1 2 3 4 1
2 2 4 19 1 2 3 4 1
4 1 12 3 1
4 3 1 9 6 1
1 1 2 1 7 6 1
4 2 7 10 1
2 9 3 1
1 5 15 1
5 1 4
1 5