# solver=cpp-d85c7576
# cpu=AMD EPYC Processor (with IBPB)
# isolated_core=11
# strategy=contra
# n_solutions=1
# solve_time=0.00560
0
1
2
4
3 2
2 2
3 2
3 2
3 3
4 3
4 3
5 4
4 3
4 4
3 4
3 4
2 3
2 2
2 2
5
3
19
19
19
3 3
1 3 3 1
7 7
1 9 8
6 1 3 3 1 3
5 3 3 2 1
2 1 3 3 3
2 3 3 1 2
3 3 2
3 3 2
3 3 2
3 3 3
3 3 3
3 1 3 1 3
3 17
1 3 20
11 1 3 1
8 3
2 1 3 3
2 3 3
2 3 3
2 3 3
4 3 3
2 3 3
4 3 3 1
7 3 1 1
4 3 3
3 3 1 6
6 10 1
9 7
9 3 1
9 3
10
7
4
0
---
0
2
3
2
4
2
2 1
2 4
2 7
2 3 1 2
2 3 2
4 3 2
2 2 2
33
33
5 33
7 3 2 3
9 3 2 3
6 2 3 2 3
5 2 3 2 3
4 1 3 2 3
4 5 2 3
4 8 4 3
4 9 2 3
2 3 3 2 3
2 3 3 2 3
2 5 3 2 3
10 3 2 3
8 3 2 3
4 38
38
38
2 2 2
4 2 4
2 4 2
3 2 3
3 3 2
4 3 2
1 3 2
8 3
5 3
3
0
0
0