# solver=cpp-d85c7576
# cpu=AMD EPYC Processor (with IBPB)
# isolated_core=11
# strategy=basic
# n_solutions=1
# solve_time=0.00030
15 4
6 7 4
5 2 5 3
4 4 4 3
3 1 1 2 3
1 1 1 2 1 3
1 1 2 2 1 3
3 2 2 2
2 10
1 5 1 1 2
1 3 1 1 1
3 10
1 8
2 6 5
2 5 6
2 4 1 3 1
2 3 1 1 1
2 2 2 1 2
2 1 3 7
3 5 1 2
5 5 3
3 1 1 1 1
3 5 3
2 3 5
2 1 1 7
1 5 1 3 1
1 3 2 3 2
3 1 1
2 1 1
4 2 2
---
4 4 14
5 2 13
5 1 4
5 1
3 7 1 1
2 3 7 1
1 2 7 4 1 1
1 2 1 5 3 2 5
2 3 1 1 3 12
3 2 2 2 3 2 3 1
7 5 4
5 6 4 1
4 5 1 2 3 3
4 2 1 1 3 1 1 2 1
2 4 6 1 8
2 1 1 3 9
2 4 2 3 8
7 1 1 5 2 1
10 1 3
12 1