# solver=cpp-6dc88e3e
# cpu=AMD EPYC Processor (with IBPB)
# isolated_core=11
# strategy=basic
# n_solutions=1
# solve_time=0.00040
23 2 2
9 18 5
1 1 19
2 2 3 8
5
1 1 4 4 15
1 1 1 1 1 1 2 2
23 2
5 1 1 16
2 2 2 2 2 1
2 3 1 1 1 1 9 1
1 1 3 1 1 1 1 1 1
1 1 1 21 1 1 1
1 1 1 1 1 1 1 9 1
1 1 1 1 1 1 1 1
1 1 1 21 1
2 3 2 1 1 1 1
2 2 1 1 1 1
5 1 1 1 1
41
1 2 1 5
1 1 1 1 2 1 2
24 1 3 1 2
1 2 3 1 3 3 1 1 2 1 1
2 1 1 1 1 1 1 1 1 10 1 1
1 2 2 1 1 2 2 2 2 3 12
2 1 1 1 1 1 1 3 1 1 1 1 3 1 2 1 1
1 1 2 1 1 2 2 2 5 2 2 3 1 2
1 1 1 1 1 1 1 1 1 1 1 1 1 1 3 1 2
13 3 3 3 3 5
---
1
4
3 1
7 3 2
2 2 4 3 1
2 2 5 3 4 1
4 1 1 1 2 2 3
2 6 1 1 2 1 3 1
2 1 2 1 1 2 4 1
2 1 3 5 3 2 1
2 1 1 3 2 1 8
2 5 6 1 1 1
4 1 1 1 1 8
2 1 1 1 1 1
1 3 1 1 1 1 5
1 1 1 1 1 1 2 1 1 1
1 1 1 1 1 1 2 1 1
2 3 1 1 1 2 1 1 1
2 3 1 1 1 1 5
2 3 4 1 3 1 1
2 1 1 5 1 1 5
2 1 1 1 1 1 2 1 1 1
2 3 1 1 1 2 1 1
2 3 1 1 1 2 1 1 1
2 1 4 1 3 1 5
2 1 5 1 1 1
3 2 1 1 1 3 3
4 3 1 1 2 2 1 1
3 1 1 1 1 2 3 2
3 1 3 1 1 1 5 1 1
2 1 5 1 3 1 3
3 1 1 5 1 1 1
3 1 1 1 1 3
2 1 1 1 2 1 1
3 1 1 4 1 3 2
2 1 1 1 1 7 1 1
2 1 1 1 1 1 7
2 1 1 1 1 1 2 4
2 1 1 1 1 3 1 2
2 1 1 1 1 2 1 1
3 1 1 1 1 11
4 2 1 1 1 2 1 1
3 3 4 3 1 2
2 2 1 2 1 2
2 12 6