# solver=cpp-d85c7576
# cpu=AMD EPYC Processor (with IBPB)
# isolated_core=11
# strategy=basic
# n_solutions=1
# solve_time=0.00030
56
6 2 5 3 3 1 3 3
6 2 4 2 3 1 2 2
6 2 9 7 3 1 1 7
6 2 6 6 3 1 1 6
6 2 7 2 3 1 2 2
6 2 13 1 3 1 5 1
1 2 2 10 4 1 3 1 2 5 1
1 2 3 1 2 1 1 1 1
2 3 4 4 3 2 2
4 20 22 4
56
4 1 2 4 5 23
3 1 2 3 3 2 4 1 1
2 1 2 3 3 1 4 1 1
1 1 2 2 2 1 1 4 1 1
1 3 2 2 2 2 1 4 1 5
1 4 2 1 2 2 1 4 1 5
1 4 2 1 2 1 1 4 1 1
1 4 2 1 2 1 4 1 1
1 4 2 2 2 4 1 1
1 3 2 2 2 3 4 1 5
1 1 2 1 1 2 4 1 5
2 1 2 1 1 1 1 1 1 1 1
3 1 2 1 3 1 1 1 1 1 1
4 1 2 1 3 1 2 1 1 1 1
56
---
27
7 6 4
7 4 3
7 3 2
8 1 1
8 1 4 1
1 2 6 1
1 2 6 1
1 18
12 1
12 1
1 2 1
1 7 6
1 1 2 7 6
1 1 2 2 1
1 1 2 2 1
1 5 2 1
1 5 17
1 5 12 1
15 1
13 1
12 3
3 3 3 3 4
2 1 2 3
1 2 3 1
1 1 2 5 1
1 2 2 11 1
1 2 1 16
1 2 3 1
2 2 2 1
6 3 1
12 4 4
1 4 2 2
1 4 1
1 3 1 1
8 4 3 1
8 17
8 3 1
1 3 1
1 4 1
1 14 1
23 1
1 13 1
1 17
1 3 1
13 1
3 3 4 1
2 1 17
1 2 3 1
1 1 2 3 1
1 2 2 2 1
1 2 1 2 2 2 1
1 2 1 3 2 2 1
2 2 3 2 2 1
6 4 2 2 1
27