# solver=cpp-1562f45ac
# cpu=AMD EPYC Processor (with IBPB)
# isolated_core=11
# strategy=basic
# n_solutions=1
# solve_time=0.00030
3 2
3 1 1 4
1 9 1 1 1 1 1 7 1
3 1 18 1 1 1
1 3 4 1 1 1 1 1 3 6
2 1 1 1 5 6 3 1 1 6
1 4 1 5 2 1 1 1 1 3 6
1 2 1 1 1 5 1 1 2 3 1 2 2
4 1 3 5 2 1 1 1 1 2 2
1 1 1 2 2 1 1 2 1 2 2 2
1 1 1 2 2 2 1 1 1 2 2 1
1 2 1 3 2 1 1 2 3 1 3
1 1 2 3 2 2 1 1 3
2 1 1 2 2 1 1 2
10 2 3 2 1 1
2 3 1 1 2
3 2 6
3 2
3
3
---
1 4
1 3 1 2
4 2 5
1 2 3 1
2 1 1
1 3 4
1 6 1
1 1 1
1 3 1
1 1 6 1
4 1 3
1 5 2
2 7
1 13
11 2
1 4 6
18
1 11
1
1 12
5 1 1 1 1 1
1 1 1 1 1 1 2
1 2 1 1 1 1 1
4 1 1 1 1 2
1 12
1
1 7
4 1 1
1 5 2
2 2 1
1 5 3
4 1 2
1 4 2
1 2 2
1 3 2 1
6 3
1 4
1 4
7
1 3