# solver=cpp-b64f6aebe
# cpu=AMD EPYC Processor (with IBPB)
# isolated_core=11
# strategy=contra
# n_solutions=1
# solve_time=0.00040
1 1 2 1
2 2 2 3
5 2 2
2 1
4 2 2
4 2 2
5 2
2 2 4
4 4 4
4 4 2
20
5 5
3 8 3
2 2 9 2
2 2 11 2
1 1 12 1
1 2 13 1
1 1 12 1
2 2 11 2
2 2 9 2
3 8 3
5 5
20
3 2 2 3
3 1 1 3
2 1 1 2
2 2
2 2
2 2
20
---
1 13 1
2 1 7 5 2
2 1 6 1 3 4
1 2 5 5 7 1
1 1 4 2 2 5 1
1 1 1 1 3 1 3 1
2 2 1 1 5 1 1 1 1
2 1 1 9 3 1
1 3 9 2 1
5 9 1 1
6 9 1 1
2 3 9 2 1
2 1 9 3 1
2 1 9 1 1 1
2 1 7 3 1
2 2 2 7 5 1
1 8 5 7 1
12 1 3 4
3 2 5 5 2
1 13 1