# solver=cpp-041dbf2
# cpu=AMD EPYC Processor (with IBPB)
# strategy=basic
# n_solutions=1
# solve_time=0.00050
13 3 6
13 1 1 12
5 1 3 1 3
5 1 1 1 3 3 3
5 2 1 1 1 1 3
6 2 1 2 2 10
4 1 1 1 1 1 1
3 1 1 2 1 1 1 3
2 1 1 1 1 2 2 1 1 1
1 1 2 1 1 1 1 3
2 1 1 2 1
4 1 1 2 2 1 2 1
1 1 1 4 1 2 1
2 1 1 1 1 1 2
1 1 2 1 1 2 2 2
1 2 1 1 1 1 1 3
2 1 1 1 2 3
3 2 1 1 1 3 1 3
4 1 1 3 1 1 1 4
5 1 1 2 3 1 4
---
10 5
9 4 4
8 1 1 3
7 2 1 2
6 1 2 1
2 6
2 5
2 4 1 4
2 2 2 3
2 1 1 2
2 2
2 2
20
0
3 1
1 1 2 9
4 5 2
1 3 3
5 1 3
1 2 3
1 1 1 3 3
1 3 3 1 1
1 1 4 1 3
1 1 2
2 1 3 2 3
2 1 1
2 1 3 2
6 1 1 5
6 3 7
6 9