# solver=cpp-400bd85f2
# cpu=AMD EPYC Processor (with IBPB)
# isolated_core=11
# strategy=basic
# n_solutions=1
# solve_time=0.00030
1 1 1 1 1 1
1 1 1 1 1 1
1 1 1 1 1 1
1 1 1 2 2 1
1 2 1 2 1 1
1 1 1 2 1 2
2 1 2 3 2 1
1 1 2 3 3
1 1 2 3 2
2 2 3 4 1 1
1 1 3 4 2 1
2 4 5 1 1
2 4 5 1 1
2 5 5 1
1 5 6 2
6 6 1
6 7
7 8
2 2
7 8
6 8
6 7
1 6 7
2 5 2 4
1 5 7 1
1 5 6 1
1 5 6 1
1 5 6 2
1 4 6 1
1 4 6 1
---
2 2 1 2
4 2 1 7
7 2 1 1
3 3 4
6 5 9
5 7 11
9 11
12 11
18 11
0
18 11
15 11
12 4 6
9 11
4 7 11
4 2 4 11
2 3 2 6
6 2 1 2
10 1 3
2 1 4