# solver=cpp-041dbf2
# cpu=AMD EPYC Processor (with IBPB)
# strategy=contra
# n_solutions=1
# solve_time=0.00050
5 1 1 2
1 2 1 1 1 2
4 1 1 2 1 1 1 2
1 3 2 4 1 2 1 1 2
3 1 2 4 3 1 4 1 1 2
1 4 4 3 1 1 3 1 1 2
1 1 3 1 1 1 1 3 1 2
3 1 1 1 1 1 1 1 1 4 1 2
4 3 1 1 1 1 1 1 1 3 1 2
2 4 1 1 1 3 3 1 1 1 1 2
2 1 6 1 1 4 1 1 3 1 2
6 1 2 2 2 4 1 2
1 5 1 2 1 2
5 1 2
1 2
---
1
3
3
9
1 1 1
1 1 1
1 1 1 1
1 1 1 3
1 1 1 3
9
0
9
1 3 1 1
3 1 1
1 1 1
1 1
9
1 3 1 1
3 1 1
1 1 1
1 1
9
1 3
3
1
5
1 1
2
0
1
3
3
9
0
0
9
3 1
3 1 1
1 2
0
1 1
3 3
3 3
11
0
0
15
0
15
15