# solver=cpp-a0f9b8019
# cpu=AMD EPYC Processor (with IBPB)
# isolated_core=11
# strategy=basic
# n_solutions=1
# solve_time=0.00030
8 5 2
3 4 7 1 1
3 3 8 1 1
3 9 2
1 5 9
1 9 13
3 3 4 14
2 2 2 15
3 3 3 15
1 3 3 15
1 5 15
1 15
1 14
1 12
1 8
13
15 3 3 3
6 4 4 1 1
5 3 3 5 3 1
4 5 1 5 1 1
2 7 2 3 1 1
1 1 1 5 2 3 3 1
2 6 3 3
3 6 3 3
4 3 3
4 1 2 1 3 3
4 1 8 9
15 9
15 9
13
---
12 13
2 3 6 8
3 2 2 5 1 7
3 1 1 5 6
2 2 2 4 1 1 3
1 3 1 1 3 1 2 5
1 5 1 2 5 3
1 5 1 2 6 5
1 2 2 2 6 5
2 1 1 2 6 4
2 2 2 2 4 5
1 1 1 3 1 4
2 3 4 8
1 2 4 10
1 13
10
12 3
14 2 3
15 3 3
15 13
15 13
15 13
15 3
13 3 1 3
12 1 1 1 3
9 1 4
9
4 8 1
1 1 7 6
2 5 1