# solver=cpp-1e16a40
# cpu=AMD EPYC Processor (with IBPB)
# isolated_core=11
# strategy=contra
# n_solutions=1
# solve_time=0.00090
7 6 7
3 3 3 3 3 3
2 2 2 2 2 2 2
2 4 2 2 4 2 2 2
1 6 1 1 2 1 1 10 1
2 6 4 4 4 1 1 2
1 6 2 2 2 1 1 1
1 4 2 2 2 1 1 1
1 1 2 2 2 1 1 1
1 1 2 2 2 2 10 1
1 2 4 2 2 2 8 1
1 6 2 2 2 6 1
1 3 2 4 2 4 1
1 1 2 2 2 2 3 1
1 5 2 2 2 2 2 2 1
1 3 2 1 1 2 2 1 2 1
1 2 2 2 2 2 2 1 1 1
1 1 1 2 1 1 2 2 1 2 1
1 1 1 2 2 2 2 2 1 1 1
1 1 1 2 2 2 2 2 2 1 2 1
7 8 1 2 1 2 11 1
1 1 1 2 1 1 2 11 1
1 1 1 2 1 1 18
1 5 2 2 2 2 11 1
1 3 2 8 2 11 1
---
20
3 1
2 1
2 1
1 1
2 3 2 1
1 5 3 1 8
1 5 2 3 2
1 13 2
1 5 2 3 2
1 3 3 1 8
2 2 1
1 1
2 1
2 1
3 1
20
20
3
2
2 5
1 3 2 2
2 2 3 1
1 1 1 2 1
1 11 3 1
1 11 3 1
1 1 1 2 1
2 2 3 1
1 3 2 2
2 5
2
3
20
20
3 1
2 1
2 6 6
1 1 2 8
2 1 3 3 5
1 1 4 2 5
1 1 6 5
1 1 5 1 1 6
1 1 6 5
1 1 3 2 5
2 1 2 3 5
1 6 8
2 6
2 1
3 1
20