# solver=cpp-d85c7576
# cpu=AMD EPYC Processor (with IBPB)
# isolated_core=11
# strategy=basic
# n_solutions=1
# solve_time=0.00040
1
3 15
2 2 15
13 5 3 3 1
1 2 2 1 3 1 1
3 1 3 1 1 1 1
3 1 3 10 2
3 3 10 2
2 1 2 7 2 2
2 1 2 7 2 1
3 1 3 4 5 1
2 1 2 3 2 1 2 4 5 2
3 3 10 2
2 2 6 3 2
2 2 6 3 2
2 3 10 2
3 1 3 1
3 1 3 10 2
1 2 2 1 10 2
13 2 4 2 2
2 2 2 4 2 2
3 10 1
1 1 5 4 1
1 1 1 5 4 2
1 1 7 2 2
9 7 2 2
7 10 2
5 14
5 1
18 14
7 1
7 2
7 1
5 2
1
---
1 1
3 1
2 2 1
11 1 1 1
6 6 1 2 4
1 3 1 2 1 1 9
3 1 3 10
2 2 1 9
2 1 2 9
3 1 3 10
2 1 2 4 2 1 2 2 4
3 3 1 1
2 2 1
2 2 1
3 1 3 1
1 3 1 3 1 1
6 6 1
11 3
2 2 3
3 2
3 1
5 3
4 22 1
4 10 11 1
3 10 2 7 1
2 11 11 1
3 4 4 11 1
4 10 5 4 1
3 7 1 11 1
2 3 6 2 3 2 1
3 10 11 1
4 10 11 1
3 1 1
2 11 11 1
3 3 5 4 5 1