# solver=cpp-6dc88e3e
# cpu=AMD EPYC Processor (with IBPB)
# isolated_core=11
# strategy=basic
# n_solutions=1
# solve_time=0.00040
50
1 1 1 1 3 16
1 5 5 6 2 1 4
1 5 1 1 5 3 1 4
1 6 1 1 5 2 3
1 2 4 1 1 5 4 4
1 5 2 1 1 11 4
1 9 6 6 4 8
1 2 9 1 6 8
1 12 2 6 8
1 6 7 6 5
6 10 6 6 4 5 2
13 3 1 1 4 5 1
1 15 1 1 4 7
7 7 1 3 1 1 3 4 5 1
17 1 1 1 1 1 4 6 1
1 15 2 1 1 2 4 8
8 4 3 2 1 1 1 4 8
12 3 3 1 1 3 4 8
13 3 1 1 4 3 2
1 7 3 3 1 1 4 2 1 1
12 2 1 1 1 2 2 3 1
17 5 1 1 1
1 8 6 3 1 2
50
---
25
1 2 2 3 2 1
1 14
1 14
1 14
1 15
1 1 13
1 6 10
1 10 7
1 2 11 4
1 18 1
1 6 14
5 12 2 3
1 10 4 3
6 14 3
1 12 10
25
1 3 1
1 5 1
1 1 1 2 2 1
1 1 1 1 3 1
1 1 1 3 1 1
1 1 1 1
1 6 12 1
3 3
3 2 3
3 1 3
1 6 12 1
1 1 1 1
1 1 1 1
1 1 1 1 1 1
1 1 1 1 1 1 1
1 5 5 1
1 3 1
25
21 1
22 1
22 1
7 1
3 1 1
2 1 1 1
7 1
22 1
2 17 1
4 15 1
2 12 1 1
4 14 3 1
10 1 4 1 1
10 1 2 4 2
10 2 10