# solver=cpp-1e16a40
# cpu=AMD EPYC Processor (with IBPB)
# strategy=basic
# n_solutions=1
# solve_time=0.00050
# solver=cpp-eb7e8a1
# cpu=AMD EPYC Processor (with IBPB)
# strategy=basic
# n_solutions=1
# solve_time=0.00040
# solver=cpp-041dbf2
# cpu=AMD EPYC Processor (with IBPB)
# strategy=basic
# n_solutions=1
# solve_time=0.00120
44
2 4 1 1 2
1 1 1 1 1 1 1 2 3 1 1 1
1 2 1 1 1 1 2 2 2 2 2 1 1
1 11 2 2 1 2 3 1
1 2 2 2 2 1 1 2 1
1 2 7 2 2 2 1 1 1 1
1 2 7 2 4 2 5 1 3
1 2 2 2 3 9 2 1
1 11 2 15 1
1 2 1 1 1 1 2 2 11 1
1 1 1 1 1 1 1 2 15
1 2 14 1
1 1 1 1 1 1 1 2 3 11 1
1 2 1 1 1 1 2 4 14 1
1 11 2 1 9 2 1
1 2 2 2 3 10 1 1
1 2 7 2 2 2 2 9 3
1 2 7 2 4 1 1 4 1 1
1 2 2 2 3 1 1 2 1
1 11 2 2 1 1 1 1
1 2 1 1 1 1 2 2 1 2 2 1 1
1 1 1 1 1 1 1 2 2 2 1 1 1
2 4 1 1 1 2
44
---
25
2 2
1 2 1
1 2 4 2 1
1 3 3 1
1 1 1 2 1
1 3 2 3 2 4 2 1
1 1 2 1 3 3 1
1 3 2 3 1 1 1
1 1 2 1 3 2 3 1
1 3 2 3 1 2 1 1
1 1 2 1 3 2 3 1
1 3 2 3 1 2 1 1
1 1 1 3 2 3 1
1 3 3 1 2 1 1
1 2 4 2 3 2 3 1
1 2 1 1 1
1 3 3 1
1 2 4 2 1
1 2 1
2 2
25
25
2 1 1 1 2
1 2 2 2 1 1
1 1 1 1 2 3 1
1 2 2 2 1 2 1
1 2 1 1 3 1 1
1 2 1 1 1 3 1
1 2 6 2 3
3 10 2 1
1 1 14 1
1 2 11 1
1 16 1
1 12 1
1 18 1
1 2 12 4
4 10 1
1 13 1
1 2 6 3 1
1 1 2 1 2 6
1 3 2 1 3 1
2 1 1 1 2
25