# solver=cpp-1e16a40
# cpu=AMD EPYC Processor (with IBPB)
# strategy=basic
# n_solutions=1
# solve_time=0.00050
# solver=cpp-eb7e8a1
# cpu=AMD EPYC Processor (with IBPB)
# strategy=basic
# n_solutions=1
# solve_time=0.00040
# solver=cpp-041dbf2
# cpu=AMD EPYC Processor (with IBPB)
# strategy=basic
# n_solutions=1
# solve_time=0.00080
2 2 1 1 1 1 1 1 1 1 1
2 2 1 1 1 1 1 1 1 1 1
2 47
2 2 1 1 1 1 1 1 1 1 1
2 2 1 1 1 1 1 1 1 1 1
2 2 1 40
2 2 1 40
2 9 2
2 2 1 2 34 2
2 2 1 2 34 2
2 2 1 2 2 1 1 1 1 1 1 2 2
2 2 1 2 2 1 1 1 1 1 1 2 2
2 9 34 2
2 2 1 2 2 1 1 1 1 1 1 2 2
2 2 1 2 2 1 1 1 1 1 1 2 2
2 2 1 2 2 1 20 1 2 2
2 2 1 2 2 1 20 1 2 2
2 9 9 9 2
2 2 1 2 2 1 2 14 2 1 2 2
2 2 1 2 2 1 2 14 2 1 2 2
2 2 1 2 2 1 2 2 1 1 2 2 1 2 2
2 2 1 2 2 1 2 2 1 1 2 2 1 2 2
2 9 9 14 9 2
2 2 1 2 2 1 2 2 1 1 2 2 1 2 2
2 2 1 2 2 1 2 2 1 1 2 2 1 2 2
2 2 1 2 2 1 2 7 1 2 2 1 2 2
2 2 1 2 2 1 2 7 1 2 2 1 2 2
2 9 9 7 9 2
2 2 1 2 2 1 10 1 2 2 1 2 2
2 2 1 2 2 1 10 1 2 2 1 2 2
2 2 1 2 2 1 1 1 1 2 2 1 2 2
2 2 1 2 2 1 1 1 1 2 2 1 2 2
2 9 24 9 2
2 2 1 2 2 1 1 1 1 2 2 1 2 2
2 2 1 2 2 1 1 1 1 2 2 1 2 2
2 2 1 2 24 2 1 2 2
2 2 1 2 24 2 1 2 2
2 9 9 2
2 2 1 30 1 2 2
2 2 1 30 1 2 2
2 2 1 1 1 1 1 1 1 1 2 2
2 2 1 1 1 1 1 1 1 1 2 2
2 44 2
2 2 1 1 1 1 1 1 1 1 2 2
2 2 1 1 1 1 1 1 1 1 2 2
2 44 2
2 44 2
2 2
50
50
---
50
50
2
47 2
47 2
1 1 1 1 1 1 1 1 1 2 2
1 1 1 1 1 1 1 1 1 2 2
47 2
1 1 1 1 1 1 1 1 1 2 2
1 1 1 1 1 1 1 1 1 2 2
1 35 1 2 2
1 35 1 2 2
7 9 2
1 2 29 2 1 2 2
1 2 29 2 1 2 2
1 2 2 1 1 1 1 1 2 2 1 2 2
1 2 2 1 1 1 1 1 2 2 1 2 2
7 29 9 2
1 2 2 1 1 1 1 1 2 2 1 2 2
1 2 2 1 1 1 1 1 2 2 1 2 2
1 2 2 1 15 1 2 2 1 2 2
1 2 2 1 15 1 2 2 1 2 2
7 9 9 9 2
1 2 2 1 2 9 2 1 2 2 1 2 2
1 2 2 1 2 9 2 1 2 2 1 2 2
1 2 2 1 2 2 1 2 2 1 2 2 1 2 2
1 2 2 1 2 2 1 2 2 1 2 2 1 2 2
7 9 9 9 9 2
1 2 2 1 2 2 1 2 2 1 2 2 1 2 2
1 2 2 1 2 2 1 2 2 1 2 2 1 2 2
1 2 2 1 2 2 1 1 1 2 2 1 2 2
1 2 2 1 2 2 1 1 1 2 2 1 2 2
7 9 19 9 2
1 2 2 1 2 2 1 1 1 2 2 1 2 2
1 2 2 1 2 2 1 1 1 2 2 1 2 2
1 2 2 1 2 19 2 1 2 2
1 2 2 1 2 19 2 1 2 2
7 9 9 2
1 2 2 1 25 1 2 2
1 2 2 1 25 1 2 2
1 2 2 1 1 1 1 1 1 1 2 2
1 2 2 1 1 1 1 1 1 1 2 2
7 39 2
1 2 2 1 1 1 1 1 1 1 2 2
1 2 2 1 1 1 1 1 1 1 2 2
1 2 39 2
1 2 39 2
7 2
1 45
1 45