# solver=cpp-d85c7576
# cpu=AMD EPYC Processor (with IBPB)
# isolated_core=11
# strategy=contra
# n_solutions=1
# solve_time=0.00060
3 3
1 3 1 3
1 1 1 1
1 3 1
1 1 1 2 1 1 1 1 1
5 2 1 5 2
1 1 1 1 1 1 1 3
1 1 1 1 1 1 1 1 5
1 7 1 11 3
1 1 1 4 3 1 1
1 1 1 1 3 4 1 1 1 1 1
1 1 1 6 3 1 1
1 1 2 2 1 2 1 1 1
1 1 1 1 1 1 1
9 1 1 1 1 1
14 1 3 1 7
5 9 1 3 1 9
3 9 3 4 3
11
5 6
10 4
5 6 6
4 5 7
2 6 6
5 4
---
2 2
2 3
3 3
2 3
3 2
2 2
16 2
1 1 2 2
2 2 1 1 1 2 2
1 1 2 3
1 12 3
1 2 2
1 1 3 2
1 2 2
4 1 2 3
2 2 3 2
3 1 4 2 2
1 3 2 1
10 2 2
2 2 2
3 2 1
3 2 1
2 2 1
3 7
1 1 2
9 1 5
1 1 1 9
2 2 2 1 5
1 1 1 1 3
1 5 1 9
1 2 2
1 1 3 2
1 2 2
13 2
3 2 3
3 1 1 2 3
2 2 3
11 3
3 3
3 2