# solver=cpp-041dbf2
# cpu=AMD EPYC Processor (with IBPB)
# strategy=backtrack
# n_solutions=6
# solve_time=0.00040
2 2 4
2 2 1 4
2 2 4 1
2 2 1
2 2 3 1
9 5 1
3 1 1 3 5 1
2 1 1 2 5 1
15 2 3 1
15 4 1 1
1 9 3 2 1 1
1 2 2 1 1
1 1 1 2 1 2
1 4 1 2 1 4
1 1 2 1 2 1 1 1
1 1 1 1 1 2 1 1 1
1 2 1 3 1 1 1 1
1 4 2 1 2 3
1 1 1 1 1 2 1
11 1 6
---
11
4 1
1 1 2 1
3 2 3 1
2 3 4 2
1 3 3 4 1
1 1 3 1 2 1
3 1 3 1 1 1 1
2 3 4 2 1 1
1 3 3 4 1
1 3 1 1
2 3 1
1 2 1
4 1
11
2 2
2 2
2 2
7
5
3
3 5
1 1 16
1 1 5
3 3 6
1 1 1 1
1 4 2 1 2
4 5 3
1 1 1
6