# solver=cpp-b64f6aebe
# cpu=AMD EPYC Processor (with IBPB)
# isolated_core=11
# strategy=basic
# n_solutions=1
# solve_time=0.00040
5 1 5 1 5 1 5 1
0
4 1 1 1 4 7 4
4 1 2 2 4 7 6
1 1 1 5 1 1 2 2 2
1 1 1 1 1 1 1 1 2 2 2
1 1 1 1 1 1 1 2 2 2
4 1 1 1 4 3 2
4 1 1 1 4 4 5
4 1 1 1 4 4 6
1 1 1 1 1 1 1 2 3 2 2
1 1 1 1 1 1 1 2 1 2 2 2
1 1 1 1 1 1 1 2 3 2 2
1 1 4 1 1 1 1 6 6
1 1 4 1 1 1 1 4 4
0
1 5 1 5 1 5 1 5
5 1 5 1 5 1 5 1
1 5 1 5 1 5 1 5
5 1 5 1 5 1 5 1 1
1 1
1 2 2 6 2 2 5 1
1 2 2 6 2 2 7 1
1 2 2 2 2 2 3 3 1
1 2 2 2 2 2 2 2 1
1 2 2 2 2 2 2 2 1
1 2 2 2 5 2 2 2 2 1
1 2 2 2 5 2 2 3 3 1
1 6 2 6 5 1
1 6 2 6 5 1
1 2 2 2 3 3 1
1 2 2 2 2 2 1
1 2 2 2 2 2 1
1 2 2 2 2 2 1
1 2 2 2 3 3 1
1 2 2 2 7 1
1 2 2 2 5 1
1 1
1 1 5 1 5 1 5 1 5
5 1 5 1 5 1 5 1
---
1 13 1 21
1 2 3 1 1 1
1 2 3 4 9 2
1 13 1 1 9 1
1 1 1 2 1
13 1 1 2 1
2 1 1 16 1
1 2 4 16 2
2 1 1 1
1 1 1
1 13 1 1 2 1
1 2 1 1 2 1
1 2 4 2 2
1 2 1 1 2 1
1 13 1 1 16 1
1 1 16 1
13 1 1 1
1 2 3 4 2 2
2 3 1 1 2 1
13 1 1 2 1
1 1 1 2 1
1 1 1 2 1
1 2 2 4 2
1 2 2 1 1 9 1
1 1 1 9 1
6 3 1 1 2 1
7 3 1 1 2 1
1 2 3 2 4 16 2
2 2 2 1 1 16 1
2 3 3 1 1 1
1 3 5 1 1 1
1 3 3 1 1 6 6 1
1 4 16 2
1 11 1 1 3 4 3 1
1 13 1 1 2 2 2 1
2 2 2 1 1 3 4 3 1
2 2 2 1 1 16 1
1 2 7 4 6 6 2
1 5 1 1 1
1 21