# solver=cpp-d85c7576
# cpu=AMD EPYC Processor (with IBPB)
# isolated_core=11
# strategy=contra
# n_solutions=1
# solve_time=0.00040
2 1 1 2
2 1 1 3
2 1 1 2 1
3 1 1 1 1
3 1 1 1 1
2 1 1 1 1
1 1 1 1 1
1 1 1 1
1 1 1 2
1 1 3
1 1 2
1 1
1 1 1
2 1 1
3 1 1
4 1 1
1 2 1 1
2 1 3
2 1 1 3
2 1 2 3
2 1 2 4
2 1 3 4
2 1 3 5
2 1 3 5
2 1 3 6
2 1 3 7
3 1 3 8
3 1 3 8
2 1 1
1 1 3 8
1 12
1 12
1 12
1 12
1 12
1 1 1 1 1 1 1
1 1 1 1 1 1 1 1
2 1 1
3 1 12
4 1 2
4 1 2
1 2 1 2
2 1 6
2 1 2
2 1 2 1
3 1 2 2
3 1 2 2
3 1 2 1
3 1 2 1
2 3
2 2 1
2 2 2
17
3 2
2 2
2 2 1
2 2 2
1 2 3
2 4
2 5
---
3 2 3 3 2
3 2 3 3 4 2
5 15 19
4 15 19
2
2
53
2 1
7 10 2 1
9 6 1 2 1
10 8 1 2 1 1
18 1 5 1 2 1 2
11 8 1 2 1 2
11 6 1 2 1 2
9 10 6 1 2 1 2
2 2 8 8 1 2 1 2 1
2 2 6 6 1 3 3 2
9 4 8 3 1 2 3
3 6 2 1 2 2 4
2 8 1 1 5 2 5