# solver=cpp-eb7e8a1
# cpu=AMD EPYC Processor (with IBPB)
# strategy=contra
# n_solutions=1
# solve_time=0.00050
# solver=cpp-041dbf2
# cpu=AMD EPYC Processor (with IBPB)
# strategy=contra
# n_solutions=1
# solve_time=0.00080
1 1 1 1 1 1 1
1 1 1 1 1 1 1
1 1 1 1 1 1 1
1 1 1 1 1 1 1
6 6 6 6
7 7 7 6
1 1 1 1 1 1 1
1 1 1 1 1 1 1
1 1 1 1 1 1 1
11 1 11 1
1 12 1 11
1 1 1 1 1 1 1
1 1 1 1 1 1 1
1 1 1 1 1 1 1
6 7 6 7
6 7 6 6
1 1 1 1 1 1 1
1 1 1 1 1 1 1
1 1 1 1 1 1 1
21 1 1 1
1 1 1 21
1 1 1 1 1 1 1
1 1 1 1 1 1 1
1 1 1 1 1 1 1
6 6 7 6
7 6 7 6
1 1 1 1 1 1 1
1 1 1 1 1 1 1
1 1 1 1 1 1 1
11 1 12 1
1 11 1 11
1 1 1 1 1 1 1
1 1 1 1 1 1 1
1 1 1 1 1 1 1
6 7 7 7
6 6 6 6
1 1 1 1 1 1 1
1 1 1 1 1 1 1
1 1 1 1 1 1 1
1 1 1 1 1 1 1
---
1 1 1 1 1 1 1
1 1 1 1 1 1 1
1 1 1 1 1 1 1
1 1 1 1 1 1 1
6 6 6 6
6 7 7 7
1 1 1 1 1 1 1
1 1 1 1 1 1 1
1 1 1 1 1 1 1
1 11 1 11
11 1 12 1
1 1 1 1 1 1 1
1 1 1 1 1 1 1
1 1 1 1 1 1 1
7 6 7 6
6 6 7 6
1 1 1 1 1 1 1
1 1 1 1 1 1 1
1 1 1 1 1 1 1
1 1 1 21
21 1 1 1
1 1 1 1 1 1 1
1 1 1 1 1 1 1
1 1 1 1 1 1 1
6 7 6 6
6 7 6 7
1 1 1 1 1 1 1
1 1 1 1 1 1 1
1 1 1 1 1 1 1
1 12 1 11
11 1 11 1
1 1 1 1 1 1 1
1 1 1 1 1 1 1
1 1 1 1 1 1 1
7 7 7 6
6 6 6 6
1 1 1 1 1 1 1
1 1 1 1 1 1 1
1 1 1 1 1 1 1
1 1 1 1 1 1 1