# solver=cpp-d85c7576
# cpu=AMD EPYC Processor (with IBPB)
# isolated_core=11
# strategy=basic
# n_solutions=1
# solve_time=0.00030
1
1
10 3
1 1
10 3 3
1 1 2 1
1 1 1 2 3 3
1 1 1 1 1 6 1 1
1 1 1 1 2 3 7
3 1 1 1 1 1
2 7 1 3 1
1 2 2 2 1
1 2 4
10 9
1 12
1 3 1 3
1 2 1 2 2
1 1 1 1 1
1 1 1 2 1
1 1 4 1
1 1 1
1 1 1
8 1 4 1
1 1 1 1 1
3 1 1 2 1
1 1 1 1 1 1
7 1 4 10
1 1 4 14
3 13
11
---
1 1 1 1 1 1
1 1 1 1 1 1 1
1 1 1 1 1 1
1 1 1 1 1
1 1 1 1 1
1 1 1 1 1 1
1 1 1 1 1 1 5
1 1 1 12 1
3 1 5
3 10
2 12
3 2 3
1 2 4
3 7 8
3 5 1 1 2
1 5 1 2 1 1 1 2
1 3 1 7 8
3 3 2 4
1 3 1 2 4
5 4
5 4
3 4
2 2 4
4 3 3
1 1 13
1 3 3 1
3 3 1 1
1 3 3 1
1 1
4 1