# solver=cpp-1562f45ac
# cpu=AMD EPYC Processor (with IBPB)
# isolated_core=11
# strategy=basic
# n_solutions=1
# solve_time=0.00040
2 1 1
3 1 1 25
3 1 1 1 1
2 1 1 1 1 3 1 1
1 1 1 1 1 1 1 1 1 2 1
2 1 1 1 1 1 1 3 1 1
3 1 1 1 1 1 1 1 1 1
3 1 1 1 1 3 3 1
3 1 1 1 1 2 2
3 1 1 1 1 1
5 1 1 1
1 1 1 3
7 1 2 2 1 2 2
1 1 1 6
1 1 1 2 1
1 1 6
3 3 2 1 6
1 1 1 2 1 1 5
1 3 2 1 3 3
1 1 1 2 2 1 3
1 3 1 1 1 1
1 1 1
1 3 3 3 1 1
2 1 3 3 3 1 1
2 1 1 1 1 1 1
2 25
2 25
4 1 1
1 15 11
4 3 3
1 3 1
1 1 3 1 4
1 1 1 1 6
4 1 27
1 1 1
---
11 1 2 1 1 1 1
4 6 1 1 5 1 1
2 5 1 5 5 1 1
1 1 8
11 1 3 1
1 1 1 1
13 1 3 5
3
7
2 1
28 1
1 3 2 1 1
1 5 2 2 1 1
1 5 1 1
1 5 2 2 1 1
1 1 1 2 1 1
1 5 2 2 1 1
1 5 1 1
1 5 2 2 1 1
1 1 1 1 1 2 1 1
1 3 1 1 2 2 1 1
1 1 1 5 1 1
1 1 1 2 2 2 1
1 1 1 2 5
1 2 2 1
1 2 1 1
28 1
1 2 1 2
1 3 2 1 3
1 1 4 1 2 1 3
1 1 2 5 2 1 3
1 1 1 7 1 2 1 3
1 1 1 1 14 1 2
1 1 1 3 4 2 1 1
1 1 4 2 2 1 1