# solver=cpp-86fd3e96b
# cpu=AMD EPYC Processor (with IBPB)
# isolated_core=11
# strategy=basic
# n_solutions=1
# solve_time=0.00020
8
1 2
1 2
1 1
29
1 1
1 2
1 2
3 3 3 8
26
1 1 3
1 1 1 1 5 1 4
1 1 4
1 5 5 5 1 2
1 1 1 1 1 1 1 1 1 1 1 2
1 1 1 1 1 1 1 1 1 1 1 2
1 1 1 1 1 1 1 1 1 1 1 2
26 2
8
8
---
9
1 1
2 1 5
2 1 1
2 1 5
7 1 1 1
1 1 1 5
1 1 1
1 1 1
1 1 1
1 1 1
1 1 5
1 2 1 1
1 2 5
1 2 1 1
1 1 5
1 1 1
1 1 1
1 1 1
1 1 1 5
1 1 1 1 1
1 2 1 5
1 2 1 1 1
1 2 1 5
5 1 1
2 1 2 9
2 1 2
1 1 1 2
1 1 1 2 2
1 1 1 3 2
1 1 1 10
1 1 1 10
1 1 1 2
1 1 1 2
2