# solver=cpp-6b570c1b3
# cpu=AMD EPYC Processor (with IBPB)
# isolated_core=11
# strategy=basic
# n_solutions=1
# solve_time=0.00030
8
8 2 2 6
1 1 2 2 1 2 3
1 1 1 1 2 3 1 1 4
1 1 2 4 1 1 3
1 1 2 3 1 1 2
1 1 1 1 7 1 7
1 1 3 9 3
8 2 3
2 1
26
2
21 5
1 1 1 1 1 2
1 1 1 1 1 1
1 1 1 1 1 2
1 1 1 1 4
21 1
2 1
2 1
---
8
1 1 6
1 1 1 1 1 1
1 1 6
1 1 1 1
1 1 1 1 1 1
1 1 1 1
8 1 1
1 1
11 3
11 3
2 1 1 1
4 1 1 1
5 1 1 1
7 1 1 1
2 1 2 1 1 1
1 1 1 1 1
1 2 3 1 1 1
1 1 1 1 1
1 1 1 6
1 1 1 1 1
1 3 1 1 6
2 2 1
2 2 1
5 1 1
1 1 1 8
1 1 1 1 1
2 1 1 1 1
1 2 1 2 2
2 1 1 3
1 2 1
1 1 1
1 1 3
1 1 1
1 1 1