# solver=cpp-a0f9b8019
# cpu=AMD EPYC Processor (with IBPB)
# isolated_core=11
# strategy=basic
# n_solutions=1
# solve_time=0.00030
11
5 6 2
4 4 2
6 5 6 1
3 5 2 2 2 3
2 3 3 2 4 1 4 7
3 1 1 2 1 1 1 4 1
3 3 4 1 1
3 4 4 1 1 1 1
4 1 4 1 1 1 1
5 4 1 1
2 7 1 1
9 14
2 1 2
2 1 3
19
21
21
4 11 4
3 3
---
7 2
12
5 6
4 1 3
2 1 2 2 3
1 3 1 4
1 1 2 1 4
2 1 1 1 5
2 2 1 1 3 1
2 4 1 1 6
4 1 2 6
4 3 2 4
10 1 4
9 1 4
3 1 4
7
5 1 4
1 1 1 4
1 1 1 4
5 8
5 1
9 6
2 1 4
1 2 1 4
1 2 1 3
1 2 1
1 2 1
2 1
2 1
1 1
1 1
2 1
4 1
2 2 1
1 8