# solver=cpp-86fd3e96b
# cpu=AMD EPYC Processor (with IBPB)
# isolated_core=11
# strategy=basic
# n_solutions=1
# solve_time=0.00030
11 5
10 4 2
9 4 3
9 4 2
9 2 1
9 2 3
9 2 2
12 5 2 2
10 9 1 1
13 3 3 1 1
14 2 1
3 10 3 2
3 1 4 4 4
2 2 8 1
2 10
2 8
2 7
7
6
6
5
5
4
4
3 1
3 3
7
3 1
4 1 2
4 3
8 1
6 1
4 2
6 3
21 5
4 7
3 8
2 10
3 12
20
---
15 1
16 1
13 2 1
11 1 1
14 1
12 2 1
13 1 1
16 1
18 1
2 13 1
1 1 3 9 1
1 15 1
16 1
17 1
18 1
7 1
7 1
1 7
1 2 7
2 4 9
3 2 2 7
2 2 1 1 1 2
3 1 2 1 1
3 1 1 1
3 2 1
2 1 1
1 1
1 1
2
2
3
1 3
4 4
8 5
10 5
4 6
2 1 6
2 3 1 7
3 2 2 8
4 5 10