# solver=cpp-eb7e8a1
# cpu=AMD EPYC Processor (with IBPB)
# strategy=basic
# n_solutions=1
# solve_time=0.00050
# solver=cpp-041dbf2
# cpu=AMD EPYC Processor (with IBPB)
# strategy=basic
# n_solutions=1
# solve_time=0.00070
10
14
5 4
4 7 4
4 9 4
3 1 9 3
3 2 11 1 3
3 3 11 2 3
3 3 11 2 3
3 4 11 3 2
3 5 11 4 2
3 6 9 5 2
3 7 7 6 2
3 8 8 2
2 9 10 2
3 11 11 2
3 13 12 3
2 1 15 6 1 2
2 2 5 1 4 2 2
2 3 3 3 3 2
2 5 13 5 2
2 13 3 12 2
2 12 1 11 2
3 10 2 2 9 3
3 7 9 7 3
2 5 3 1 1 3 5 2
3 5 5 3
2 7 6 2
3 8 1 1 8 3
3 12 12 2
3 3
3 20 3
3 4 2 3 2 3 3
3 1 1 1 1 3
3 14 3
4 10 4
4 6 4
5 5
15
11
---
10
15
7 6
5 5
4 6 4
3 6 4
3 3 6 3
3 6 6 3
3 8 6 1 3
2 9 5 1 2
2 11 5 2 1 2
3 12 5 2 2 3
2 13 4 3 2 3
3 3 7 3 3 2 1 3
2 5 4 4 2 1 3
3 5 3 3 5 1 3 3
2 8 3 3 6 2 2 2
2 10 2 2 6 2 3 2
2 10 2 2 2 2 1 1 4 2
2 10 2 2 3 2 2 3 2
2 10 2 3 1 2 3 2
2 10 2 2 3 2 2 3 2
2 10 2 2 2 2 1 1 4 2
2 10 2 2 6 2 2 2
2 8 3 3 6 2 2 3
2 5 3 3 5 1 2 2
3 5 4 4 2 1 3
2 2 7 4 3 2 2
3 12 5 2 2 3
2 11 5 2 1 2
2 10 5 2 2
3 8 6 1 3
3 6 6 1 3
3 3 6 3
3 6 3
4 6 4
4 5
5 6
13
9