# solver=cpp-1e16a40
# cpu=AMD EPYC Processor (with IBPB)
# isolated_core=11
# strategy=basic
# n_solutions=1
# solve_time=0.00040
0
5 4 4 5
5 4 4 5
2 2 2 2 2 2
5 4 2 2 2
5 4 2 2 2
2 2 2 2 2
2 2 4 2 5
2 2 4 2 5
0
0
24
4 2 2 6
5 5 5 2 7
6 5 5 2 8
6 1 2 3 2 8
5 2 2 5 2 7
4 2 2 6
24
0
0
5 3 4 5
5 3 4 5
2 2 2 2 2
5 2 2 5
5 2 2 5
2 2 2 2 2
2 2 2 2 5
2 2 4 2 5
0
---
2
4
5 6 5
5 8 5
2 2 8 2 2
8 8 8
8 1 1 8
1 4 1
1 2 1 1
2 1 2 1 2
2 8 2
8
5 2 1 1 2 1
5 2 1 2 1 1 8
2 5 1 2 1 1 8
2 5 1 4 1 1
8
8 2
2 1 1 2
2 1 4 1 8
8 1 4 1 8
8 1 1
8
8
8 8 8
8 8 8
2 2 8 2 2 2
8 6 2 5
8 4 2 5
2