# solver=cpp-6dc88e3e
# cpu=AMD EPYC Processor (with IBPB)
# isolated_core=11
# strategy=basic
# n_solutions=1
# solve_time=0.00040
12
14
16
17
14
12
11
10
10
7
4
2
1 2
1 3
5
4
2 1
1 2 2
1 3 2 1
3 2 5 2 1
4 8 2 1 1
6 1 7 4 1
2 1 1 2 1 2 2
1 2 2
1 4
1 4
1 1 4
1 1 1 5
2 2 3 5
1 4 6
5 6 7
3 11
2 7 8
2 7
2 5 6
2 2 6
3 7
11
9
7
---
12 4 3
11 4 3
11 3 3
11 3 5
10 1 1 2 3
10 1 3 1 2
10 3 6 1 1 1 2
9 3 2 1 1 3
9 1 3 1 2 3
9 3 1 1 1 2 3
7 3 2 1 1 1 3
6 3 3 4
5 4 2 4
5 3 1 5
3 4 9
2 2 1 8
1 1 8
8
2 9
21
21
4 1 9
3 2 8
2 2
6