# solver=cpp-6b570c1b3
# cpu=AMD EPYC Processor (with IBPB)
# isolated_core=11
# strategy=basic
# n_solutions=1
# solve_time=0.00030
18
2 2
1 14 1
1 2 2 1
1 1 9 1 1
1 1 1 1 1 1 1 1 1 1
1 1 5 1 1 2 1 1
1 1 1 1 1 1 1 1
1 1 1 1 1 2 1 1
1 1 4 1 1 1 1 1 1
1 1 1 6 1 1
1 1 2 1 1
1 1 4 2 1 1 1 1
1 1 2 2 1 1 1
1 1 4 2 4 1 1
1 1 1 2 1 1
1 1 2 2 4 1 1
1 1 1 2 1 1 1
1 1 4 2 1 1 1
1 1 2 4 1 1
1 1 2 2 1 1
1 1 1 1 2 4 1 1
1 1 4 2 1 1 1 1
1 1 2 4 1 1
1 1 4 2 1 1
1 1 1 1 5 1 1
1 1 4 2 1 1 1 1
1 1 1 1 2 1 1
1 1 5 1 1 1 1 1
1 1 1 1 1 1 2 1 1
1 1 9 1 1
1 2 2 1
1 14 1
2 2
18
---
33
2 2
1 29 1
1 2 2 1
1 1 1 3 1 1 1 2 3 1 1 1
1 1 2 1 1 2 2 1 1 1 1 2 1 1
1 1 1 1 1 1 1 1 1 1 1 3 1 1 1 1
1 1 3 1 1 1 1 1 2 1 1 3 1 1
1 1 1 1 1 1 1 1
1 1 2 1 19 2 1 1
1 1 1 1 1 17 1 1 1 1
1 1 2 1 2 1 1 2 1 1
1 1 1 1 1 1 3 1 1 3 2 1 1 1 1
1 1 2 1 2 2 1 2 1 1 1 1 2 1 1
1 1 1 1 1 1 1 2 1 1 1 5 1 1
1 1 5 3 1 1 3 1 1
1 2 2 1
1 29 1
2 2
33