# solver=cpp-6dc88e3e
# cpu=AMD EPYC Processor (with IBPB)
# isolated_core=11
# strategy=basic
# n_solutions=1
# solve_time=0.00030
35
1 21 6 4
5 5 9 5 7
15 2 7 6 1
3 4 20 5
5 7 11 5 3
20 14
8 2 14 8
2 2 9 17 1
10 8 2 8 3
13 14 6
9 7 13 3
1 5 5 7 2 10
4 10 11 7
12 17 2 1
1 7 8 3 10 1
10 8 3 3 5 1
4 3 6 3 9 1
2 3 2 5 2 3 1 3 2 1
3 6 4 1 1 3 4 2 1 1
4 4 3 2 1 3 6 3
6 3 3 1 2 3 5 3
1 5 2 3 4 3 4 2 2
3 3 2 1 1 2 1 1 1 1 1 3 3
4 4 3 3 3 3 3
---
18 6
1 10 2 6 2
8 16
4 13 3 1
13 3 2 3
2 2 2 8 2 3
17 3 2
12 5 3 1
4 2 17
11 3 9
9 6 1
2 4 9 6
14 2 5 1
5 4 1 12
20 1
3 4 4 5 4
18 2 2
11 7 2 1
3 11 9
9 6 1
6 17
2 9 10 1
9 5 9
1 14 1
12 11
5 12 4 1
3 3 17
2 10 2 6 1
10 8 2 1
4 13 2 2
1 12 3 1 2
5 3 1 7 2 1
25
3 4 5 5
20 1