# solver=cpp-b64f6aebe
# cpu=AMD EPYC Processor (with IBPB)
# isolated_core=11
# strategy=basic
# n_solutions=1
# solve_time=0.00030
0
1
3
1 1
3 1
5 3
7 1
9
2 4 3
6 1 2 1 6
6 4 6
16 1
6 6 3
2 6 3 1
2 2 3
1 2 5
3 4 7
1 13
14
7 6
6 4
4 2
2
0
2
4 2
4 2 4 4
4 4 4 4
6 6 6 4
2 4 6 4
4 2 2 2
6 6 6 4
25
25
25
---
1 1 4
1 3 4 5
2 1 11
3 11
1 4 4 5
3 5 4 1 4
1 7 7 3
2 3 8 1 4
2 1 3 7 3 4
4 4 5 9
8 2 4 9
9 2 3 3 4
5 4 3 1 4
3 1 3 4 3
3 3 6 2 4
13 4 4
13 9
1 5 6 9
3 3 6 4 4
1 2 4 2 4
1 3
1 4 4
3 10
1 10
4 4