# solver=cpp-b64f6aebe
# cpu=AMD EPYC Processor (with IBPB)
# isolated_core=11
# strategy=basic
# n_solutions=1
# solve_time=0.00040
30
33
35
36
38
38
4 32
2 31
2 5 23
1 3 21
1 2 10 8
8 7
7 3 7
4 2 6
4 2 6
6 3 6
2 3 2 6
1 5 2 2 1 6
1 7 2 1 7
2 5 2 8
2 2 1 1 9
3 4 2 12
3 2 4 13
4 1 3 13
5 13
7 10
7 9
7 9
7 6
7 5
7 5
7 1 2
7 1 2
8 3 1 2
12 3 2
11 2 2
1 9 2 3
11 3
1 11 3
16
---
5 20 1
5 17
5 18
6 17
5 16
6 15
6 3 15
6 4 7
7 4 6
8 3 3 6
10 3 2 7
10 3 2 2 3
11 2 2 3 4
9 1 2 1 2 1
9 1 1 2 1
8 2 1
8 1 1
9 1
9 2
11 1
12 2
13 1 1
13 3 2
17 1
16 1 2
20 1 2
19 2 1 2
13 2 9 2
11 13
10 1 11
10 2 4 10
10 5 10
11 2 10
13 10
27
25
24
22
21
19