# solver=cpp-1e16a40
# cpu=AMD EPYC Processor (with IBPB)
# isolated_core=11
# strategy=basic
# n_solutions=1
# solve_time=0.00050
12 12 13
9 12 1 13
1 7 13 1 13
2 5 13 1 1 11
3 3 14 1 1 11
4 2 15 1 1 10
5 1 15 1 1 10
6 12 1 1 9
7 11 1 1 9
8 1 9 1 1 8
8 9 1 1 8
8 9 1 1 7
9 9 1 1 7
8 11 1 1 6
7 10 1 1 6
7 9 1 1 5
6 8 1 1 5
6 7 1 1 4
6 5 1 1 4
6 4 1 1 3
5 3 1 1 3
5 1 2 1 1 2
4 1 2 1 1 2
4 1 5 1 1 1
3 7 1 1 1
3 7 1 1
3 5 1 1
3 5 1 13
3 4 1 13
3 30
1 5
5
3 1
3 2
1 4 4 3
---
29 1
27
26
1 19
2 16 1
3 13 1
4 8 1
5 5 1
6 1
7
4
3
2 1 1
1 2
1 3 1 3
5 3 8
7 5 8
17 11
18 10
20 5 6
26 1 3
24 1 2
21 1 1
18 1
15 1
12 1
9 1
6 1
3 1
1 1
30
1
30
3 3
5 3
7 3
9 3
11 3
13 3
15 3
17 3
19 3
21 3 1
23 3 2
25 3 3