# solver=cpp-86fd3e96b
# cpu=AMD EPYC Processor (with IBPB)
# isolated_core=11
# strategy=basic
# n_solutions=1
# solve_time=0.00040
7 20
4 17
2 14
1 13
12
12
11
1 11
2 5 10
3 5 9
3 3 9
3 3 9
3 1 9
3 3 9
3 3 9
2 1 3 1 8
1 8 1 4 1 6
1 2 12 1 5
1 2 12 3 4
1 1 5 1 2 2 4
2 3 2 1 1 2 3
1 1 1 2 1 3 3
1 1 1 2 1 3 3
1 4 1 1 2 2
4 1 2 2
3 2 2 3 1
3 2 3 3 1
7 1 6 1
3 2 3
3 2 1 2 1
4 2 5 1 2
4 2 2 12
4 3 6 6
4 5 7 5
5 4 8 4
14 3 10 2
7 6 5 12 1
5 8 6 14
4 9 7 14
3 10 7 14
---
4 33
3 8 1 16
2 6 4 16
2 1 3 1 1 9
1 1 1 1 4 1
1 1 4 1 1 2 2
1 1 5 1 1 1 5
2 5 2 1 3
1 5 2 5
1 4 5
1 2 5
2 2 5
1 2 5
2 2 6
1 2 1
3 2 1
8 2 2
2 4 1 4
1 1 1 1 5
1 1 1 5
1 1 4 2 5
1 2 1 1 4
1 1 2 3 2 3
2 1 1 2 1 2
2 2 2 2
2 11 2
3 2 4
4 1 8
6 14
8 4 10
9 3 20
15 6 11
16 2 10
16 1 7
17 3 6
18 3 5
20 10
23 5 4
25 5 3
28 1 7