# solver=cpp-1e16a40
# cpu=AMD EPYC Processor (with IBPB)
# strategy=basic
# n_solutions=1
# solve_time=0.00060
# solver=cpp-eb7e8a1
# cpu=AMD EPYC Processor (with IBPB)
# strategy=basic
# n_solutions=1
# solve_time=0.00050
# solver=cpp-041dbf2
# cpu=AMD EPYC Processor (with IBPB)
# strategy=basic
# n_solutions=1
# solve_time=0.00050
7 7 7
1 2 2 2 2 2 2 2
4 5 6 5 6 5 3
1 1 1 1 1 1 1 3 1
5 5 5
3 1 1 1 1 1 1 1
7 9 9
5 1 1 1 3 3 1 1 1 1 2
1 1 1 1 1 5 5 5 1 1 1 1
1 1 1 1 1 2 2 1 1 1 2
1 1 35
5 2
35
5 2 1 2 2 1 2 2
1 1 1 1 1 1
5 5
3 5 3
1 3 3 1
1 3 3 1
11 3 5 3 10
1 1 3 3 1 1
3 5 1 5 1 1 5 1 5 2
1 1 1 1 1 1 1 7 1 1 1 1 1 1
3 5 1 2 3 3 3 2 1 5 2
1 1 1 3 1 4 3 4 1 1 1 1 1
3 5 1 2 1 3 1 2 1 5 2
1 1 1 1 1 1 1 3 3 3 1 1 3 1 1
3 5 1 1 4 3 4 1 1 5 2
1 1 1 1 1 1 1 4 3 4 1 1 1 1 1 1
3 5 1 1 4 3 4 1 1 5 2
1 1 3 1 1
11 1 4 3 4 1 10
1 1 3 1 1
1 1 1 4 3 4 1 1
3 1 3 1 3
9 1 17 1 8
1 1 1 1 1 1 1 1 1 1 1 1 1 1 1
1 1 1 1 1 1 1 1 1 1 1 1 1
1 1 1 1 25 1 1 1
9 1 1 8
---
2 5 1 1 9 1 1 5
1 1 1 1 1 1 1 1 1 1 1 1 1
1 5 1 1 9 1 5
2 1 1 1 1 1 1 1
2 8 1 9 1 5
1 5 1 1 1 1 1 1 1 1 1 1 1
1 1 7 1 1 9 1 5
1 5 1 2 1 1 3 1 1 1 1 1
1 1 1 5 4 1 9 1 6
1 5 1 1 2 1 1 1 1
2 5 27
2 3 1 2 2
1 1 1 4 20
1 1 1 2 1 1 3 1 1
1 2 1 1 2 1 1 3 1 1 1 1
1 1 1 1 1 1 2 4 1 1 1 1
2 2 1 1 2 2 1 4 1 1 1 1
2 1 1 1 1 1 2 5 1 1 1 1
1 5 1 1 1 2 2 1 1 1
1 1 1 1 1 1 1 1 1 16 1
1 5 1 1 1 1 1 14 1
1 1 1 1 1 1 1 1 1 16 1
1 5 1 1 1 2 2 1 1 1
2 1 1 1 1 1 2 5 1 1 1 1
2 2 1 1 2 2 1 4 1 1 1 1
1 1 1 1 1 1 2 4 1 1 1 1
2 2 1 1 2 1 1 3 1 1 1 1
2 1 1 2 1 1 3 1 1
1 1 1 4 20
2 3 1 2 2
2 5 27
1 5 1 1 2 1 1 1 1
1 1 1 5 4 1 9 1 6
1 5 1 2 1 1 1 3 1 1 1 1
1 3 5 1 1 9 1 5
1 5 1 1 1 1 1 1 1 1 1 1 1
2 5 1 1 9 1 5
2 1 1 1 1 1 1 1
1 8 1 9 1 5
2 1 1 1 1 1 1 1 1 1 1 1 1 1