# solver=cpp-1562f45ac
# cpu=AMD EPYC Processor (with IBPB)
# isolated_core=11
# strategy=basic
# n_solutions=1
# solve_time=0.00050
4
2 2
1 1
1 1 2
4 3 1 4
1 1 1 5
2 1 3 1 5
1 1 1 5 1
1 1 1 5
2 2 1 5 1
1 1 1 5
1 3 1 5
1 1 5
2 2 5
6 5 5
1 1 12
5 5 12 1
2 4 13 2
1 14 4
15 5
16 4 2
2 17 6
22 1
5 17 2 1
6 2 15 4 2
4 2 17 5
6 7 9 2
17 3 2 1
16 2 5
14 3 1 1 1
13 4 1 1 1
13 4 1 1 1
14 4 1 1 1
19 1 1 1
18 1 1 1
16 1 1 1
14 1 1 1
12 1 1 1
10 2 2
6 3
---
8
10
12
2 14
2 15
4 1 16
5 5 1 2 14
1 1 2 1 4 13
2 1 1 4 5 13
1 1 1 1 1 1 3 14
1 1 1 1 1 1 16
2 6 1 4 1 16
1 1 1 2 1 3 14
12 1 10 7
1 11 2 5
13 7
9 1 7
11 6
15 2
15
14
13
13
14
13
12
12
12
5 5
5
5
5
1 5 1
5 3 2
1 5 5 2 11
5 6 2 1 2
5 20 1
4 1 1 2 1 2
4 2 2 11
3 1 2 2