# solver=cpp-400bd85f2
# cpu=AMD EPYC Processor (with IBPB)
# isolated_core=11
# strategy=basic
# n_solutions=1
# solve_time=0.00040
4 4
4 4
4 4
20 8
20 7
4 4
4 4
4 4
8 15
7 15
4 4
4 4
4 4
9 8
8 7
4 4
4 4
4 4
5 5 8 5 5
1 1 1 6 1 1 1 1
1 1 1 4 1 1
5 2 1 6 1 2 2 1
1 1 1 8 1 1 1
1 1 1 4 4 1 1 1 1
1 1 1 4 4 5 5
4 4
6 9
7 10
4 5
4 4
4 4
15 6
15 7
4 4
4 4
4 4
12 14
13 14
4 4
4 4
---
7
1 1
1 1
1 1
7
5 3
7 5
9 1 7
11 1 1 9
10 1 9
2 7 7 8 2
2 7 1 7 2
2 2 5 1 8 2
2 2 4 5 2 2
2 2 5 5 2 2
2 6 6 2 2
2 2 2 4 4 2 2 2
2 2 2 7 2 2
2 2 2 5 2 2
2 2 5 2 2 2
2 2 2 7 2 2 2
2 2 2 4 4 2 2 2
2 2 6 6 2 2
2 2 5 5 2
2 2 4 5 2 2
2 4 5 2 2
2 7 7 7 2
2 6 1 1 7 2
2 7 1 1 10
9 1 1 1 10
10 2 4 8
8 6
6 1 4
4 1
0
7
1 1
1 1
1 1
2 2