# solver=cpp-1e16a40
# cpu=AMD EPYC Processor (with IBPB)
# isolated_core=11
# strategy=basic
# n_solutions=1
# solve_time=0.00060
15
19
7 13
7 16
7 19
22 4
18 4 3
15 6 4
14 13
3 6 2 15
2 2 1 2 10
1 8
1 7
1 9
1 9
1 8
1 6
1 6 3 3
2 4 2 3 1 2
5 8 3 2 2
7 4 4 2 2
1 12 1 1 2
1 1 3 1 2 1 1
1 1 1 2 2 1 3
3 2 5 2 1
6 4 2
2 1 3 2
2 4 2 2
1 3 2 2
1 1 2
1 2 3
1 8 1 3
2 1 2 5
1 4 2 6
1 2 8
1 3 9
2 3 11
2 2 13
4 3 14
15 15
---
4 5
17 2
8 9
7 3 3 1
8 4 1 6 2
10 4 2 8
10 7 4
10 1 2 1 2
4 6 1 2 1 1 1
3 6 5 2 1 1 1
2 5 1 3 2 1 1 1 1
2 8 4 1 1 1 1
2 7 4 1 1 1
9 3 1 1 1 1
8 3 2 2 1
7 1 1 2 1
7 1 1 4 2
7 2 1 1 2
6 2 2 1 2
6 3 3 2
10 1 1
11 2 2
10 2 1 1
4 6 3 2 2
3 9 1 2
4 11 2 1
14 2 1 1 3 2
13 4 6 3
13 5 4
20 5
13 1 6
3 7
3 8
14
12
10
8
6
4
3