# solver=cpp-6b570c1b3
# cpu=AMD EPYC Processor (with IBPB)
# isolated_core=11
# strategy=basic
# n_solutions=1
# solve_time=0.00040
1 3 8 1
1 1 1 1 1 1
1 1 2 1 1
1 1 1 4 1 1 1 1
5 1 1 5
3 1 1 3
1 2 1 1 1
1 1 1 1
1 5 3 1
3 3
1 1 1 1
40
1 3 3 3 1 3 3 1 3 3 1
1 3 3 3 1 3 3 1 3 3 1
1 3 3 3 1 3 3 1 3 3 1
1 3 3 3 1 3 3 1 3 3 1
1 3 3 3 1 3 3 1 3 3 1
1 3 3 3 1 3 3 1 3 3 1
1 3 3 3 1 3 3 1 3 3 1
1 3 3 3 1 3 3 1 3 3 1
1 3 3 3 1 3 3 1 3 3 1
1 3 3 3 1 3 3 1 3 3 1
1 1 1 1 1 1 1 1 1 1
1 1 1 1 1 1 1 1 1 1
1 1 1 1 1 1 1 1 1 1
1 1 1 1 1 1 1 1 1 1
1 1 1 1 1 1 1 1 1 1
1 1 1 1 1 1 1 1 1 1
3 3 3 3 3 3 3 3 3 3
1 1 1 1
1 5 5 5
1 1 1 1 1 1
1 1 1
1 3 1 1 3
3 1 1 3 3 3 1 1
1 1 3 5 5 1 1 3
3 1 1 1 1 1 1 3 1
1 1 1 1 1
1 1 1 1 1 1
5 1 1 1
---
17
1 1 3
1 1 1 1 2
11 1 6 1
17 1
2 11 1 3 1
2 3 1 1 1 3
7 2 11 1 6
2 19
2 11 1
1 1
11 1
3 17
4 1 1 11 1
1 1 1 1 3 2
2 1 1 1 1 1 2
6 17 2 7
1 1 1 2
1 3 2
3 11 1
1 1 17
1 11 1
1 1 1
9 11 1
1 1 17
1 2 11 1
1 1 3 2
1 1 1 2
17 2 7
2 1 1 1 2
2 3 3 2
7 2 11 1
2 19
2 11 1 6
1 1 3 1 1
11 1 1 3
17 1
11 1 1 6
1 1 2 1 1
11 1 3