# solver=cpp-86fd3e96b
# cpu=AMD EPYC Processor (with IBPB)
# isolated_core=11
# strategy=basic
# n_solutions=1
# solve_time=0.00030
4 8
5 12
5 5 4
5 7 5
5 4 2 1 2 3
7 3 2 3 2
5 2 3 2
5 3 5 2
6 2 3 1 2
7 2 3 4
2 3 2 5 3
2 2 3 1 3
2 2 3 1 2
2 4 1 6 4
2 6 2 4 1 2
8 3 1 2
5 6 4
3 4 1 3
2 4 1 3
2 1 7 5
2 2 4 1 2
2 5 1 3
2 10 7
2 6 1 5
9 11
12 12
5 1 5 3
4 5
12
8
---
4 8
5 12
5 5 4
5 6 5
5 4 2 1 5
7 3 2 7
5 2 3 2
5 2 4 2
6 3 4 2
7 2 3 1 2
2 3 2 3 1 2
2 2 3 1 2
2 2 3 5
2 2 4 2
2 4 1 3 1 2
3 5 2 3 1 3
7 4 6
6 6 3
2 5 1 3
2 1 5 4 3
2 2 4 1 1 2
2 5 4 4
2 5 1 1 4
2 6 4 1 5
9 1 11
7 4 11
3 3 6 3
3 7
11
8