# solver=cpp-eb7e8a1
# cpu=AMD EPYC Processor (with IBPB)
# strategy=basic
# n_solutions=1
# solve_time=0.00050
# solver=cpp-041dbf2
# cpu=AMD EPYC Processor (with IBPB)
# strategy=basic
# n_solutions=1
# solve_time=0.00070
11
2 5
16
8 2 16
4 3 1 18
20 19
24 12
24 2 4
9 12 1
3 1 6 5
20 2 3 3
2 16 2 6 2
2 1 14 1 3 5 2 2
2 2 1 9 1 2 2 4 3 3
2 3 1 7 1 1 1 2 3 3 1 2 1
2 3 1 7 1 1 1 2 3 3 1 2 1
2 2 1 9 1 2 2 4 3 3
2 1 14 1 3 5 2 2
2 16 2 5 2
20 2 3 4
3 1 6 5
8 13 1
24 3 3
23 11
19 3 13
4 4 1 18
8 2 20
20
3 6
14
---
1 1
2 2 2
3 4 3
3 2 2 3
4 2 2 2 4
4 2 4 2 5
5 1 6 1 5
5 1 7
8 2 6
6 10 3 1
1 3 3 3 3 1
1 3 10 3 1
1 3 10 3 1
1 3 10 3 1
1 3 10 3 1
1 3 10 5
5 10 4
4 10 4
4 4 4 4
3 10 3
3 3 3 3
3 10 3
3 3 3 3
3 2 2 2 2
2 2 1 4 1 2 1
1 2 1 3 3 1 3
2 3 3 1
1 2 3 2
2 2 2 2
2 2 6 2 3
2 3 8 3 4
2 2 2 2 2 6
3 1 1 4 1 2 6
5 1 1 4 1 1 5 1
6 1 1 4 2 1 5 1
7 1 2 1 1 1 1 5 1
1 5 1 1 3 5 1
1 5 3 1 1 2 5 1
1 5 2 2 2 2 5 1
1 5 2 6 2 5 1
1 6 1 6 2 6 1
1 6 2 1 2 1 1 6 1
1 6 2 2 7 1
1 7 3 2 3 5 1
1 5 1 1 5
5 4 3
3 4 3
3 1 1 3
2 1 2 1 2
1 1 1 1