# solver=cpp-041dbf2
# cpu=AMD EPYC Processor (with IBPB)
# strategy=basic
# n_solutions=1
# solve_time=0.00060
26 6
25 5
24 4
3 1 13 4
2 1 11 3
3 10 1 3
1 9 1 2 3
9 2 2 2
8 2 2
9 1 1 1
12 1 2 1 1
1 2 2 1
1 2 1
2 3 3
1 1 1 1 5 1
4 2 3 1 3
4 1 1 7 1
4 2 2 1 2
4 4 5
4 5
5 5
5 2 5
5 4 1 5
5 6 1 5
5 9 1 6
5 12 6
4 2 10 7
4 1 10 8
4 1 10 10
4 1 10 1 8
4 1 11 2 8
4 1 10 1 8
4 13 1 8
5 13 2 7
6 12 1 7
7 12 9
23 9
24 9
25 10
27 9
---
7 26
6 25
4 1 26
3 25
3 6 7
3 6
4 5
3 1 4
3 1 4
3 1 8 4
4 1 2 8
5 2 1 1 8
11 16
11 17
11 19
11 19
11 18
11 18
11 17
14 16
8 3 16
6 3 15
4 2 3 4
3 1 3
2 1 2
1 3 2 1
7 1
3 2 1
2 4
1 1 4
2 3 3 2 1
2 2 1 1 1 5
3 4 6 5
5 2 14
1 5 16
2 22
4 22
7 22
9 23
11 24