# solver=cpp-1e16a40
# cpu=AMD EPYC Processor (with IBPB)
# isolated_core=11
# strategy=basic
# n_solutions=1
# solve_time=0.00040
10 9
13 11
15 12
17 12
17 12
18 13
18 13 3
12 2 22
11 1 20
11 1 3 1
11 1 2 2 4
11 3 1 1 1 1 3
11 1 1 1 1 1
10 4 1 1 1 3
10 2 2 5 1 1
8 1 2 1 2
8 2 2 3
5 1 1 2 1 1 1
4 2 2 2 1 2 1 2
3 1 2 1 2 1 1
1 1 4 2 2 4
1 11 5 1
1 3 10 2
1 1 13 1 7
1 1 4 5 1
5 10 4 1 1 1
2 3 11 3 2 1 2
2 4 13 4 2 1 1 1
2 2 9 7 1 4
1 1 8 7 1 1
---
10
14 2
16 2
18 2
20 2 2
26 2
20 1 1
17 1 1
19 3
15 1 1
13 2
8 1 1
7 6
7 1 2 3
6 1 2 1 5
7 1 1 1 9
12 1 9
4 2 2 11
1 3 3 5
2 4 5
3 5 5
3 6 5
9 2 5 4
9 4 5
9 6 8
9 1 1 4 7
9 1 1 2 7
9 1 1 3
9 2 2
9 9
9 1 2 4
9 1 3
9 2 1 1
6 2 1 3 1
5 10 1 5
4 1
3 2 1 2
3 3 1 1 1 1 1 1
2 1 1 1 5 1 5
1 1 2 1 1 1