# solver=cpp-1e16a40
# cpu=AMD EPYC Processor (with IBPB)
# strategy=basic
# n_solutions=1
# solve_time=0.00060
# solver=cpp-eb7e8a1
# cpu=AMD EPYC Processor (with IBPB)
# strategy=basic
# n_solutions=1
# solve_time=0.00050
# solver=cpp-041dbf2
# cpu=AMD EPYC Processor (with IBPB)
# strategy=basic
# n_solutions=1
# solve_time=0.00060
1 4 15 8
2 4 7 6 8
1 4 7 2 4 8
2 3 12 4 9
2 3 13 3 7
2 14 2 3 2
2 3 8 6 7
2 1 7 13 3 2 1
2 2 1 4 11 2 1 1 1 2
1 4 1 1 1 2 5 6 1 3
1 2 3 1 7 13 1
1 3 13 6 2
1 4 7 14
1 12 3 3 7
2 6 3 4 2 1
2 16 10 2
2 15 9 4
3 14 8 5
3 14 8 6
3 13 7 7
4 12 7 7
18 7 8
18 7 7
18 7 7
1 18 8 6
1 15 2 14
1 14 2 14
1 13 2 13
2 13 1 13 1
2 12 1 12 1
3 14 11 2
3 14 12 2
3 11 16 4
17 10 5
17 9 6
37
14 1 15
12 12
7 8
9 9
---
8
14 6
6 12 6
4 12 6
2 4 12 7
11 12 7
1 1 2 8 19
3 2 2 8 19
5 1 1 27
4 1 5 27
3 1 1 1 27
2 2 1 1 1 1 23 1
3 2 1 1 23 1
4 5 1 23
6 1 1 1 23
7 2 3 22
8 5 12 7
9 3 10 5 3
13 14 2 2
27 1 1
2 13 1 2
1 12 1 1
1 4 4 1 1
1 2 2 5
2 31
37
38
5 7 24
4 2 4 23 1
2 2 6 23 1
2 2 1 2 25
3 1 1 2 4 16
5 5 2 2 3 9 5
5 1 1 4 14 5
5 1 1 1 3 14 6
5 2 1 2 13 7
5 5 1 13 8
4 1 1 1 11 7
4 2 2 1 10 7
4 1 2 2 8 7