# solver=cpp-b64f6aebe
# cpu=AMD EPYC Processor (with IBPB)
# isolated_core=11
# strategy=basic
# n_solutions=1
# solve_time=0.00040
14
20
6 6 9
7 2 1 1 2 1 7
4 3 1 2 4 2 7
6 3 8 3 1 1 3
8 1 2 2 2 2 3 2 2 5
3 1 6 2 2 5 3 4 5
2 2 3 1 2 2 2 4 2 2
2 5 4 2 3 2 3 2
3 6 1 1 4 2
2 6 16 4 3
10 16 8
9 16 7
7 16 5
7 16 5
8 16 6
7 2 14 2 5
6 12 4
5 10 3
4 8 2
3 6 2
2 5 1
2 3 1
1 1
1 1
1 1 2
3 1 1 3
28
25
22
21
4 4
4 4
3 3
3 3
2 2
2 2
2 2
1 1
---
5
8
3 4
2 2 9
5 12 2
4 14 1
5 12 2
3 2 11 1
2 1 1 10 2
2 3 9 12
5 1 7 11
4 3 1 8
2 1 1 1 1 6
2 1 1 2 7 4
2 5 1 7 4
3 2 2 8 4
4 1 1 1 9 4
3 2 3 10 4
3 3 1 12 4
4 3 1 13 1 5
3 2 1 1 14 1 4
2 2 3 13 1 5
2 2 4 12 4
3 2 1 1 11 4
4 2 2 10 4
3 3 1 9 4
3 1 2 1 8 6
3 1 3 7 8
4 3 7 11
4 1 1 1 12
4 2 1 3
3 2 7 2
2 2 9 3
3 1 10 2
3 12 2
4 10 1
2 2 8
2 3
7
5