# solver=cpp-1e16a40
# cpu=AMD EPYC Processor (with IBPB)
# isolated_core=11
# strategy=basic
# n_solutions=1
# solve_time=0.00030
6 5 1 1
2 2 7 1 3 1
1 2 2 2 9
10 1 2 4 4
2 2 11 1 1 1 1 1
2 1 1 2 2 2 1 1 1 1 1
2 2 2 1 1 3 1 2 2 1
3 1 3 3 3 1 1 1 1
4 4 5 2 4 1 5 1
3 4 2 6 5 1 1 1 1
1 1 5 5 3 1 1 1 1
1 1 1 3 2 9
1 3 1 3 1 2 10
2 1 2 3 3 2 2 2
3 1 3 4 1 3 1 1
4 4 5 1 4 12
11 6 5 12
11 15 2 2 2 2
11 15 2 2 2 2
11 15 2 2 2 2
2 2
5 5 5 5 2 2
1 1 1 3 1 1 1 1 2
1 1 2 2 1 2 1 3 4
1 1 3 1 1 1 3 1 2 2
1 1 5 1 1 2 1 2 2
1 1 1 3 2 1 1 2 1 1
1 1 2 2 1 1 1 3 1 1
1 1 3 1 1 1 3 1 1 1
1 1 5 1 1 1 2 1 1 1
1 1 1 3 1 1 1 2 3 3
1 1 2 2 1 1 1 3 5 5
1 1 3 1 1 2 3 1 1 1 4 1 1
1 1 5 1 1 2 1 12
1 1 1 3 2 1 1 2 2 2
1 1 2 2 1 1 1 3 1 1
1 1 3 1 1 1 1 3 1 12
2 2 5 2 2 2 2 1 1 1 1
3 3 3 3 1 1 1 1
1 1 1 1 1 1
---
11 17
7 7 1 2
9 6 1 2
2 1 2 5 1 2
1 1 2 1 4 17
1 1 1 1 4 4
1 1 1 1 1 4
1 1 1 2 5 17
2 1 2 6 1 3 3 3 4
9 7 2 3 3 3 4
18 3 3 3 3 2
17
10
12
13 17
7 6 1 1 1 2
9 5 1 1 1 2
2 1 2 4 1 1 1 2
2 1 1 2 1 3 17
2 1 1 1 4 3
2 1 1 1 1 1 3
2 1 1 3 17
2 1 2 4 1 2 2 2 3
2 1 2 5 1 2 2 2 2 2
9 6 1 1 2 2 2 2
17 17
14
9
9 2 2 1
14 7 9 3
2 2 2 2 2 1 1
5 5 5 2 3 1
3 3 2 5 2 2 1
2 2 1 2 2 2 2 1
3 3 2 2 2 3 1
5 5 5 2 2 1 3
2 2 5 9 1
13 2 2 2 1
2 7 9
9