# solver=cpp-041dbf2
# cpu=AMD EPYC Processor (with IBPB)
# strategy=contra
# n_solutions=1
# solve_time=0.00070
40
19 13
10 8 7
4 23
36
40
13 17
6 10 10
23 3
37
40
15 12
12 11 8
40
5 3 5 5
8 9 6
12 14 10
11 4 5 9
11 3 4 9
5 6 8
2 3 2 1 1 3 5
12 11
12 1 1 11
12 4 11
12 11
3 9 3
3 3 2 3
3 3 7 7 2 3
2 2 2 2 2 2 2
1 4 2 3 4 3 4 2
0
3 3 3 3 3 2
3 3 3 3 3 3
2 2 2 2 2 2 2 2 2 2 2
2 4 4 4 4 4
0
3 3 3 3 3 2
3 3 3 3 3 1
2 2 2 2 2 2 2 2 2 2 2
3 4 4 4 4 4
---
4 3 6 9 2 1 1
4 3 6 9 2 2 1
4 3 6 4 4 2 2 2
4 3 6 4 4 3 2 2
3 4 6 4 4 1 2 3 2
3 4 5 4 5 1 1 2 3
3 3 5 4 5 1 1 1 2
3 3 6 4 5 2 1 1
3 3 6 5 4 2 2 1
3 3 6 5 4 2 2 2
2 4 6 5 4 3 2 2
2 4 6 2 6 1 2 3 2
2 4 4 3 3 1 1 1 2 3
2 3 5 2 3 1 1 1 1 2
2 3 5 2 3 1 1 1 1
2 3 4 1 2 1 1 2 1
2 3 4 2 3 1 1 1 2 2
2 3 4 2 2 1 1 1 2 2
2 3 4 2 2 1 1 1 3 2
1 4 4 2 2 1 1 1 1 1 1 2 3
1 4 4 2 2 1 1 1 1 1 2
1 4 4 2 2 1 1 1 1 1 1
1 4 4 2 2 1 1 1 1 1 2 1
1 5 3 2 2 1 1 1 2 2
1 5 3 2 3 1 1 1 2 2
1 5 3 2 2 1 1 3 2
1 5 3 3 3 1 1 1 1 2 3
2 4 3 2 4 1 1 1 1 2
2 4 4 2 4 1 1 1
2 4 4 3 7 1 2 1
2 5 3 4 6 3 2 2
2 5 3 1 5 4 1 2 2 2
2 5 5 5 4 1 3 2
3 4 5 5 4 1 1 2 3
3 4 5 5 4 2 1 1 2
3 4 6 3 5 2 1 1
3 4 6 3 5 2 2 1
3 5 5 3 5 3 2 2
3 5 5 3 5 1 2 2 3
3 5 5 3 5 1 2 1