# solver=cpp-a0f9b8019
# cpu=AMD EPYC Processor (with IBPB)
# isolated_core=11
# strategy=basic
# n_solutions=1
# solve_time=0.00030
3 5
2 2 3 2 2 3
3 2 1 2 3 2 2 1 3 1 2 2
2 1 9 1 2 1 3 2 2 3 1
1 6 1 6 1 3 2 5 2 3
19 1 9 1
2 3 1 1 1 3 2 1 1
3 1 1 1 3 13
4 1 1 1 4 2 1 1 1 1 1 2
3 1 1 1 1 1 3 2 1 1 1 1 1 2
3 1 1 1 1 1 3 3 1 1 1 1 1 3
3 1 1 1 1 1 3 1 1 1 1 1 1 1 1 1
3 1 1 1 1 1 3 1 1 1 1 1 1 1 1 1
3 1 1 1 1 1 3 1 1 1 1 1 1 1 1 1
3 1 1 1 1 1 3 1 1 1 1 1 1 1 1 1
3 1 1 1 1 1 3 2 1 1 1 1 1 1 1 2
3 1 1 1 1 1 3 1 2 1 1 1 1 1 2 1
3 1 1 1 1 1 3 1 1 1 1 1 1 1 1 1
3 1 1 1 1 1 3 1 1 1 1 1 1 1 1 1
3 1 1 1 1 1 3 1 1 1 1 1 1 1 1 1
3 1 1 1 1 1 3 1 1 1 1 1 1 1 1 1
3 1 1 1 1 1 5 1 1 1 1 1 1 1 2
3 1 1 1 1 1 4 2 1 1 1 1 1 2 1
3 1 1 1 1 1 4 1 1 1 1 1 1 1 1
3 1 1 1 1 1 4 1 1 1 1 1 1 1 1
3 1 1 1 1 1 4 1 1 1 1 1 1 1 1
3 1 1 1 1 1 4 1 1 1 1 1 1 1 1
3 1 1 1 1 1 4 1 1 1 1 1 1 1 1
3 1 1 1 1 1 4 1 1 1 1 1 1 1 1
3 1 1 1 1 1 5 1 1 1 1 1 1 1 2
3 1 1 1 1 1 3 1 1 1 1 1 1 1 1 1
3 1 1 1 1 1 3 1 1 1 1 1 1 1 1 1
3 1 1 1 1 1 3 1 1 1 1 1 1 1 1 1
3 1 1 1 1 1 3 1 15 1
15 1 2 2 1
15 2 13 2
17 3 1 1 1 1 1 3
4 1 1 1 1 1 4 13
19 1 1
19 11
---
4 14 3
2 2 25 4
1 2 32
15 9
5 3 2
37
4 3 2
39
2 1 1 3 2
1 38
2 1 1 3 2
39
4 3 2
37
5 3 2
15 9
1 2 32
2 2 25 4
4 14 3
9
3 7 7
2 1 6 7 2
1 2 3 7 6 1
3 12 5
3 1 1 1 3
2 27 3 1
3 1 1 1 1 1 1
2 3 27 3 1
1 1 2 1 1 1 1 1
1 1 2 27 3 1
1 1 2 1 1 1 1 1
2 3 27 3 1
3 1 1 1 1 1 1
2 27 3 1
3 1 1 1 3
3 12 5
1 2 3 7 6 1
2 1 6 7 2
3 7 7
9