# solver=cpp-86fd3e96b
# cpu=AMD EPYC Processor (with IBPB)
# isolated_core=11
# strategy=basic
# n_solutions=1
# solve_time=0.00030
12 19
1 6 5 1
1 6 5 1
1 8 15 1
1 6 9 15 1
1 2 1 2 1 16 1
1 2 2 1 1 8 1
1 2 1 1 7 1
1 2 4 3 6 2 1
1 2 1 5 2 1
11 4 5 1
12 1 4 1
12 2 4 1
12 1 18
11 1 2 2 9
11 7 1 5 7
10 10 5
5 13 6 4
3 8 2 6 6 3
2 3 2 4 6 7 2
1 3 12 9 3 2 1
17 8 2 4
6 12 8 2 6
6 11 7 9
7 11 7 1 5
8 11 1 4
8 9 1 3
11 1 1 3
7 1 1 1 3
4 2 1 1 2
1 1 1 1 3 2 1
1 1 2 1 1 1 3 3 1
1 2 2 1 4 6 2
2 2 1 2 2 4 3
2 3 1 2 1 1 2 4
3 1 1 2 2 2 2 8
4 2 4 3 2 8
5 6 3 2 8
6 10 2 2 2 8
10 10 1 1 3 8
---
21 9
1 10 8 7
1 9 11 5
1 1 12 10 4
1 1 12 11 3 3
5 7 10 4 2
5 1 1 7 2 8 2 2 1
5 1 1 7 1 2 5 1
5 1 7 1 3 3 1
17 1 4 1 1
6 6 1 8 1
1 3 2 10 2
1 2 10 4 2
2 1 10 5 2
1 1 1 1 7 4
5 1 1 1 1 7 3
2 1 1 1 1 1 8 4
1 1 2 1 10 4
2 1 10 5
1 1 1 1 4 6 6
1 3 1 1 2 2 1
1 1 3 1 3 1
15 10 1 2 2
15 9 1 4
14 1 7 2 2
11 1 2 7 4 1 4
10 1 2 7 2 2
1 6 1 2 7 1 1
1 5 1 3 5 1 2 1
1 4 1 5 1 6
1 3 1 9 1 1 5
1 3 2 8 1 2
1 3 2 4 1 1 2 5
1 3 2 3 3 2 2 5
1 3 2 3 2 4 3 5
1 3 4 7 2 5
1 3 5 12 6
1 6 10 7
1 7 7 8
21 10