# solver=cpp-6dc88e3e
# cpu=AMD EPYC Processor (with IBPB)
# isolated_core=11
# strategy=basic
# n_solutions=1
# solve_time=0.00040
6 10
3 6 8
7 5
6 4
2 1 2
1 1 2
2 2
1 2
1 2 1
1 3 2
1 2 1 2
1 3 2 1
1 3 2 2
1 5 2
5 4 2
2 3 2 1
1 5 1
1 7 1
6 3 1 1
4 3 2 1
1 9 1
2 4 3 2
2 2 2 2
2 1 3 3
2 4 4
3 1 2 6
3 7
5 2 7
13 9
25
---
30
5 1 2 2 9
4 1 1 3 5
1 3 1 3 3
4 1 3 3
4 4 2
2 3 2
2 4 2
2 5 3
2 4 3
1 4 3 3 2
2 6 2 1 2
2 1 4 2 1 2
2 2 3 2 2 1
2 1 4 3 1 1 1
3 2 1 2 1 1
4 2 3 2
3 1 2
4 2 4
6 1 5
5 5
2 6
3 7
3 9
17