# solver=cpp-86fd3e96b
# cpu=AMD EPYC Processor (with IBPB)
# isolated_core=11
# strategy=basic
# n_solutions=1
# solve_time=0.00040
4 4 1 4 1
13 1 1 6 1 1
15 1 1 7 1 1
4 3 4 1 1 9 1 1
3 1 3 1 1 2 1 1 1
4 4 1 1 1 1 1 1 1
4 4 1 1 2 1 1 1
4 4 1 1 1 1 1 1 1
4 4 1 1 1 1 1 1
4 4 4 9 4
7 2 4 3 4 2
5 1 2 1 1 2 1
3 1 6 3 2 1
3 2 1 2 2 5
3 1 1 1 1 1 1
3 1 1 1 1 1 1
3 1 1 7 1 1
3 1 1 1 1 1 1
3 1 1 2 2 1 1
3 1 1 1 2 1 1
3 1 1 2 2 2 1 1
3 1 1 1 4 1 1 1
3 1 1 1 2 2 1 1 1
3 1 1 2 1 1 1 1 1
3 1 1 1 2 1 1 1 1
3 1 1 1 1 1 1 1 1
3 1 1 1 1 1 1 1 1
3 1 6 6 1
4 3 1 5 5 1
5 4 1 1 1 1
10 1 2 2 1
7 1 2 2 1
5 2 1 2 2 1
9 1 1 1 1
9 1 1 1 1
5 2 1 1 1 1
7 1 1 1 1
10 1 1 1 1
5 4 1 1 1 1
4 3 3 3
---
3
5
7
4 4
3 4
3 4
3 4
3 31
4 30
3 31
3 4 12
3 4 10
3 4 2 2 2
4 4 3 2 3
7 3 4 3
5 3 4 3
3 3 3
4
10 27
1 1 2 1
9 18 8
2 1 2 2
1 1 6 2
1 1 4 4
5 3 2
5 1 6 4
4 2 1 1 3
4 3 1 2
4 1 2 1 2
4 1 2 1 2
4 1 2 1 2
4 2 1 6 6
1 5 2 2
1 1 1 2 4
1 1 9 2
2 1 2 2
9 18 8
1 1 3 1
10 27
4