# solver=cpp-b64f6aebe
# cpu=AMD EPYC Processor (with IBPB)
# isolated_core=11
# strategy=basic
# n_solutions=1
# solve_time=0.00040
3 1 1 1
3 1 1 1
3 1 1 1
3 1 1 1
5 3 1 13
1 1 2 3 1 1 1
1 2 2 1 1 5
1 2 2 1 1 7
15 1 1 2 2
3 1 2 2 1 1 2 1 3
17 1 1 2 2
3 1 2 1 1 1 3 1 3
1 2 2 2 1 1 13
1 3 2 1 1
1 2 2 1 15
5 2 1
1 2 1
1 2 2
17
1 2 1
1 2 1
1 2 1
1 2 1
1 2 1
1 2 1
2 2 23
2 2 23
2 2 23
2 2 11 6
2 2 9 4
2 2 8 3
2 2 7 2
2 2 6 1
2 2 5
2 2 5 1
2 2 6 1
2 2 7 2
2 2 8 3
2 9 5
27 6
---
2 1 15
1 31
8 1 1 1
1 5 1 1 1
2 1 1 4 1 1
2 1 1 2 1 1
3 1 2 1 1
6 1 1
1 1 1 1
1 1 1 1
1 1 1 1
33 1
34 1
3 1 1 1 1
3 1 1 1 1
3 1 1 1 1
3 3 2 1
2 31
1 15
15
15
15
8 5
7 4
6 3
15 5 2
1 4 1
13 1 4
1 1 1 3
1 4 1 3
1 6 1 3
1 3 2 1 3
1 2 1 1 1 3
1 2 2 1 3
1 2 1 1 1 4 1
13 1 4 2
1 6 1 5 2
1 2 1 6 3
1 1 1 7 4
1 1 1 8 6