# solver=cpp-6b570c1b3
# cpu=AMD EPYC Processor (with IBPB)
# isolated_core=11
# strategy=basic
# n_solutions=1
# solve_time=0.00040
2
2 3 2
2 3 3 1 1 2 2 1 1
3 3 1 2 1 1 2 3 13
2 4 1 1 2 1 3 2 1 1
3 3 1 1 3 2 2 1 1
7 3 2 6 1 1
6 2 2 6 1 1
4 9 4 2 1 2
3 11 3 3 3 3
17 13
15 1 1
21 1 1
23 1 1
2 16 2 1 1
1 13 1 2 1 2
9 3 3 3
13
1 1
1 1
1 1
1 1
2 1 2
3 3 3
15
3 2 7 2
3 1 1
15
3 4 4 3
1 1 3 3 1 1
1 3 3 1
33
2 2
2 2
3 3
19
15
2 2 2 2 2
2 2 2 3 2
19
---
5 4
7 2 1 1
2 1 4 2 4
1 1 1 3 2 3
8 2 5
9 3 1 1 2
5 6 2 1 1
6 1 1 2 2
3 7 1 1 1 3
1 1 9 2 1 3 1
1 1 11 1 1 2 1
1 11 1 1 2 2
3 9 1 1 5
3 9 1 1 3 1
1 1 9 1 1 2 1
1 1 12 3 1 5
1 12 3 1 5
3 9 3 1 2 1
7 1 1 2 1
5 6 1 1 5
13 1 1 5
1 1 5 2 1 1 2 2
1 1 4 2 1 1 2 1
8 3 2 1 3 1
6 3 1 1 1 3
3 1 1 2 2
24 2 1 1
1 3 3 3 1 1 2
1 2 2 2 5
1 1 1 2 3
1 1 1 2 4
1 2 2 3 1 1
1 3 3 4 4
1 2 2 3
1 1 1 2
1 1 1 2
1 2 2 2
1 3 3 3
24
3