# solver=cpp-041dbf2
# cpu=AMD EPYC Processor (with IBPB)
# strategy=basic
# n_solutions=1
# solve_time=0.00050
1 1
4
6
2 3
2 2 3
10
11
1 2 4
4 1 2 1
4 4
2 9
12
10 2
13
13 1
13 1
9 2 2
1 3 10 2 3 6 1
6 9 2 2 5 3
9 7 1 2 9 3
11 5 1 2 4 6 2
1 2 6 8 3 4 2 2
4 1 8 1 1 10 1 5
4 8 7 7 5
2 6 3 21
11 1 19 2 1
1 4 4 2 4 16
7 2 7 13
4 1 2 10 7 2
1 4 8 7
5 13 4
7 5
2 3 1 5
6 5
9 2
12
5 5
8
4
1 1
---
1 6 1
3 4
7 2
6 11
15 5
3 2 6 3 1 5
1 19 2 2
3 13 10
2 3 18
2 3 1 9 4 6
3 2 17 1
1 18 5 2 1
22 2 1
4 3 3 4 2 2 2
19 1 2
10 5
5 9
1 1 4 7
14 5 1
2 1 16
2 1 3 12
3 2 16
2 5 3 2 2
2 9 1 4 1
2 2 4 2 4
1 17
1 9 4 2
2 15
11 5
16
2 10
13
4 4 2
4 1 6
1 2 5
1 6 2
2 7
3 4
7
1 5 1