# solver=cpp-b64f6aebe
# cpu=AMD EPYC Processor (with IBPB)
# isolated_core=11
# strategy=basic
# n_solutions=1
# solve_time=0.00030
30
2 2 1
3 2 1
1 2 3 2 1
1 2 3 2 1
1 2 2 3 1
1 2 5 1
1 2 2 2 1
1 2 2 1
1 2 2 1
1 2 2 2 1
1 2 3 2 1
1 2 2 1 2 1
1 2 3 2 1
1 2 2 2 1
1 2 2 1
1 2 2 1
1 2 2 3
1 2 3 2
30
---
20
3 1
1 2 1
1 2 1
1 2 1
1 2 1
1 2 1
1 2 2 1
1 3 2 1
1 3 2 1
1 2 1
2 2 1
3 2 1
1 2 1 1 2 1
1 5 3 2 1
1 4 3 2 1
1 2 2 1
1 2 3
1 2 1 2
1 2 3 1
1 2 2 1
1 2 1
1 2 3
1 2 3
1 2 2
1 2 1
1 2 1
1 2 1
1 3
20