# solver=cpp-d85c7576
# cpu=AMD EPYC Processor (with IBPB)
# isolated_core=11
# strategy=basic
# n_solutions=1
# solve_time=0.00040
15
12 4
12 4
12 4
13 3
12 3
12 3
11 4 3
9 1 3
8 1 3
8 4 4 3
7 1 3
7 1 2
6 1 2
6 3 3
6 3
6 1 1 3
2 5 5 2
2 5 2
2 5
2 10
2 4 4
2 6 8 4
1 3 5 10 1
1 1 1 1 1
1 3 1 4 1
2 1 1 1 1
2 3 1 4 1
2 1 1 1 1
4 3 1 4 1
3 1 2 1 2
6 5
3 2
2 2
9
---
5
2 2
2 2
2 2
2 1
2 1
8 1 2
9 1 1
12 2 2
15 1 1
17 1 1
19 2 1 1 1 1
13 3 2 1 1 3
11 2 9 2
10 1 1 1 1 1
9 1 8 2
8 1 2 2
8 1 1 1 1
8 1 2 1 2 1
7 7 1 1 2 1
6 1 1 1 2 1
5 1 1 1 2 1
3 1 1 2 1 2 1
1 1 1 1 8 1
3 1 1 1 2 1 1 3 2
4 1 1 1 2 1 1 1 1 3
6 3 3 1 1 1 2
11 4 3 1
14 2 2
10 9