# solver=cpp-d85c7576
# cpu=AMD EPYC Processor (with IBPB)
# isolated_core=11
# strategy=basic
# n_solutions=1
# solve_time=0.00030
0
39
1 3 4
2 1 3 6 6 2 4 1 1
2 1 1 1 1 1 1 1 3 2 1 1 1 1 1 1 1
2 1 1 1 1 1
2 1 7 1 1 1 1 1 1 1
1 3 3 3 2 1 1
1 5 2 2 4
1 1 1 1 1 2 2 2 2 3 1
1 1 5 1 1 5 1
1 3 2 1 3 5 1
1 3 3 5 1
1 3 1 1 1 4 3 3 3 4
2 1 4 3 1 1
2 1 1 3 3 2 5 1 1 1
2 1 1 3 1 1 1 1
2 1 10 9 1 1
1 3 1 1 3 6 1 1 1 4
39
---
19
1 4 4 1
2 1 1 2
2 2 1 1 2 2
2 1 2 1 2
1 4 4 1
1 3 1
1 2 2 2 1 1 1
1 1 5 1 1
1 2 2 2 1 1 1
1 3 3
1 2 1 1 1
1 1 1 1
1 2 5 3
1 1 2 4 1 1
1 2 2 4 3
1 1 2 7
1 1 2 1 6
1 2 1 1 2 1
1 2 1 1 3
1 1 1 1 1 1 2
1 1 1 1 1 2
1 2 2 6
1 2 2 5 3
1 1 2 4 3
1 2 5 1 1
1 1 1 3
1 1 1 1
1 1 1 3 1 3
1 2 5 1 1 1
1 1 1 5 1 3
1 2 5 1 1
1 3 1 1
1 1
1 5 4 1
2 1 1 2
2 3 1 1 2 2
2 1 1 2
19
0