# solver=cpp-6b570c1b3
# cpu=AMD EPYC Processor (with IBPB)
# isolated_core=11
# strategy=basic
# n_solutions=1
# solve_time=0.00050
16 3 2 8 1
15 3 3 8 2
1 6 7 3 2 9 1
1 6 3 2 3 2 2 1 4 2
1 4 3 8 3 3 1 7
2 3 3 3 4 2 2 8
2 5 2 4 2 2 1 4 2
3 3 7 1 2 1 3 2 1
3 2 2 4 2 4 5
3 2 5 1 2 3 3
5 4 3
1 3 4 8
2 2 5 1 2 2 5 2
2 2 3 2 1 1 5 4 2
3 2 4 4 3
3 1 5 2
4 2 3
3 2 4 1
4 10
1 2 7 2
1 2 5 2 3 3
1 2 1 1 1 4
2 2 1 4
3 1 2 6
4 2 2 1 4
5 2 5 1 6
2 2 9 1 6
3 1 11 1 3 2
5 2 3 2
5 1 2 3 2
5 2 3 2 3
1 3 7 6
5 5 7
2 2 4 2
3 2 4 1
7 4 3
3 4 5 4
3 12 5
3 17
23
---
7 6 6
2 5 7 6
4 4 7 7
7 3 3 2 2 4
8 5 2 1 1 2 5
16 1 1 5 3
5 5 2 8
4 2 1 1 3 3
2 2 1 2 3 3
6 2 3 5 1
5 3 1 1 2 3
4 3 1 3 2 2
3 6 2 2 2
6 2 1 2 2 1
5 3 1 5 4
3 5 2 2 3
1 4 1 3 2 3
5 1 3 2 3
6 1 3 2 3
5 1 3 2 3
2 2 3 3 3
2 2 3
3 2 2 4
7 1 1 1 4
5 1 5
2 1 1 2 2
5 3 6
10 3 3 3
5 1 1 1 3 4
3 3 2 2 3 4 4
6 2 1 3 3 5 5
3 7 1 3 3 7 2 1
9 3 6 6 5
8 8 3 2 4 4
7 7 4 4 4
4 2 5 4 9
1 5 4 4 8
2 9 5 6
3 9 6
3 3 5