# solver=cpp-a0f9b8019
# cpu=AMD EPYC Processor (with IBPB)
# isolated_core=11
# strategy=basic
# n_solutions=1
# solve_time=0.00060
1
2
3
1 3
1 3
2 3
1 1 3
1 1 3
1 1 3
1 1 3
1 1 3
1 1 5
1 1 5
1 1 7
1 1 2
1 1 8
1 1 4 3
1 1 4 1 1
1 1 5 4 1 1
1 1 3 1 6 1
1 1 3 1 2 4 1
1 1 3 3 3
1 1 3 1 2
1 1 3 11 3
2 3 6 1 6 3
2 3 18 6
1 2 4 9 8
3 8 7 4
2 20 6
1 1 1 11 7 1
1 3 6 10 1
2 5 1 13 1
10 17
11 18
11 19
9 18
7 13
15
8
2
---
21
6 6
2 18 2
2 2
1 2
2 1
1 2
2 1
1 2
2 1 2
1 2 1 3
2 1 3 5
1 2 11
2 1 4 5
1 2 13
2 1 2 2 8
1 2 2 11
2 1 3 3 8
1 2 4 11
2 1 4 3 8
1 1 1 2 4 3
1 1 1 2 3 7
1 2 4 11
2 1 1 2 11
1 1 1 2 2 8
1 2 5 10
1 1 4 4 10
2 1 1 1 3 2 8
1 2 1 2 2 11
1 1 3 2 11
1 1 1 1 11
1 1 2 3 8
1 1 2 12
3 2 13
8 4 8
2 8 4
8 11
3 4
1 3
1