# solver=cpp-a0f9b8019
# cpu=AMD EPYC Processor (with IBPB)
# isolated_core=11
# strategy=basic
# n_solutions=1
# solve_time=0.00040
14
18
4 21
4 24
5 1 1 22
6 1 1 23
9 25
7 28
8 1 28
7 2 28
11 28
11 28
12 27
12 27
13 21 4
30 4
25 7 2
25 1 2 1
22 2 1 1
16 4 5 2
15 2 1 2 1
15 1
12 2 1
11 1
10 1 1
4 2 4
2 2 1
4 1
4 1 4
2 3 2
4 2
1 2 2
1 5
1
1
---
5 1
9 2
12 1
13 1
16 2
17 1
22 1
23 1
7 17
2 1 18
1 1 1 18
1 1 13
2 5 12
2 1 7 12
3 19 1
24
24
23
22 2
22 1
19 2 6
20 1 1
20 1
20 2
21 2
19 1 1
16 1 1
17 1
17 2 2
21 1 2
16 1 3
14 2 2 2 2
13 5 4
13 1 1
12 7
11 5
13
11
10
8