# solver=cpp-eb7e8a1
# cpu=AMD EPYC Processor (with IBPB)
# strategy=contra
# n_solutions=1
# solve_time=0.00100
# solver=cpp-041dbf2
# cpu=AMD EPYC Processor (with IBPB)
# strategy=contra
# n_solutions=1
# solve_time=0.00130
1 1 1 1
2 2 3 3 3
1 1 1 1 1 1 1 1 1 1 1 1 1
1 1 3 3 4 3 3
1 1
3 3 4
2
2
4
36
1 1
1 1
2 1
1 8 3
1 1 15 1 1 3
1 1 3 1 4 1 3
1 1 2 2 1 1 3
1 1 2 8 3
1 1 1 1 3
1 1 2 1
1 1 1 1 1 3 1
1 3 1 2 2 1
7 1 1 1 1 1
1 1 2 2 1
1 1 3 1
27 1
1 1
1 1
16 1
38
---
4
1
1
1 5
4 11 1 2
4 1 1 2
2 1 1 4 2
1 1 1 1 1 1 1 1 2
4 1 1 1 1 2
1 7 1 2
1 3 2 1 2
1 1 2 1 2
4 1 1 1 2
1 1 1 1 1 2
3 1 1 1 2
1 1 1 2
3 1 1 1 2
1 1 1 1 1 2
3 1 1 1 2
1 1 1 1 1
1 1 1 1
4 1 1 1 1
1 1 1 1 1 1
3 1 1 1 1
1 2 1 1
2 1 1 1 1 1
1 1 1 2 1 1
4 1 2 1 1
1 3 1 1
1 7 1
1 2 1
5 5 1
5 1 1 1
1 2 1 1 1 3 1
1 1 1 1 2 2 1
1 1 1 1 1 1 1 1
1 1 1 1 2 2 1
1 1 1 3 1
1 5 1
1 1
21
6
6
0
0