# solver=cpp-b64f6aebe
# cpu=AMD EPYC Processor (with IBPB)
# isolated_core=11
# strategy=basic
# n_solutions=1
# solve_time=0.00050
2 20
2 22
2 24
1 26
2 26
2 27
2 27
5 7 18
5 16
5 9 5
5 8 5
5 7 5
5 6 5
5 11
5 11
7 8 3 6
8 5 2 5
5 2 6 1 2 5
11 1 2 3 1 5
6 2 1 5
6 2 1 6
6 1 6
6 2 4
6 3 4
5 1 5 3
4 2 4 7 3
4 2 1 6 3
4 3 6 3
4 3 6 6 3
4 4 1 3 6 3
3 4 7 1 7 2
3 6 5 2 7 2
3 6 2 7 2
2 6 4 3 7 2
2 8 3 7 2
2 8 3 1 4 3
5 2 3 2 2 4
2 2 4 2 6
9 2 5
7 2 4
---
31
31
26 1
23 3
21 6
5 2 6 11
2 2 1 12
2 4 4 9
1 5 4 7
7 1 1 5
8 1 3
8 1 3 2
8 2 1 2 1 2
8 1 1 2 1 2
8 1 1 2 1 2
8 3 1 2 1 2
7 3 4 2
7 4 2 2
7 4 1 3
7 3 3
7 1 2 3
7 1 1 3
8 1 1 3
8 1 3
9 3
10 3
11 2 1
12 2
13 2
18 1 2
16 12
14 3 11
12 2 13
10 1 15
2 3 18
15 12 2
17 5 4
23 5
33
33