# solver=cpp-6dc88e3e
# cpu=AMD EPYC Processor (with IBPB)
# isolated_core=11
# strategy=basic
# n_solutions=1
# solve_time=0.00030
1 3 3 1 3 3 1
3 1 3 3
2 2 1 1 2
1 2 3 1
1 4 1
1 9 1 5 1
1 1 1 6
1 1 1 1 1 3 7
1 2 2 1 1 2 1 6
1 1 1 9 1
1 2 2 1 1 7 2
1 1 1 1 1 12
3 3 1 12
4 4 1 11
15 1 7
13 1 5
1
29
1
1 1
1 3
4 4 1 5
6 6 1 13
13 1 4 1 4
4 1 4 1 4 4
3 2 2 3 1 2 1 2
3 5 3 1 8
3 3 3 1 10
3 1 3 1 5 5
1 3 3 1 4 4 1
1 5 2 2 1
1 3 1
2 1 1 2
3 3 3
1 3 3 1 3 3 1
---
1 3 3 1
3 2 5 3
2 4 7 2
1 4 1 8 1
1 11 1 4 3 1
1 1 2 1 3 2 3 1
1 1 1 2 1 2 3 3
1 2 2 2 1 2 3 3
3 1 2 1 2 3 3
2 1 2 2 2 1 3 2 3
1 1 1 2 1 4 3
1 2 1 8
11 1 7
1 4 1 5 1
1 4 1 1
1 2 1 1
1 1 1
3 25 3
1 1 1
1 1 1 1
1 3 1 1 3 1
1 1 2 1 2 4 1
5 1 3 4
5 1 8
8 1 8
10 1 3 1 2
11 1 5 3
12 1 3 1 3
7 5 1 9
1 7 5 1 8 1
1 5 4 1 3 4 1
1 5 1 2 3 1
2 4 1 2
3 3 3
1 3 1 3 1