# solver=cpp-400bd85f2
# cpu=AMD EPYC Processor (with IBPB)
# isolated_core=11
# strategy=basic
# n_solutions=1
# solve_time=0.00030
23
1 3 1 1 2 2 1 1
1 1 1 3 1 1 1 1 1
1 1 1 2 3 2
1 1 1 1 3 1 1 1 2 2
1 1 1 1 1 1 1 1 2 2
23
1 1 1 1 2 1 1 1
1 3 1 1 1 1 1 4 2
1 3 1 2 1 2 2
1 3 1 1 1 1 3 2 2
1 1 1 1 1 1 1 2 2
23
1 3 1 1 1 1 1 1 1
1 1 1 1 1 3 2 2
1 1 1 1 1 1 1
1 1 1 1 1 3 4 2
1 1 1 1 1 1 1 1 1 1 1
23
---
19
1 1 1 1
2 3 3 2 3
3 1 3 3 1
2 10 3
1 1 1 1
9 9
1 1 1 1
1 1 1 7 1 3
1 1 1 1 1 1
7 1 9
1 2 1 1 1 1
1 1 9 1 1 1
2 1 1 1 1 1
19
1 1 1 1 1 1
1 1 3 1 1 7
2 1 1 1 1 1 1 1
14 2
1 4 5 1 1
2 1 2 2
1 4 5 1 1 1
19