# solver=cpp-1e16a40
# cpu=AMD EPYC Processor (with IBPB)
# strategy=basic
# n_solutions=1
# solve_time=0.00060
# solver=cpp-eb7e8a1
# cpu=AMD EPYC Processor (with IBPB)
# strategy=basic
# n_solutions=1
# solve_time=0.00050
# solver=cpp-041dbf2
# cpu=AMD EPYC Processor (with IBPB)
# strategy=basic
# n_solutions=1
# solve_time=0.00050
40
1 1 1
1 1 1
1 11 19 1
1 1 1 1 1
1 1 1 1 1
1 1 28 1 1
1 1 1 1 1 1 1
1 1 1 1 1 1 1
1 1 1 15 3 1 1 1
1 1 1 1 1 1 1 1
1 1 1 1 1 1 1 1
1 1 1 16 1 1 1
1 1 1 1 1 1 1 1
1 1 1 1 1 1 1 1 1
1 1 1 1 3 3 1 1 1 1 1
1 1 1 1 1 1 1 1 1 1 1 1
1 1 1 1 1 1 4 4 1 1 1 1
1 1 1 1 1 1 4 1 1 1 1 1 1
1 1 1 1 1 1 4 1 1 1 1 1 1
1 1 1 1 1 1 2 1 1 1 1 1 1
1 1 4 1 1 2 1 1 1 1 1 1
1 1 1 1 1 1 4 1 1 1 1 1
1 1 1 1 1 1 1 1 1 1 1
1 1 1 1 1 10 1 1 1 1
1 1 1 1 1 1 1 1 1
1 1 1 1 1 1 1 1 1 1
1 1 1 16 1 1 1 1
1 1 1 1 1 1 1 1
1 1 1 1 1 1 1 1
1 1 1 17 1 1 1
1 1 1 1 1 1
1 1 1 1 1 1
1 19 8 1 1
1 1 1 1
1 1 1 1
1 34 1
1 1 1
1 1 1
19 17
---
40
1 1
1 1
1 24 6 1
1 1 1 1 1
1 1 1 1 1
1 1 6 18 1 1
4 1 1 1 1 1
1 1 1 1 1 1 1
1 1 1 22 1 1 1
1 1 1 1 1 1 1
1 1 1 1 1 1 1
1 1 1 1 16 1 1 1
1 1 1 1 1 1 1 1 1
1 1 1 1 1 1 1 1 1
1 1 1 1 10 1 1 1 1 1
1 1 1 1 1 1 1 1 1 1 1
1 1 1 1 1 1 1 1 1 1 1
1 1 4 1 3 1 1 1 1 1 1 1
1 1 1 4 6 1 4 1 1
1 1 1 1 1 6 1 1 1 1 1
1 1 1 1 1 3 1 1 1 1 1 1
1 1 1 1 1 1 1 1 1 1
1 1 1 1 1 1 1 1 1 1 1
1 4 1 10 1 1 1 1
1 1 1 1 1 1 1 1 1
1 1 1 1 1 1 1 1 1 1
1 1 1 10 2 1 1 1 1
1 1 1 1 1 1 1 1
1 1 1 1 1 1 1 1
1 1 1 22 1 1 1
1 1 1 1 4
1 1 1 1 1 1
1 1 28 1 1
1 1 1 1
1 1 1 1
1 7 23 1
1 1
1 1
40