# solver=cpp-a0f9b8019
# cpu=AMD EPYC Processor (with IBPB)
# isolated_core=11
# strategy=basic
# n_solutions=1
# solve_time=0.00030
7 18 7
5 1 18 1 5
7 4 8 4 7
4 3 10 3 4
8 2 10 2 8
9 1 8 1 9
10 12 10
7 3 4 3 7
6 2 1 2 2 2 1 2 6
12 1 1 1 1 12
13 6 13
6 3 6 3 6
5 4 3 4 3 4 5
1 4 4 3 2 3 4 4 1
2 4 4 3 3 4 4 2
2 2 2
2 4 4 3 3 4 4 2
1 4 4 3 2 3 4 4 1
5 4 3 4 3 4 5
6 3 6 3 6
13 6 13
12 1 1 1 1 12
6 2 1 2 2 2 1 2 6
7 3 4 3 7
10 12 10
9 1 8 1 9
8 2 10 2 8
4 3 10 3 4
7 4 8 4 7
5 1 18 1 5
7 18 7
---
15 15
13 3 13
14 1 14
15 15
3 11 11 3
1 1 8 2 2 8 1 1
3 4 2 1 1 1 1 2 4 3
3 6 6 3
4 2 7 7 2 4
5 1 6 6 1 5
6 3 2 2 3 6
3 2 2 1 1 1 1 2 2 3
2 2 3 1 2 2 1 3 2 2
10 3 3 10
7 2 2 2 2 7
8 4 1 1 4 8
9 4 1 4 9
9 4 1 4 9
8 4 1 1 4 8
7 2 2 2 2 7
10 3 3 10
2 2 3 1 2 2 1 3 2 2
3 2 2 1 1 1 1 2 2 3
6 3 2 2 3 6
5 1 6 6 1 5
4 2 7 7 2 4
3 6 6 3
3 4 2 1 1 1 1 2 4 3
1 1 8 2 2 8 1 1
3 11 11 3
15 15
14 1 14
13 3 13
15 15