# solver=cpp-6b570c1b3
# cpu=AMD EPYC Processor (with IBPB)
# isolated_core=11
# strategy=basic
# n_solutions=1
# solve_time=0.00040
1
1
1
1
1
1
1
1
1
1
1
1
1
1
1
1
1
1
1
1
1
1
1
1
5 1
9
7 2
1 1 5 2
1 1 5 3
1 1 31
1 1 3 6
1 1 2 6 1
1 3 2 7 1
1 5 8 1
8 10 1
8 9
5 1 7 2
3 1 5 2
1 1 5 3
1 1 31
1 1 3 6
1 3 2 6 1
1 5 2 7 1
8 8 1
8 5 1 5
5 1 1 8
3 1 1 7 2
1 1 1 6 2
1 1 6 3
1 1 31
1 1 11 5
1 1 7 3 6
6 3 7
5 11
3 4 5
3 5
2 6
2 7
8
5
---
3 3
3 3
25
3 3
3 3
3 3
3 3
25
3 3
1 3 1 3 1
1 1 1
4 4 1 3
6 6 1 6
4 2 4 2 1 4 2
4 2 4 2 1 4 2
4 3 4 3 1 3 3
5 8 3 5 3
3 1 7 1 4 4 4
3 1 6 1 3 4 3
3 8 5 3 4
3 4 3 4 3 3
2 4 2 4 2 4
2 4 2 4 2 4
6 6 7
55
1 1 6
1 1 4 2
1 1 4 2
1 1 4 3
1 1 5 3
1 1 3 1 4
1 1 4 1 3
1 1 3 5
1 1 3 4
1 1 2 4
1 1 2 4
1 1 6
1 1 4
1 1 1
1 1 1