# solver=cpp-b64f6aebe
# cpu=AMD EPYC Processor (with IBPB)
# isolated_core=11
# strategy=basic
# n_solutions=1
# solve_time=0.00040
1
7 1
3 2 1
2 1 1
3 2 1
7 1
7 1
7 1
3 1
6
7
8
4 10
8 9 1
4 4 2 1 1
4 7 1
4 8 1
4 4 4 1
4 3 4 1
4 3 4 1
4 3 4 1
8 1
6 1
6 1
6 1
5 1
4 5 1
2 5 1
3 4 1
2 1 3 1
1 1 3 4
1 3 3
1 3 1 1
1 3 1 2
1 3 1 1
1 3 1
1 2 1
1 2 1
1 2 1
1 3 1
1 3 1
1 3 1
1 3 2
1 2 2
1 2 2
1 3 1
2 6
2 11
2
1
---
1 1 2 2
9 1 2 2
9 3 2
9 21
9
1
1
7 1
7
2 4 2
1 3 4
1 3 6
2 4 3 2 4
7 3 8 4 1
2 27
34
23 3
13 2
12 2
3 2
5 1
6 1
6 1
7 1
6
4
43
2 2
4 2
1 2 2