# solver=cpp-6b570c1b3
# cpu=AMD EPYC Processor (with IBPB)
# isolated_core=11
# strategy=contra
# n_solutions=1
# solve_time=0.00360
0
3
13
3 15
3 2 6 6
6 3 3
4 2 3 2
8 3 3
8 2 3 6
4 6 3 6
4 4 2 3 4
4 5 2 2 6
1 4 3 3 8
4 3 3 6 4
5 3 2 6 2
2 7 10
4 6 9
4 3 6
4 3
2 2 2 3 3
3 4 3 3 3
3 4 3 4 3
2 2 2 4 3
4 3
4 3 3
4 3
2 3
3
3
0
---
0
2
4
4
1
3 2 2 2
3 3 4 3
4 3 4 3
4 2 2 2
5
6 4
7 4
8 2
1 6
2 7 2
1 2 6 3
1 2 5 4
1 2 4 4
3 1 3 5
4 8
4 5
3 7
15
13
9 3
2 3
2 2 3
2 10
3 14
3 3 10
3 3 3 8
3 3 3 7
7 4 4
5 3 2
3
4
3
3
2
3
4
3
1
0
0