# solver=cpp-86fd3e96b
# cpu=AMD EPYC Processor (with IBPB)
# isolated_core=11
# strategy=contra
# n_solutions=1
# solve_time=0.00040
0
0
2
4 3
4 4
4 4
3 4
4 4
8 9 6
34
4 28
3 7 1
3 2 3 2
3 5 4 4 2
3 10 10
3 4 6 10
3 3 5 4 4
3 3 6 3 5
3 4 6 3 2 3
9 2 9 2 5
15 8 2 5
3 10 8
13
0
11 2
6 7 4
2 2 7
10
0
0
---
1 1
2 2
3 2 1
9 2
11 2
6 3 2
4 2 2
4 3 1
7 4 1
8 6 1
8 7 1
3 3 4 2 2
3 3 1 2
3 3 2 2
2 4 5 1
3 6 2 1
3 5 1 2
3 9 2
13
14
6 4
5 4
5 4
8 5 1
8 5 1 1
4 3 5 1 1
2 3 4 1 1
3 4 1 1
3 3 3 1
2 3 4 1
2 3 2 2 2
2 5 2 2
2 4 1 2
3 4 1 1
3 8 1
3 2 5 2
3 2 3 2
5 2 2
3 2 2
0