# solver=cpp-86fd3e96b
# cpu=AMD EPYC Processor (with IBPB)
# isolated_core=11
# strategy=contra
# n_solutions=1
# solve_time=0.00180
0
3
4
4
4
2 4
4 5
4 6
9 7
12 3 4
13 3 4
7 3 3 3
4 3 3 4
4 1 3 3 3
3 3 4 4 3
3 3 10 3 3
3 3 9 3 3
3 3 6 4 3
4 4 4 3
3 3 4 3
3 4 4 3
3 4 3 3
3 3 4 3
3 3 3 3
3 3 3 3
3 3 4 3
4 3 3 3
3 3 3 4
4 3 3 3
4 3 3 4
3 3 3 3
4 3 3 4
3 3 3 4
2 3 3 2
0
---
3
5
5
6 6
19
19
4 9
4
3 3
3 6
3 7
3 5
3 7 5
7 14
9 13
9 4
5 4
6 3
5 3
3 3 9
4 3 12
5 4 14
16 7
14 5
10 4
3 5
4 4
4 3
5 9
21
22
7 6
5
3
1