# solver=cpp-6dc88e3e
# cpu=AMD EPYC Processor (with IBPB)
# isolated_core=11
# strategy=contra
# n_solutions=1
# solve_time=0.00180
0
0
2
4 6
4 8
4 12
10 5
7 6
4 8 6
21 5
22 3
7 9
4 7 2
3 14
9 6
5 3
4
3 5 5
1 6 10
6 6
4 4
3 6 3
2 12
0
0
---
0
2
3 1
3 1 2 1
3 2 2 2
4 2 2
4 2 2
4 2 1
3 1 2
3 2 1
3 2 1
3 1 2
2 1 2
2 1 2
3 3 1 1
5 3 1 2
9 2 2
9 2 1
6 1 1
6 2
6 2
8 2
3 3 2
3 3 1 1
4 3 1 1
3 3 1 2
3 2 2 2
3 2 2 1
3 2 1 1
4 2 1 1
4 2 1 1
3 2 1 1
4 2 1 1
3 2 1 1
3 1 2 1
3 1 2 1
3 1 1 2
3 2 1 1
2 1 1 1
0