# solver=cpp-6dc88e3e
# cpu=AMD EPYC Processor (with IBPB)
# isolated_core=11
# strategy=contra
# n_solutions=1
# solve_time=0.00370
1
3
4
2 3
1 3
2 4
1 3
2 3
1 3 3
2 4 2
1 8
2 7
1 7
2 6
2 9
13 4
11 4
9 3
2 3
1 7 3
2 9 3
2 9 4
3 3 3
4 3 3
4 3 4
4 3 3
4 3 4
7 3 14
20 2
15
7 3
2 13
3 2 2
4 2
10
---
1 1
1 2
2 1
2 2
5 1
7 2
8 2
6 2 1
5 3 1
3 3 1
4 3 1
4 3 1
5 3 1
3 3 3 1
3 3 3 2
3 3 2 1
3 3 9
3 2 3 10
3 4 3 11
3 5 3 3 1
3 5 3 3 2 2
4 6 3 2 2
6 6 3 1 1
11 3 1 1
10 3 1 1
4 1 1 1
4 4 1 2
14 2
13 2
6 4 1
2 1
1 1
1 2
2 1
1