# solver=cpp-1562f45ac
# cpu=AMD EPYC Processor (with IBPB)
# isolated_core=11
# strategy=basic
# n_solutions=1
# solve_time=0.00040
33
33
33
32
3 2 1 2 3 2
2 4 3 1 2 2 3 1
3 9 4 4 1
5 1 1 4 3 2 2 1 2
6 1 1 1 8 1 1
7 11 3 6
16 4 1 3 5
5 2 2 1 2 4 1 3 3
16 3 2 3 3
1 8 2 2 6 3 2
2 2 3 5 5 3 4
4 15 9
5 1 1 6 1 4 7
9 6 4 1 3 2
1 7 6 4 2 3 2
3 17 3 1 3
1 1 2 7 1 9 2 2
15 2 7 2 1
3 12 2 2 4 2 1
16 1 3 9
3 1 9 3 2 5 4
11 6 1 2 2 5
10 3 8 1 2 3
4 11 3 3 7
7 5 3 1 2 1 8
1 6 6 3 10
8 19 4
4 3 23
9 6 1 13
---
5 1 1 3 2 13
7 1 3 2 1 1 8 3
14 18
4 14 1 1 8
4 1 8 3 7 3 1
6 7 8 6 1
6 1 2 2 5 12
4 1 3 4 3 7 4
4 2 20 2
4 2 6 12
4 3 1 1 2 8 6
4 2 4 2 8 7
4 1 5 11 7
4 3 2 16 4
4 20 6
4 2 2 1 6 2 4 3
4 3 1 3 3 3 3 4
6 4 4 2 1 5 4
4 4 2 4 1 8
5 17 2 3
16 5 4 1 3
4 2 2 4 2 6 1 1 3
4 3 2 1 2 1 3 3 3
4 5 10 3 6
6 9 6 2 4
8 2 2 9 5
5 2 4 4 1 4 6
4 1 1 8 4 7
4 1 8 3 1 5 2
4 1 2 3 1 4 6
5 5 6 12
8 5 5 10
3 7 1 2 1 8