# solver=cpp-eb7e8a1
# cpu=AMD EPYC Processor (with IBPB)
# strategy=basic
# n_solutions=1
# solve_time=0.00050
# solver=cpp-041dbf2
# cpu=AMD EPYC Processor (with IBPB)
# strategy=basic
# n_solutions=1
# solve_time=0.00050
5
1 6
1 2 1
6 2 1
1 2 2 1
1 2 2 6
1 2 2 2 1
6 2 2 2 1
1 2 2 2 2 1
1 2 2 2 2 1
1 2 2 2 2 1
1 2 2 2 2 1
1 2 2 2 2 1
1 2 2 2 2 1
1 2 2 2 2 1
1 2 2 2 2 1
1 2 2 2 2 1
1 2 2 2 2 1
1 2 2 2 2 1
1 2 2 2 2 1
1 6
1 2 1
1 13 2 1
1 12 2 1
1 11 2 1
1 4 2 1
1 4 2 1
1 4 2 1
1 6 2 1
1 8 2 1
1 10 1
1 4 1
1 4 1
2 3 1
1 3 1
2 3 1
1 3 1
2 4 1
1 11 1
2 10 2
1 9 2
2 2
2 2
2 2
18
---
27
1 3
1 3
1 3
13 3
17 2
1 2
1 2
1 1
17 3 1
20 3 1 3 1
1 3 2 3 1
1 3 3 3 1
1 3 4 3 1
20 3 5 3 1
19 9 3 1
1 9 3 1
1 5 4 3 1
1 4 4 4 1
19 3 10 1
15 2 8 1
1 1 6 1
1 1
1 1
25 2
10 2
1 2
1 2
1 2
20