# solver=cpp-d85c7576
# cpu=AMD EPYC Processor (with IBPB)
# isolated_core=11
# strategy=contra
# n_solutions=1
# solve_time=0.00380
0
2
2
2
2
2
2
2
2
2
2
2
3
2
2
2
2 2 3
4 4 2
4 4 3
4 4 3
3 3 6
3 5 7 3
21 4
19 6
6 6 2
3 3
3 3 5
3 3 9
3 4 16
5 8 5
18 7
6 5 6 3
1 4
3 5
5 5 6 3
1 7 5
3 5
6 7
5
0
---
3
3 7 2
14 2 1
9 5 1 2
4 3 3 2 1
3 3 1 1
2 3 1 1
3 2 2 1
3 3 2 2
3 5 3 1 1
16 1 1
15 1 1
2 4 3 5 2 2
4 3 3 2 1
3 2 3 3 1 1
2 2 2 3 1 1
2 1 3 2 1 1
2 2 3 3 2
2 2 3 3 2
2 1 3 3 1
3 5 4 2
4 4 3 1 2
2 3 3 1 1
1 3 2 2
2 3 2 2
1 3 1 1
2 3 1 1
1 2 2 1
1 2 2 2
2 1 1 1
1 1 1 1
1 1 1 1
1 1 2 2
2 1 2 1
2 1 1 1