# solver=cpp-b64f6aebe
# cpu=AMD EPYC Processor (with IBPB)
# isolated_core=11
# strategy=basic
# n_solutions=1
# solve_time=0.00040
5
2 2
2 2
2 1 2 4
1 1 1 6
1 1 1 1 2
1 1 1 1 1 2
2 2 1 2
2 2 2 1
3 3 4
1 1 2
3 6
2 2 2 2
2 2 2 2 1 1
2 9 1 1 1
1 1 1 1 1 1 1
1 1 2 2 2 1 1 1
9 1 2 1 1 1 1
1 1 1 1 4 1 1 1
4 21
1 5
1 5 1
5 1
3 1
1 1
9
1 1 3
1 1 3
2 2
7
---
1
1
5 1
2 2 15
2 3 2 2 1 2 1 2
2 1 1 2 1 3 1 1
1 4 1 2 1 1
1 1 1 3 1 1
1 4 1 2 1 1
2 1 2 1 3 1 1
2 2 2 1 2 1 2
2 2 15
5 2 1
7
1 1 1
1 2 2
1 1 1 2
7 2
2 3
1 2
4
1
8
5 2 1
2 2 1 1
2 1 3 1
2 3 1
7 1 6
4 2 1
8