# solver=cpp-86fd3e96b
# cpu=AMD EPYC Processor (with IBPB)
# isolated_core=11
# strategy=contra
# n_solutions=1
# solve_time=0.00060
0
5
2 2
1 15
1 1 1 1
2 1 1 1
1 15
1 1 1 1 2
2 2 3 1 2
1 2 1 4
1 1 12 2
6 1 2 3
6 1 14 1
2 2 2 1 1 1
2 1 3 2 1 1 1
2 2 1 1 1 1
2 1 4 1 1 1
15 1 1
1 1 1 1
2 1 1 1
1 1 1 1
2 1 1 1
1 1 1 1
13 1 1 2
1 2 1 1 3
1 2 1 1 2
1 2 1 13
2 1 2
2 2
9
---
1 5
4 1 2
6 1 2
3 1 1 2 1
2 1 1 1 2 1
2 2 3 1
2 1 1 2 1
8 3 1
1 5 3 1 1
4 1 1
5 1 2
7 1 1 2
4 1 5
4 1
2 16
1 6 3 1
1 1 1 3 1 1
1 1 1 2 1 1
3 1 1 1 1
7 1 1 1
1 1 1 1 1 1
1 1 1 1 1 1
1 1 1 1 1
1 2 1 1 1
1 1 2 1 1
1 1 1 1 1 1
1 1 2 15
1 1 2 2 2
1 6 2
5 15