# solver=cpp-6dc88e3e
# cpu=AMD EPYC Processor (with IBPB)
# isolated_core=11
# strategy=basic
# n_solutions=1
# solve_time=0.00070
33 4 5
1 2 2 2 5 1 1
1 8 18 4 3 1
1 8 16 5 4 1
1 9 16 6 4 1
1 26 6 5 1
1 10 14 6 6 1
1 10 13 6 7 1
1 10 12 5 8 1
1 10 12 4 9 1
1 10 13 2 10 1
1 13 12 1 11 1
1 8 13 12 1
1 9 2 10 11 1
1 6 6 9 9 1
1 5 7 2 8 1
1 4 6 3 7 1
1 3 5 3 6 1
1 3 5 4 6 1
1 3 5 3 5 1
1 2 6 3 4 1
1 2 7 3 3 1
1 2 8 3 2 1
1 1 9 4 2 1
1 1 9 3 1 1
1 1 2 7 3 1 1
1 1 14 7 3 1
1 1 4 6 3 1
1 1 2 6 3 1
1 1 1 17 5 3 1
1 1 2 12 4 4 2 1
1 1 1 3 5 4 4 1 1
1 1 1 2 1 3 5 1 1
1 1 1 2 2 3 4 2 1
1 1 1 1 1 2 3 3 3 1
1 1 1 1 2 1 2 3 3 1 2 1
1 2 2 1 2 1 3 4 1 2 1
1 2 1 2 2 3 4 3 1
1 2 2 2 9 7 2 1
1 2 2 8 11 1 1
1 2 2 17 1 1 1
1 2 13 12 1 1 1
1 2 13 1 1
1 2 4 2 1
1 2 16 8 2 1
1 2 3 1 1 1 5 3 2 2 1
1 2 2 1 1 1 6 2 1 1 2 1
1 2 19 1 2 2 1 2 1
1 2 1 1 1 4 4 2 4 3 1
1 3 1 1 1 3 3 1 1 3 4 1
1 3 1 1 1 2 3 2 4 6 1
1 3 1 1 1 5 5 7 1
1 3 1 1 1 8 10 1
1 3 19 13 1
1 3 1 1 1 1 18 1
1 3 2 1 1 1 2 16 1
1 3 4 1 4 16 1
1 3 10 16 1
1 5 17 1
1 2 4 3 15 1
1 1 16 13 1
1 1 12 1
1 1 11 1
1 1 10 1
1 1 1 8 1
---
65
1
1 63
1 21 24
1 18 10
1 15 1
1 14 2
1 13 7 7 1
1 12 3 3 2 3 1
14 2 2 3 1 2 2
2 8 2 1 2 1 1 1 1 1
1 7 1 1 6 2 13 1
1 1 1 1 2 3 2 1 1 1 1 2 1
2 4 1 1 1 2 2 1 1 1 1 1 1
12 1 1 3 2 1 1 1 1 1 1 1
1 9 2 1 2 2 1 1 1 1 1 1 1
1 12 1 2 1 1 14 1
1 11 1 2 1 1 1 1 1 1 1
1 11 1 3 1 1 1 1 1 1 1
1 11 1 3 1 1 1 1 1 1 1
1 12 1 3 2 1 1 1 1 1 1
1 12 1 5 2 1 14 1
1 13 1 3 6 2 1 7 1 1
1 14 1 2 1 2 1 3 3 1 1
1 15 1 2 2 1 1 1 2 4 2 2
1 17 2 1 2 1 1 4 7 1
1 5 16 1 1 1 2 1 3 1 1 2
1 4 14 1 1 4 4 2 5
1 3 3 13 1 2 4 2 1 3 6
1 2 5 13 2 1 5 2 4 6
1 1 7 1 8 3 2 4 2 1 8
3 6 1 2 8 7 4 2 4 9
2 5 3 4 8 7 5 2 2 1 10
5 4 4 8 5 5 1 2 2 13
6 6 4 8 7 3 3 12
6 8 4 18 2 3 13
5 10 4 17 2 2 14
4 13 4 15 1 1 1 15
2 15 5 3 5 2 1 15
18 7 1 2 1 1 2 16
22 7 1 1 2 17
1 22 4 6 22
1 24 33
1
65