# solver=cpp-b64f6aebe
# cpu=AMD EPYC Processor (with IBPB)
# isolated_core=11
# strategy=contra
# n_solutions=1
# solve_time=0.00040
10 1 5
6 3 1 1 3
2 7 1 1 3
10 1 2 2
4 5 1 1 3 2
9 1 1 1 2 2
10 1 1 1 2 1
7 2 1 2 1 2 2
10 1 1 1 1 1
10 1 1 1 2 1
10 1 1 1 1 2
10 1 2 1 1 1
10 1 1 1 2 1
1 1 1 1 1
12 1 1 1 1
2 1 1 1
1 1 1 1
7 1 1 1 1
1 1 1 1 2 1
7 2 1 1 2
1 1 5 1 1 1 1
8 2 1 1 2 1
1 1 1 1 1 1 2
5 5 2 1 2 1
1 1 3 1 1 3 2
5 1 3 1 3 2
1 1 2 2 1 2
7 1 1 2 3
1 1 2 2 1 3
7 3 5
---
5 7 1 3 3
13 1 1 9 1
2 10 1 1 1 1 1 1 1 1
13 1 1 1 1 1 1 1 1
4 8 1 1 1 1 1 1 1 1
13 1 1 9 1
1 11 1 3 1 3
7 5 1 1 2
13 1 2 1
13 1 1 2 3
1 1 1 2 2
15 1 1 1 1
2 1 2 2
3 3
0
0
30
1 1 1 1 1 1 1 1 1
1 1
1 22 1
2 1 1 2
1 2 2 1
2 2 1 2
1 2 2 1
2 3 3 2
2 4 4 2
2 7 2
3 3
4 4
10