# solver=cpp-1562f45ac
# cpu=AMD EPYC Processor (with IBPB)
# isolated_core=11
# strategy=basic
# n_solutions=1
# solve_time=0.00030
11 15 2
10 13 2
9 10 2
9 1 1 9 2 1
11 9 2 1
11 7 2 2
11 5 2 2
2 7 3 2 3
1 10 2 3
3 2 4
1 6 2 4
2 3 2 5
5 2 5
3 2 6
1 2 6
2 7
2 3 2
2 5 1
2 1
2 6 1
1 2 5 2
2 2 2 7
3 2 2 7
3 3 3 7
3 3 3 7
3 2 4 7
3 2 2 2 1 1 5
3 1 4 3 5
3 1 6 4 6
3 7 6 7
---
9 5 10
8 3 9
7 2 8
7 1 1 1
9 3 5
9 2 4
9 2 3 2
9 1 3 3
11 2 4
2 6 2 4
1 7 2 3
1 2 2
1 6 2 1
2 4 2
8 2
7 2
7 2 1
6 2 3
6 2 5
5 2 7
5 2 5 2
4 2 8 1
4 2 4
3 2 3 8 1
2 2 5 7 2
2 2 7 11
1 2 7 1 1 9
2 9 9
2 12 10
1 15 11