# solver=cpp-400bd85f2
# cpu=AMD EPYC Processor (with IBPB)
# isolated_core=11
# strategy=basic
# n_solutions=1
# solve_time=0.00030
7
2 3
2 1 3
1 1 3
2 2 1 1
1 4 2 1
1 2 3 1 2 1
2 1 4 1 1
1 2 1 1
1 1 2
1 2 4 3 2
1 1 1 2 1 2
1 2 3 1 3 1
3 1 1 1 1 1 1 1
2 3 3 1
1 1 1 1
2 2 2 2
3 1 1 1 1
2 2 3 1
2 1
2 5 1
1 1 3 1 1 1 4
1 2 2 5 1 1
2 2
2 8 2
---
8 1 2
4 6
3 2 2 2
2 3 3 2 1 1
1 2 3 4 1
1 4 1 1 4
1 2 1 1 1 4
1 2 1 3 2
1 1 1 1 1 1 1
1 2 2 1 2 1 1 1
1 1 2 2 1 1 1 1
2 1 2 3 1
1 1 1 1 2 1 1 1 1
2 1 1 1 1 2 1 1 1
4 1 3 1
2 2 1 1 1 1
1 3 1 1 2
1 3 8
12 1
2