# solver=cpp-b64f6aebe
# cpu=AMD EPYC Processor (with IBPB)
# isolated_core=11
# strategy=contra
# n_solutions=1
# solve_time=0.00130
50
1 1
1 6 5 5 5 6 1
3 3 3 3 3 2 1
2 1 1 1 1 1 1
2 1 1
3 2 1
1 4 4 1
1 1 1 1
1 1 1 1
1 1 1 1
1 1 1 1
1 1 1 1
1 1 1 1
1 1 1 1
1 1 2 1
1 1 1 1
1 1 1 1
1 1 1 1
1 1 5 5 1 1
1 1 3 2 3 2 1 3 1
1 4 3 4 2 3 2 1
3 5 2 2 1 4 1 1
2 1 4 2 3 1 1 1 1
2 1 1 2 2 1 1 1 1 1
2 1 1 3 4 2 1 1 1 1
2 1 1 3 2 3 2 1 2 1
3 1 5 5 4 1
1 4 1 1
1 1 2 2 1 1
1 1 2 2 1 1
1 1 2 2 2 1
1 1 1 1 1 1
1 1 1 1 1 1
1 1 2 2 1 1
1 1 2 2 1 1
1 1 6 1 1
1 1 1 1
1 1 1 1
1 1 2 1
1 1 1 1
1 1 1 1
1 1 1 1 1
1 1 1 3 1
1 12 5 5 1
1 1 18 2 8
1 1 6 1 9
1 5 7 1 10
1 4 8 1 6 11
6 14 4 2 7
6 6 1 2 5
6 5 1 1 4
6 5 1 1 3
6 6 1 1 2
6 1 1 8 3 2
6 1 1 2 7 3
6 1 2 1 6 2 1
6 1 1 2 7 2 1
6 1 1 2 9 1
50
---
60
1 4 6 11
1 2 2 2 2 12
1 1 1 1 3 1 12
1 1 1 2 1 16
1 1 38 13
1 1 1 1 1 1
1 2 1 1 1 1
1 2 2 1 2 1
1 2 1 1 1 1
1 1 5 1 1 6
1 1 7 1 1 1
1 1 3 3 1 1 1
1 2 2 2 1 1 1
1 2 1 1 4 1 1 1
1 2 1 1 2 2 2 2 1
1 1 2 2 2 2 1 1 1
1 1 2 2 1 1 1 1 1
1 1 5 1 1 1 1
1 2 7 1 1 1 1
1 2 3 3 1 1 1 1 1
1 2 2 2 2 2 1 1 3 1
1 1 1 1 2 2 1 1 4
1 1 1 1 4 1 1 1
1 1 2 2 1 1 1
1 2 2 2 1 1 1
1 2 5 1 1 1
1 2 1 5 1
1 1 2 3 2 1
1 1 9 1 3 5 1
1 1 1 8 5 8 1
1 1 1 11 5 6 3
1 2 2 2 1 9 11 2
1 4 1 3 1 6 8 1
1 2 2 2 2 2 1
1 6 7 2 1
1 4 1
1 5
1 5
1 2 6
1 4 6
1 3 10
1 4 4
1 6 3
1 7 2
1 9 3
1 9 2 1
1 9 2 1
1 11 1
60