# solver=cpp-1e16a40
# cpu=AMD EPYC Processor (with IBPB)
# isolated_core=11
# strategy=basic
# n_solutions=1
# solve_time=0.00060
5
2 3
2 1
2 2
2 2
2 1
2 2
7 2 1
10 2 1
2 4 4 2 1
5 2 4 2 1 1
4 2 10 2 1
3 4 9 3 1 1
3 4 9 1 1 3
3 1 2 10 2 1 1 1
3 1 2 7 3 3 1 3
3 9 7
4 2 4 9 3 2
5 4 4 1
10 4 6 1 2
13 8 2 1 2
1 7 2 9 2 2 1 2
1 20 1 1 1
22 1 1 1
7 2 10
7 13 1
9 10
8 10 1
9 9 1
1 7 5 2 1 1
10 1 1 1 2 1 1 1
3 8 1 1 1 1 1 1
10 2 1 1 1 1 2
10 1 1 1 1 2
10 1 1 2
11 2 1
11 1 1 3
20
18
14
---
17 5
12 6 3
26
1 2 14 3
4 5 18
3 3 2 19
3 7 20
4 5 6 13
2 2 24
3 10 4 10
12 4 4 1 7
10 13 7
8 3 8 1 6
6 3 13 5
5 13 5
8 13 1 4
5 2 10 1 3
9 15 1 3
2 4 12 4
2 3 9 2 3
2 2 7 3 4
2 8 3 3
2 2 3
2 3 3
2 11
2
2
1
1
1 1
2 1 1 2
1 2 1 1 2
3 1 1 1 2 1
2 4 1 2
3 2
10
4 1
1 4 1
1 1 1 1 1
1 1 1 1 1 1