# solver=cpp-86fd3e96b
# cpu=AMD EPYC Processor (with IBPB)
# isolated_core=11
# strategy=backtrack
# n_solutions=1
# solve_time=0.01260
1 1
1 3 1
1 4 1
1 4 1
1 4 1
1 4 1
1 4 1
1 4 1
1 3 1
1 2 1
1 4 1
1 5 1
1 7 1
1 1 4 1
1 1 4 1
1 2 3 1
1 2 3 1
1 1 3 3 1
1 2 10 1
1 2 12 1
1 1 13 1
1 2 3 5
2 4 4 1
1 4 4 2 1
2 6 6 1
10 7 2
8 8 2
2 11 2
3 3 2
3 3 3
4 4 8 1
9 4
8 2
8 1
5
2
3
6
6
0
---
1 1
2 1
2 1
22 3 1
5 2
6 2
7 1
10 1
6 3 2
5 2 2 2
5 2 3 2
5 2 2 1
8 2 3 2
11 4 3 2
8 3 4 3 1
7 4 4 3 2 2
4 4 3 4 1 2
5 7 2 1
11 1 2
9 1 2
4 1 1
3 1 1
3 2 1
3 2 1
3 3 1
4 3 1
7
6
4
21 3 2
3 1
3 2
2
3
4