# solver=cpp-86fd3e96b
# cpu=AMD EPYC Processor (with IBPB)
# isolated_core=11
# strategy=contra
# n_solutions=1
# solve_time=0.00170
0
2 2
3 3
3 3
3 3
4 2 3 2
3 4 3 4
4 4 4 4
3 4 3 4
5 3 4 3
8 7
9 8
9 9
8 8
2 4 3 4
3 3 3 3
3 3 3 3
3 3 3 3
3 3 3 3
3 3 3 3
3 3 12 2
5 3 8 8
14 4
2
7
3 5 6
7 4 3
10 3
0
0
---
0
1 1
5 2 2
7 2 2
8 1 1
6 2 1
5 2 2
3 1 2
4 1 2
3 1 1
8 1 1
14 1 1
18 1
3 3 8 2
3 4 2
3 1 2
5 3 1 1
7 3 2
7 4 2
4 5 1
4 6
3 4
4 2 1
3 2 1
9 2 2
14 1 2
16 2
3 3 6 1
3 2 1
3 2 2
3 2 2
3 2 1
4 1 1
5 2 2
7 2
5 2
3 1
1 1
0
0