# solver=cpp-041dbf2
# cpu=AMD EPYC Processor (with IBPB)
# strategy=basic
# n_solutions=1
# solve_time=0.00040
5 7 5
1 6 11
10 3 3 1
2 17
4 5 5 3
5 11 1
3 9 2 3
5 3 10
1 15 2
3 4 3 5
7 5 1 1
1 4 8
5 1 1 7
4 2 2 2 3
5 7
2 2 6 7
4 6 7
5 6 3 2
5 6 2 1
3 10 2 1
2 9 2 1
2 7 6
2 6 5
12 1 3
12 1 2
2 13
1 1 11
1 1 3 1
1 2 4
1 1 5
---
5 7 2 10
1 6 2 14
3 11 4 2 2
6 2 9 3
4 14 4
6 4 1 7
5 5 1 12
10 2 12
1 7 12
7 1 12
2 1 5 2 12
11 1 15
12 3 4
5 2 11 5
2 19 2
13 4 5 1
4 1 3 6 6 2
8 8 5 3
2 2 4 7 2 2
8 3 9 2