# solver=cpp-041dbf2
# cpu=AMD EPYC Processor (with IBPB)
# strategy=basic
# n_solutions=1
# solve_time=0.00040
0
1 1 1 1
1 1 1 1
8 8
1 2 4 2 2 4 2
2 12 12
1 1 8 1 1 8 1
1 1 1 1 1 1 1 1 1
2 2 2 2
0
0
2 2 2
1 4 4 3
2 6 6 4
2 2 2 2 2 2 2 2 2
3 8 8 5
1 1 1 1 1 1
1 1 2 1 1 2 1 1 2
1 1 1 1 1 1 1 1 1 1 1 1
0
0
4 4
5 10 7
6 12 8
1 3 3 2 3 3 2
6 12 8
2 2 2 2 1
1 2 2 2 2 2 2
2 2 2 2
0
---
2 2 2 1 4 1
3 3 1 2 2
2 1 2 3
4 1
3 4 1
2 2 1 3 1
1 5 3 1
2 2 1 2 2 1
4 1 5 1 3 1
4 5 1 4 1
4 2 2 1 4 1
4 1 3 1 2 3
2 2 1 2 1 3 2
1 5 5 1
2 5 1
3 2 1 3 2
3 1 2 3
2 2 1 4 1
3 5 1 4 1
2 5 1 3 1
1 5 2 2 1
2 2 1 3 1
4 1 2 1 3 1
4 4 1
4 4 1
4 1 2 1 2 3
2 2 1 3 1 3 2
1 5 2 2 1 5 1
2 5 1 5 1
3 5 1 3 2