# solver=cpp-b64f6aebe
# cpu=AMD EPYC Processor (with IBPB)
# isolated_core=11
# strategy=contra
# n_solutions=1
# solve_time=0.00060
11 11
1 4 4 1
1 2 2 1
2 12 2
2 9 2
2 7 2
2 6 4
4 7 7
7 3 3 9
12 13
11 2 2 12
10 1 1 1 1 11
9 1 2 2 1 10
9 11 10
9 1 1 10
9 3 10
9 1 1 1 10
9 9 10
10 1 1 11
11 1 1 12
7 2 3 1 9
5 3 2 8
3 7 7
2 6
2 6 6
2 9 5
2 4 6 5
2 4 1 6 5
3 5 7 5
4 7 3 5
5 6 1 1 6
7 2 4 2 7
4 2 2 1 7 2 5
3 6 12 4
3 8 7 3
2 2 4 1 6 3
2 1 1 4 7 3
2 2 8 3 3
1 4 4 1 2 1
1 3 1 4 2 1
---
4
1 2
1 2
1 35
1 32
1 16 7
1 15 4
1 14 2
1 13 1
1 13 2
2 11 2
1 11 5
1 3 2 3 3
2 2 2 2 3 1 2
2 2 3 2 10 3
1 1 1 1 2 1 7 6
2 2 1 2 1 2 6 1 4 1
5 3 3 1 3 4 6
5 3 1 1 1 2 1 6 4
5 1 3 1 1 3 6 1 3
5 3 1 1 1 6 4 4
5 3 3 1 5 1 6 1
6 1 2 1 2 6 6 1
3 1 1 1 2 1 13 1
2 2 3 1 4 8
2 2 1 2 6
2 3 2 4
1 11 1
1 13 2
2 14 1
1 16 1
1 18 2
1 26
1 28 2
1 32
1 32
1 33
1 2
1 2
4