# solver=cpp-a0f9b8019
# cpu=AMD EPYC Processor (with IBPB)
# isolated_core=11
# strategy=basic
# n_solutions=1
# solve_time=0.00030
20
4 2
4 2
4 3
3 2
3 1
3 1
3 3 1
7 2 1 1
9 9
3 5 3 2 2 2 3
3 2 2 7 2 5
1 1 1 7 4 1
1 1 7 9 1
1 1 2 3 1
3 6 1
3 2 2 5
2 4 4
2 4 2
2 2 1 2
2 11 3
3 1 2
6 4 4
8 2 6
9 2 9
12 10
14 13
30
30
30
---
7
5 8
2 2 8
15 8
10 4 9
12 13
4 6 11
2 3 1 7
1 4 1 6
1 4 1 2 5
1 1 1 3 5
1 3 1 1 5
1 4 1 1 4
1 3 3 1 1 4
1 2 2 1 3 3
1 2 2 1 3 3
1 3 3 1 1 3
1 5 1 1 4
1 1 2 1 4
1 4 2 2 6
1 5 3 7
1 1 1 1 1 8
2 1 2 2 1 10
4 22
3 1 10 8
15 7
2 2 6
7 6
5
4