# solver=cpp-1e16a40
# cpu=AMD EPYC Processor (with IBPB)
# isolated_core=11
# strategy=basic
# n_solutions=1
# solve_time=0.00040
14 2
1 1
2 6 5
1 5 2 2
5 6 1 1
2 2 4 2 1 1 2
1 1 2 1 1 1
1 1 1 1 2 4 2
2 2 1 1 1
1 1 1 1 1
1 1 2 1 1 1
1 1 7 6
1 2 1 1 1
2 1 1 4 4
1 6 1 1
1 1 1 1
1 1 4 1 1
1 1 1 5
1 1 1 1 1
1 4 1 1
3 1 3 1 1 1
1 1 4 1 1 1 1
1 3 3 1 3
2 5 1 1 1 1
2 1 9
---
1 3 2 11
1 2 2 1 2
1 1 1 6 1
1 3 1 1
1 1 1 1 1
1 2 3 6 1
1 4 3 1 1 1 1
1 1 1 3 1 1 1 1
1 6 1 1 2 1
1 6 7 1 2
1 4 1 1 3
1 8 2 3
1 3 2 1 1
2 3 1 1 3
3 3 1 1 1 1
2 2 10 1
1 1 1 1 1
3 1 1 5
1 1 1 1
2 2 10 1
3 3 1 1 1 1
3 1 1 3
1 1
2
1