# solver=cpp-041dbf2
# cpu=AMD EPYC Processor (with IBPB)
# strategy=basic
# n_solutions=1
# solve_time=0.00070
2
5
3 3
3 2 3
5 2 2
4 2 4
3 2 5
3 2 2 3
5 2 3
5 2 4
3 2 5
5 2 3
2 3 21
1 5 2 2 2 2 3
1 3 2 2 2 2 2 1
2 3 2 2 2 2 2 1
5 2 2 2 2 2 2
29
1 1
1 4 3 4 1
1 6 5 5 1
1 2 2 2 2 5 1
1 3 3 3 1
1 3 3 3 1
1 3 3 3 1
1 2 3 3 3 1
1 6 6 3 1
1 4 6 3 1
1 1
29
---
4
2 15
2 2 1
2 2 1
4 3 2 2 1
1 7 3 3 1
2 4 1 2 1 2 1
3 2 1 2 6 1
5 1 2 9 1
2 3 3 3 3 1
4 1 2 1 1
1 6 1 1
3 4 2 1
1 2 3 3 3 1
2 3 1 2 1 2 4 1
3 2 3 1 3 5 1
2 2 1 2 2 2 3 2 1
2 3 1 3 5 2 1
4 1 1 2 1 3 2 1
1 4 3 1 1
3 2 2 2 1
1 2 2 1 3 1
2 3 1 2 1 2 1
3 2 3 1 3 1
3 1 2 2 9 1
4 1 3 9 1
2 1 2 1 9 1
3 1 1
2 2 1
18