# solver=cpp-400bd85f2
# cpu=AMD EPYC Processor (with IBPB)
# isolated_core=11
# strategy=contra
# n_solutions=1
# solve_time=0.00230
24
3 1
3 3
3 10 3
3 11 3 2
3 12 3 3
3 12 3 3 2
3 3 3 2
3 3 3 3
26 3 4
2 1 3 5
2 3 3 2
23 3 2
3 5 2
2 3 4
17 5
2 5 2
3 1 1 2
11 3
3 5
2 5
6 2
2 3
4
2
---
3
4
3 2
1 1 1
2 1 2
1 1 2
2 1 3
1 1 1 2
2 1 1 1
1 1 1 2
2 1 1 3
1 1 1 1 1
2 1 1 1 2
1 1 1 1 1 2
2 1 1 1 1 2
1 2 1 1 1 3
2 2 1 1 1 1 2
1 3 1 1 1 1 1
1 3 1 1 1 1 2
1 4 1 1 1 1 3
1 4 1 1 1 1 1 2
1 4 1 1 1 1 5
1 4 1 1 6 2
1 4 1 5 4
1 4 6 2 3
1 3 2 1 2 1 3
1 3 1 2 1 2 2
1 2 2 1 2 1 2
1 1 1 2 1 4
1 2 1 2 3
1 1 2 1 2
1 2 1 2 2
1 1 2 1 2
1 2 1 4
1 1 2 3
1 2 1 3
1 1 2 2
1 2 1 2
1 1 4
3 1 1