# solver=cpp-1562f45ac
# cpu=AMD EPYC Processor (with IBPB)
# isolated_core=11
# strategy=basic
# n_solutions=1
# solve_time=0.00050
1 1
2 2 3 3 3 3 3 2 2 2
4 2 3 3 3 3 3 2 3
1 1 1 1 1 1 1 1 1 1 1
1 1 1 1 1 1 1 1 1 1 1
1 1 1 1 1 1 1 1 1 1 1
1 1 1 1 1 1 1 1 1 1 1
34
1 1
2 2 3 3 3 3 3 2 2 2
4 2 3 3 3 3 3 2 3
1 1 1 1 1 1 1 1 1 1 1
1 1 1 1 1 1 1 1 1 1 1
1 1 1 1 1 1 1 1 1 1 1
1 1 1 1 1 1 1 1 1 1 1
34
1 1
2 2 3 3 3 3 3 2 2 2
4 2 3 3 3 3 3 2 3
1 1 1 1 1 1 1 1 1 1 1
1 1 1 1 1 1 1 1 1 1 1
1 1 1 1 1 1 1 1 1 1 1
1 1 1 1 1 1 1 1 1 1 1
34
1 1
2 2 3 3 3 3 3 2 2 2
4 2 3 3 3 3 3 2 3
1 1 1 1 1 1 1 1 1 1 1
1 1 1 1 1 1 1 1 1 1 1
1 1 1 1 1 1 1 1 1 1 1
1 1 1 1 1 1 1 1 1 1 1
34
1 1
2 2 3 3 3 3 3 2 2 2
4 2 3 3 3 3 3 2 3
1 1 1 1 1 1 1 1 1 1 1
1 1 1 1 1 1 1 1 1 1 1
1 1 1 1 1 1 1 1 1 1 1
1 1 1 1 1 1 1 1 1 1 1
34
1 1
2 2 3 3 3 3 3 2 2 2
4 2 3 3 3 3 3 2 3
1 1 1 1 1 1 1 1 1 1 1
1 1 1 1 1 1 1 1 1 1 1
1 1 1 1 1 1 1 1 1 1 1
1 1 1 1 1 1 1 1 1 1 1
34
1 1
2 2 3 3 3 3 3 2 2 2
4 2 3 3 3 3 3 2 3
1 1 1 1 1 1 1 1 1 1 1
1 1 1 1 1 1 1 1 1 1 1
1 1 1 1 1 1 1 1 1 1 1
1 1 1 1 1 1 1 1 1 1 1
34
1 2 1 2 2 2 1 1 1
1 1 1 1 1 1 1 1 1 1 1 1 1 2 2
1 1 1 1 1 1 1 1 1 1
1 1 1 1 1 1 1 1 1 1
1 1 1 1 1 2 1 1 1 1 1
1 1 1 1 2 2 1 1 1 1
1 1 1 1 2 2 1 1 1 1
1 1 1 1 2 2 1 1 1 1
1 1 1 1 2 2 1 1 1 1
1 1 1 1 2 2 1 1 1 1
1 1 1 1 2 2 1 1 1 1
3 2 3 4 4 4 3 2 3
2 2
2 34 2
---
1
2
2
68 1
2 1 2 1 2 1 2 1 2 1 2 1 2 1 1 1
6 6 6 6 6 6 6 10 1
2 1 2 1 2 1 2 1 2 1 2 1 2 2 1 1
1 1 1 1 1 1 1 1 1 1 1 1 1 3 1 1
6 6 6 6 6 6 6 9 1
2 1 2 1 2 1 2 1 2 1 2 1 2 1 1 1 1
1 1 1 1 1 1 1 1 1 1 1 1 1 2 1 1
2 1 2 1 2 1 2 1 2 1 2 1 2 1 1 1 1
6 6 6 6 6 6 6 9 1
2 1 2 1 2 1 2 1 2 1 2 1 2 1 1 1 1
1 1 1 1 1 1 1 1 1 1 1 1 1 2 1 1
2 1 2 1 2 1 2 1 2 1 2 1 2 2 1 1
6 6 6 6 6 6 6 1 1 1
2 1 2 1 2 1 2 1 2 1 2 1 2 1 9 1
1 1 1 1 1 1 1 1 1 1 1 1 1 1 1 7 1
2 1 2 1 2 1 2 1 2 1 2 1 2 2 1 1 1
6 6 6 6 6 6 7 1 1 1
2 1 2 1 2 1 2 1 2 1 2 1 2 1 1 7 1
1 1 1 1 1 1 1 1 1 1 1 1 1 1 9 1
2 1 2 1 2 1 2 1 2 1 2 1 2 1 1 1 1
6 6 6 6 6 6 7 1 1
2 1 2 1 2 1 2 1 2 1 2 1 2 2 1 1
1 1 1 1 1 1 1 1 1 1 1 1 1 1 1 1 1
2 1 2 1 2 1 2 1 2 1 2 1 2 1 9 1
6 6 6 6 6 6 6 1 1 1
2 1 2 1 2 1 2 1 2 1 2 1 2 2 1 1
1 1 1 1 1 1 1 1 1 1 1 1 1 1 1 1 1
6 6 6 6 6 6 6 9 1
2 1 2 1 2 1 2 1 2 1 2 1 2 3 1 1
1 1 1 1 1 1 1 1 1 1 1 1 1 1 1 1 1
6 6 6 6 6 6 6 9 1
2 1 2 1 2 1 2 1 2 1 2 1 2 1 1 1 1
68 1
2
2
1