# solver=cpp-86fd3e96b
# cpu=AMD EPYC Processor (with IBPB)
# isolated_core=11
# strategy=basic
# n_solutions=1
# solve_time=0.00030
3 3 5 3 5 2
3 2 3 2 3 2
2 3 3 2
2 2
2 2
2 7 7 1
2 2 3 3 2 1
2 1 1
1 1 1 1 1 1 1 1 1
1 1 6 1 6 1
1 2 1 3 1
1 1
1 1
1 1
1 1
1
2 1
1 2
1 1 2
1 2 1 2
3 2
2 2
1 2
2 3
3 1
3 5 1 1
3 7 1 1
4 9 1 1
4 7 2
4 5 4
---
11 2 6
8 2 7
2 10
1 1 3
1 2 1
2 1 3
1 1 1
1 1 2
1 1
2 2
1 1 2 1
3 1 1
3 3
2 2 5
1 1 5
5
1 5
2 10 1 5
1 1 3 3
1 2 1
2 2
1 1
1 1 1 2
3 1 1
3 1 3
2 2 2
1 1 1 2
1 7
5 8 1
9 5 7 3 1