# solver=cpp-86fd3e96b
# cpu=AMD EPYC Processor (with IBPB)
# isolated_core=11
# strategy=basic
# n_solutions=1
# solve_time=0.00030
3 3
3 1 2 2 2
2 2 2 3 3 2 1 4
5 1 2 3 2 1 2 2
5 1 1 1 5
5 1 1 1 5
1 2 1 3 3 2 2
2 1 9 1 4
3 3 3 3 5 2
2 2 2 2 2 2
2 7 1 3 1 2
1 1 1 1 1 3 1 1 4 2
4 7 2 2 1 3 1 2 2 1
2 2 1 1 1 10 2 1 2 2
1 2 1 5 1 1 1 1 5 1 1 1 1
1 2 1 5 7 3 2 2 1
2 2 3 1 1 1 1 3 2 2
7 3 5 3 7
4 3 3 3 4
3 3 3 5 3
---
1 4 3
1 3 4
2 2 7
6 2 2
3 1 2 1
3 1 2 1
5 2 2
7 4
0
4
2 1 2
12
1 1 1 6
2 12
2 2 1 2
2 5 4
1 2 2 4
1 1 3 2 1 1
2 3 9
5 1 1 1 3
2 2 9
1 1 3 2 1 1
1 2 3 4
2 5 5
2 2 2 1
2 1 1 1 6
1 1 1 6
1 1 1 6
2 2 1
5
0
4
6 2 2
4 1 2 2
2 1 1 1 1
4 2 2 1
6 2 2
1 1 7
2 5 4
2 6 3