# solver=cpp-041dbf2
# cpu=AMD EPYC Processor (with IBPB)
# strategy=basic
# n_solutions=1
# solve_time=0.00050
28
1 1
1 3 3 1 3 3 1 3 1
1 1 1 1 1 1 1 1 1 1
1 3 2 3 1 1 1 2 1
1 1 1 1 1 1 1 1 1 1
1 3 3 1 1 1 1 2 3 1
1 1
1 1
1 3 1 1 1 2 3 1
1 1 1 2 2 1 1 1
1 1 1 1 1 1 2 3 1
1 1 1 1 1 1 1 1
1 1 1 1 1 2 3 1
1 1
1 1
1 1
1 1
1 1
30
---
19
1 1
1 3 1 1
1 1 1 1 1
1 1 3 1
1 1
1 5 1 1
1 1 1 1 5 1
1 1 1 1 1
1 1
1 4 5 1
1 1 1 1
1 4 5 1
1 1 1
1 1 1 1
1 5 1 1
1 1 5 1
1 1
1 1 5 1
1 5 1 1 1 1
1 1 1
1 3 1 1
1 5 1 1 1 1
1 1 1 3 1
1 1
1 5 1
1 1 1 1 1
1 1 1 1
1 1
19