# solver=cpp-6dc88e3e
# cpu=AMD EPYC Processor (with IBPB)
# isolated_core=11
# strategy=backtrack
# n_solutions=3
# solve_time=0.00060
0
84
1 1
1 2 5 2 2 5 8 4 2 8 1
1 4 3 2 2 3 8 6 2 8 1
1 2 2 2 2 2 2 2 3 3 2 2 1
1 2 2 3 2 2 3 2 2 2 2 2 1
1 6 3 4 3 2 2 2 2 5 1
1 8 3 2 3 2 2 2 2 5 1
1 2 1 3 2 3 2 2 2 2 2 1
1 2 1 2 2 2 2 3 3 2 2 1
1 2 1 3 2 3 2 6 8 8 1
1 2 1 5 2 5 2 4 8 8 1
1 1
84
---
14
1 1
1 1
1 5 1
1 8 1
1 5 1
1 2 2 1
1 2 2 1
1 5 1
1 4 1
1 5 1
1 1
1 1
1 1
1 2 1 1
1 4 1 1
1 2 2 1 1
1 2 2 2 1
1 1 2 2 1
1 1 4 1
1 1 2 1
1 1
1 1
1 2 1
1 4 1
1 3 1
1 6 1
1 6 1
1 3 1
1 4 1
1 2 1
1 1
1 1
1 1
1 2 1 1
1 4 1 1
1 2 2 1 1
1 2 2 2 1
1 1 2 2 1
1 1 4 1
1 1 2 1
1 1
1 1
1 2 1
1 2 1
1 2 1
1 10 1
1 10 1
1 2 1
1 2 1
1 2 1
1 1
1 1
1 6 1
1 8 1
1 3 3 1
1 2 2 1
1 2 2 1
1 3 3 1
1 8 1
1 6 1
1 1
1 1
1 10 1
1 10 1
1 2 1
1 2 1
1 2 1
1 2 1
1 2 1
1 2 1
1 1
1 1
1 10 1
1 10 1
1 2 2 2 1
1 2 2 2 1
1 2 2 2 1
1 2 2 1
1 2 2 1
1 2 2 1
1 1
1 1
14
0