# solver=cpp-6b570c1b3
# cpu=AMD EPYC Processor (with IBPB)
# isolated_core=11
# strategy=basic
# n_solutions=1
# solve_time=0.00030
0
16
2
12 2
2 2 4
1 3 2 1
5 2 2 2
2 2 1 5
1 1 1 4
1 1 1 1 1 3 1
3 2 2 1 2 1 1 1 1
2 3 1 1 1 2 2 3
1 1 2 1 2 1 1 1 1
2 2 1 1 1 1 1 1 2 1
3 1 3 1 1 2 1 2
1 1 1 1 1 3
1 2 2 2 1 1 1
3 1 1 2 1 1 1
2 3 2 2 1 2 2
4 10 2
23
13 6 1
1 2 6 3 1 5
10 2 3 2
5 1 2 3 2
1 1 1 2 2
1 1 6 5
1 1 2 3
1 2 2 2 2
1 12 3 2 1
---
1 1 1 1 1 1
1 5 1 1 1 1
1 1 1 7 3
1 1 5 8 1
1 1 1 1 3 2 1
1 1 3 4 1 1
1 1 4 5 1 2 1 1
1 1 2 3 2 1 1
1 1 1 1 2 2 1 1
1 1 1 1 2 3 1 1
1 1 1 1 2 5 1
1 1 2 8 1
1 1 4 5 5 1
1 2 3 4 1
1 3 7 5
2 17
3 2 6
3 2 2 2
1 2 1 1 1
2 5 1 1 3 2
2 1 1 2 2 3
1 1 1 4 2
1 7 2 1 1 1
1 1 5 1 2 2
10 1 1 2 2
2 1 1 1 1 1 2 1 2
2 1 2 1 1 2
1 4 2 2
1 1 2 5 2
2 2 1 1 2 1 1 1