# solver=cpp-041dbf2
# cpu=AMD EPYC Processor (with IBPB)
# strategy=basic
# n_solutions=1
# solve_time=0.00070
16
14
2 2 1 2 1 1
1 1 1 1 1 2
1 1 1 1 1 2
1 1 1 1 1 2
1 1 1 1 1 2
1 1 1 1 1 2
1 1 1 1 1 2
18
1 1
22
1 1 1 1 1 1 1 1 1 1 2
2 1 1 1 1 1 1 1 1 3
2 1 1 1 1 1 1 1 1 3
2 1 1 1 1 1 1 1 1 3
24
2 1 1 1 1 1 1 1 1 1 1 1
3 1 1 1 1 1 1 1 1 1 2
3 1 1 1 1 1 1 1 1 1 2
3 1 1 1 1 1 1 1 1 1 2
3 1 1 1 1 1 1 1 1 1 2
26
1 1 1 2 2 2 2 2 1 1 1
2 1 1 1 1 1 1 1 1 2
2 1 1 1 1 1 1 1 1 2
2 1 1 1 1 1 1 1 1 2
2 1 1 1 1 1 1 1 1 2
2 1 1 1 1 1 1 1 1 2
28
1 1 2 2 2 2 2 2 2 1 1
2 1 1 1 1 1 1 1 1 2
2 1 1 1 1 1 1 1 1 2
2 1 1 1 1 1 1 1 1 2
2 1 1 1 1 1 1 1 1 2
2 1 1 1 1 1 1 1 1 2
2 1 1 1 1 1 1 1 1 2
30
2 1 1 1 1 1 1 1 1
2 2 1 1 1 1 1 1 1 1 1 1 1 2
1 1 1 1 1 1 1 1 2
1 1 1 1 1 1 1 1 2
1 1 1 1 1 1 1 1 2
1 1 1 1 1 1 1 1 2
1 1 1 1 1 1 1 1 2
32
1 1
3 2 3 3 3 3 3 2 1
1 2 3 3 3 3 3 2 4
1 1 1 1 1 1 1 1 1 1
1 1 1 1 1 1 1 1 1 1
1 1 1 1 1 1 1 1 1 1
1 1 1 1 1 1 1 1 1 1
1 1 1 1 1 1 1 1 1 1
1 1 1 1 1 1 1 1 1 1
34
1 2 1 2 2 2 1 1 1
1 1 1 1 1 1 1 1 1 1 1 1 1 2 2
1 1 1 1 1 1 1 1 1 1
1 1 1 1 1 1 1 1 1 1
1 1 1 1 1 2 1 1 1 1 1
1 1 1 1 2 2 1 1 1 1
1 1 1 1 2 2 1 1 1 1
1 1 1 1 2 2 1 1 1 1
1 1 1 1 2 2 1 1 1 1
1 1 1 1 2 2 1 1 1 1
1 1 1 1 2 2 1 1 1 1
3 2 3 4 4 4 3 2 3
2 2
2 34 2
---
1
2
2
13 1
11 1 1
9 1 1 10 1
11 1 2 2 1 1
8 7 6 10 1 1
7 7 1 1 1 1 1 9 1
13 1 9 1 2 1 1 1 1
2 4 5 7 1 6 9 1 1
1 2 2 2 2 1 1 1 2 1 1 1 1
1 1 1 4 5 6 8 1 1 1 9 1
10 2 2 2 2 1 1 1 2 1 1 1 1
3 1 1 4 6 2 1 6 9 1 1
2 7 2 2 1 6 7 1 1 2 2 1 1
3 1 1 4 6 2 2 1 1 1 1 1 1
3 1 2 2 2 2 1 1 1 2 1 9 1
2 7 1 4 5 6 7 6 8 1 7 1
3 1 2 2 2 2 1 1 1 2 2 1 1 1
2 7 1 4 6 2 2 1 1 2 1 1 1
3 1 2 2 1 6 7 1 1 2 1 1 7 1
3 1 1 4 6 2 1 6 8 9 1
2 7 2 2 2 2 1 1 1 2 1 1 1 1
3 1 1 4 5 6 8 1 1 2 1 1
2 7 2 2 2 2 1 1 1 2 2 1 1
10 1 4 6 2 1 6 8 1 1 1
1 1 2 2 1 6 7 1 1 2 1 9 1
1 1 4 6 2 2 1 1 1 1 1 1
8 1 7 1 1 1 2 2 1 1
6 6 1 7 6 8 1 1 1
7 7 1 1 1 1 1 9 1
8 8 1 2 3 1 1
9 7 8 1 1 1
9 1 1 9 1
11 1 1 1
13 1
2
2
1