# solver=cpp-1e16a40
# cpu=AMD EPYC Processor (with IBPB)
# isolated_core=11
# strategy=basic
# n_solutions=1
# solve_time=0.00050
2 2 5
2 2 4 1
2 2 4 1
2 5 1
2 2
2 2
1 3
3 3
3 2
3 2
7 8 9
3 1 1 1 1 1 1 1 3
1 1 1 1 1 1 1 3 5 2
1 1 1 1 1 1 2 1
1 1 2 1 1 2 3 2
1 1 2 5 2 4 2
1 1 2 1 1 2 1 1 2
1 1 1 1 1 1 1 1 1
1 1 1 1 5 2 1 1 5
1 1 1 1 1 2 4 1
6 7 9
3 3 2
4 2 2
3 1 2 2
3 1 2 1 1 2 1
2 3 1 2 4 1 2
4 3 14
11 7
2
2
---
2 3
2 4
11 1 2
1 2 1 5
2 12 1 1 1
2 3 1 6
2 1 1 1 1 1 1 1 2
2 2 1 3 1 1 2
2 1 4 4 2 1 1
3 1 1
6 4 4
1 1 1 1 4
6 3 1
1 1 4 1 2
2 1 1 1 1 2
2 1 3 2 1 2
2 1 1 2 3 3
1 3 2 2 1 1
1 3 2 4
1 3 2 2
2 1 1 5 2 2
1 3 1 2 4
2 3 1 7 3
2 4 4 2 2
1 1 1 2 1 2
2 2 1 3 1 2
1 1 2 2 1 2 1
1 2 3 2 1 3
1 2 4 1 1 2
5 3 2