# solver=cpp-1e16a40
# cpu=AMD EPYC Processor (with IBPB)
# strategy=contra
# n_solutions=1
# solve_time=0.00080
# solver=cpp-041dbf2
# cpu=AMD EPYC Processor (with IBPB)
# strategy=contra
# n_solutions=1
# solve_time=0.00050
1 3 3 1 3 3 3 3 3 2 1 1 3
1 1 1 1 1 1 1 1 1 1 1 2 2 1 1
1 2 1 1 2 1 1 1 1 2 1 1 1 1 1
1 1 1 1 1 5 1 2 1 1 1 1 1 5
3 3 1 3 3 1 1 1 2 4 1 1 1 1 1 1
1
3 2
1 1 2
3 1 1
0
1 3 3 1 3 3 3 3 3 2 1 1 3
1 1 1 1 1 1 1 1 1 1 1 2 2 1 1
1 2 1 1 2 1 1 1 1 2 1 1 1 1 1
1 1 1 1 1 5 1 1 1 1 1 1 5
3 3 1 3 3 1 1 1 4 1 1 1 1 1 1
---
5 5
1 1
1 1
0
5 5
1 1 1 1 1 1
1 1 1 1
0
1 1
5 5
1 1
0
2 2
0
2 1 2 1
1 1 1 1 1 1
1 2 1 2
0
0
5 5
1 1 1 1 1 1
1 1 3 1 1
1 1
2 3 2
4 4
1 1 3 1 1
4 2 4
2 1 2
0
1 1
5 5
1 1
0
2
3 5
1 1
1 1 1
5 3
1 1
1 1 1 1
3 2
0
1 5
2 1
3
5 1
1 5
3
1 2
5 4
1 1
2 4
4 2
1 1
4 1
2
0
1
0
0