# solver=cpp-d85c7576
# cpu=AMD EPYC Processor (with IBPB)
# isolated_core=11
# strategy=basic
# n_solutions=1
# solve_time=0.00040
0
1
3
3
5
1 1
1 1
3 2
5 2 1
7 2 2
9 2 2 2
4 4 2 2 3
4 4 2 2 3
3 4 2 2 2
3 4 2 2 2
3 4 2 2 2
3 4 2 2 2
5 3 3 4 3 6 3 4 2 2 2 2 2 3 2 3 3
5 5 2 2 4 5 6 3 4 2 2 2 2 2 3 2 3 5
2 1 2 2 2 2 2 2 2 2 2 3 4 2 2 2 2 2 2 2 2 2 2
2 1 2 2 2 2 2 2 2 2 3 4 2 2 2 2 2 2 2 2 2 2
2 1 2 2 2 2 2 2 2 1 3 4 2 2 2 2 2 2 5 2 2
2 1 2 2 2 2 2 2 2 2 3 4 2 2 2 2 2 2 5 2 2
2 1 2 2 2 2 2 2 2 2 3 4 2 2 2 2 2 2 2 2 2 2
2 1 2 2 2 2 2 2 2 2 2 3 4 2 2 2 2 2 2 2 2 2 2
5 5 2 2 2 5 3 2 3 4 2 2 2 2 2 3 2 3 5
5 3 3 2 3 3 2 3 4 2 2 2 9 2 3 3
3 4 2 2 2
3 4 2 2 2
3 4 2 2 2
3 4 2 5
4 4 10
10 10
9 9
7 7
5 5
3 3
1 1
0
0
---
0
2 2
10
10
2 2
10
0
8
10
2 2
10
8
0
8
10
1 1
3 3
2 2
0
2
10
10
2
0
8
10
2 2
10
8
0
2 2
10
10
2
10
4 5
2 2
24
24
26
2 3
3 4
28
30
2 30
3 32
4
3 32
2 30
6
5
28
26
5
24
24
2 2
10
10
1
10
10
1
10
10
2 2
0
10
10
2
10
10
2 2
0
8
10
2 2
10
8
0