# solver=cpp-6dc88e3e
# cpu=AMD EPYC Processor (with IBPB)
# isolated_core=11
# strategy=basic
# n_solutions=1
# solve_time=0.00040
7
2 2
2 2 1
11 3
1 1 5 3 3 1 3
1 1 2 1 2 1 1 1 2 1
11 1 3 1 1 1 3
1 1 1 2 1 1 1 1 1 1
1 1 1 1 3 3 3 3
1 3 1 1
1 1 1 1
1 3 1 1 3 3 3
1 1 3 1 1 2 1 1 1 1 1
9 1 2 1 1 3 3 3
1 1 1 1 1 1 2 1 1 1 1 1
9 3 1 1 3 1 3 3
1 1 1 1
9
1 1 1 1
9
---
2 1
3 1 7
2 11 1 1 1
1 1 1 1 3 1
1 1 1 3 3 3
1 1 4 1 1 1 1 1
1 1 1 3 1 3 1
1 1 1 3 3
2 11 1 1 1
3 1 7
2 2
1
0
0
1 1 1
2 4
2 1 1
8
2 4
2 1
1 1
4
0
0
0
1 3
1 1 1 1 1
3 1 5
1
5 3
1 1 1 1
5 5
0
1 1 3 1
5 1 1 1
1 1 3
0
1 3 5
1 1 1 1 1 1
3 1 5