# solver=cpp-b64f6aebe
# cpu=AMD EPYC Processor (with IBPB)
# isolated_core=11
# strategy=basic
# n_solutions=1
# solve_time=0.00040
3 1 1 3
2 1 1 1 1
6 1 3 1 3 2
8 7 1 1 1 1
4 4 9 1 1 1 3
3 5 9
2 3 2 8 1 1 1
2 3 2 7 1 1 1 1
5 3 7 1 1 1 2
4 4 7 2 1 1 1 1
8 8 1 1 1 1 1 2
6 8 1 2
7 1 2
5 2 3
2 3
3 1 1 3 3 2 3
1 1 1 1 1 1 7
1 3 3 1
1 1 1 1 1 1
1 1 1 1 1 1 5 1 1
7 1 1
23 1 1
23 1 1
7 1 1
5 5
---
6 1
8 5
4 4 1
3 5 2
2 3 2 5 2
2 3 2 1 2
5 3 5 2
4 4 2
8 5 2
6 1 1 2
5 2
2
1 2
5 2
2 2 1 2
1 4 4 2
13 2
11 2
12 4
12 6
11 6
9 6
7 6
6
4
2
0
1
5 4 6
1 1 2 1
4 2 1
5 1 2 1
1 4 1 6
5 1 1
4 1
5 1 1
1 1 1 4 2
1 1 1 4
7
5