# solver=cpp-1e16a40
# cpu=AMD EPYC Processor (with IBPB)
# isolated_core=11
# strategy=contra
# n_solutions=1
# solve_time=0.00040
4
6 5
8 7
3 5 8
2 4 4 3
9 2
7 2
7 1
9 1
3 1 3
11
5 5
6 11
2 2 9
2 1 3 5 6
2 2 2 3 5
2 2 2 3 4
2 3 1 1 3
2 2 3 2
1 2 2 1
2 2 2 1 1
3 2 2 1 1
6 1 2 1 1
2 1 1 2 1 1
1 1 2 1 1
1 1 1 1 2 1 1
1 3 2 2 1 1
3 2 3 2 1 1
2 2 4 2 2 2
6 1 2 4
---
7
2 2
1 2
3 1 1
5 2 2
2 2 3 2
1 4 1 2
4 1
2 2 1 1 1
2 1 3 1
3 1 3 2
3 2 2 3
3 2 2 3
3 2 9
4 3 1
6 7
13
13
6 10 1 1 1 1 1
6 5 12
4 9 1 1 1 1 1
11
11
4 7
4 3 1 9
3 2 2
3 3 1
4 4 1
6 5 2
7 14