# solver=cpp-041dbf2
# cpu=AMD EPYC Processor (with IBPB)
# strategy=contra
# n_solutions=1
# solve_time=0.00060
4 5 10 2 2 4
1 1 2 2 2 2 7 2
8 2 2 2 2 3 4
2 1 2 1 2 1 1 5
1 4 1 4 4 1 3
6 1 2 2 1 5 1
7 1 1 7
9 1 1 9
11 1 1 1 1 11
13 1 1 14
5 6 1 1 3 7
4 2 1 1 1 1 2 4
2 1 2 2 2 1 2
2 1 1 3
4 2 2 5
7 1 1 8
8 1 1 9
8 1 1 9
9 2 4 2 10
10 4 4 11
---
3 1 5 5
1 2 6 5
4 6 6
1 1 7 6
2 7 7
3 6 7
1 1 6 5
3 7 4
2 6 2 2
1 5 1 1
5 4 1
2 1 2 4
2 4 2
1 2 1 1
1 4 1 1
1 1 2 4 2
1 2 1 1
1 1 1
1 2 4 2
1 4 1 1
1 1 2 1 1
2 2 4 2
2 1 2 4
5 4 1
1 3 1 1 1
2 4 2 2
1 5 4
3 5 5
3 6 7
3 6 7
2 1 6 7
4 6 6
1 3 5 6
5 5 5
2 2 4 5