# solver=cpp-1e16a40
# cpu=AMD EPYC Processor (with IBPB)
# isolated_core=11
# strategy=contra
# n_solutions=1
# solve_time=0.00060
12
4 8
3 2
2 3
2 13
3 1
2 2
9 7 3
14 1
3 6 2 5
3 5
2 2
2 2 1 2
2 3 1 3
2 4 2 2
3 4 2
3 2
4 3
5 3
8 3
4 11
3 8
2 1
1 14 7
1 2
2 1
3 13 8
4 2
5 2
16 4
---
6
3 3
6 2 2
9 2 2
3 6 1 2
3 1 4 1 1
2 2 3 1 1
2 1 2 1 1 2
4 2 2 3 1 1 1
8 1 2 1 1 1
3 4 1 3 1 1 1
2 2 2 2 1 1 1
2 2 1 2 1 1 1
1 2 1 4 1 1
1 2 2 2 1 1 1
1 1 2 3 2 1 1 1
1 1 2 2 1 1 1
1 1 3 3 2 1 1
1 1 1 3 3 3 1
1 1 1 5 3 2 1
1 1 1 1 7 3
2 1 1 2 5 1 2
1 1 3 1 1 1
1 1 1 1 1
1 1 2 1 1 1 1
1 3 1 1 1 1
1 1 1 1 1 1
1 2 1 1 1 1 1
3 1 1 1
2 1 1