# solver=cpp-6dc88e3e
# cpu=AMD EPYC Processor (with IBPB)
# isolated_core=11
# strategy=basic
# n_solutions=1
# solve_time=0.00040
7 6
17
18
20
21
21
13 6
7 5
6 3
5 3
5 4 5 3
5 1 1 2 1 1 3
1 2 1 1
1 1 1 1
3 3
3 2
5 3
6 8 5
6 12 6
7 12 6
6 7 7
6 3 4
2 2
8
1 1
4 4
2 4 2
3 3 3 4
2 1 4 2 2
1 2 2 1
---
0
3
4 5
6 8
8 8
10 7 2
13 6 2
11 3 1 1
9 1 3
8 1 2 1 1
7 1 2 1 2
7 1 3 1 1 1
7 2 4 1 1 1
7 1 4 6
6 1 1 4 1 1 1
7 3 4 1 1 1
6 1 4 6
6 1 4 1 1 1
6 2 4 1 1 1
7 1 2 1 2
8 1 2 2 1
7 1 2
8 2 3
9 4 1 1
9 8 2
3 8 2
4 6
5
3
0