# solver=cpp-d85c7576
# cpu=AMD EPYC Processor (with IBPB)
# isolated_core=11
# strategy=basic
# n_solutions=1
# solve_time=0.00040
15 15
12 12
9 4 10
7 6 8
6 6 7
5 6 6
4 6 5
3 4 4
3 3 3 4 4
2 2 2 2 4 3 3
2 1 1 1 11 3
1 2 6 1 1 2 3 2 2
1 5 1 15 2
1 3 1 4 5 6 1
4 2 2 12 2 1
4 2 7 7 3
1 2 2 12 3 2
2 2 1 1 15
2 11 1 1 2
2 3 3 8
2 5 5 4
2 16
4 2 4 7 2
1 1 4 2 3 3
2 3 2 1
1 1 1 1 1 2 1
1 2 5 1 1
1 4 2 1 1
2 3 1 2
2 1 1 2
3 1 1 3
3 30 3
4 28 4
5 26 5
6 24 6
7 20 7
8 16 8
10 10 10
12 12
15 15
---
14 15
11 12
9 10
7 1 8
6 3 2 7
5 3 2 1 2 1 6
4 2 2 11 2 5
3 1 11 3 4
3 2 4 4 3
2 5 4 3
2 2 5 2
2 1 5 2
1 6 6 1
1 2 1 2 3 6 1
1 4 1 2 1 2 6 1
7 1 3 1 7
6 3 3 7
6 2 2 10
6 4 2 3 7
4 4 4 4 7
12 2 7
1 2 2 6 7
9 4 7
2 1 5 3 7
11 1 7
1 7 4 2 6 1
1 3 12 6 1
1 1 9 17 1
2 16 5 2
2 4 4 4 5 2
3 2 4 6 4 3
3 8 1 3 4 3
4 11 1 3 4
5 3 2 5 2 5
6 2 1 6 1 6
7 8 7
9 4 8
11 10
13 12
15 14