# solver=cpp-86fd3e96b
# cpu=AMD EPYC Processor (with IBPB)
# isolated_core=11
# strategy=basic
# n_solutions=1
# solve_time=0.00040
1
1 7
1 10
1 13
1 16
1 18
1 20
1 20
1 13 4
1 12 3
1 12 3
1 12 3
1 10 2
1 8 2
1 7 2
1 7 2
1 6 4 1
1 10 2 1
1 10 2 1 1
1 12 1
1 12 1
1 12 1
1 12 1
1 11 2
1 10 1
1 8 1
1 6 1
1 9 2
1 6 2
14 7 2 4
2 7 1
2 8 3
2 7 4
2 5 5 6
1 9 4 7
10 2 9
12 9
14 10
15 10
16 10
---
2
2
2
2
2
30 2
1 3
1 4
1 4
1 5
1 6
1 6
1 6
8 5 1 6
18 1 7
20 1 7
21 1 7
22 1 7
25 8
30 3
12 17 1
11 18
12 18
11 1 17
11 7 9
8 1 3
7 1 1
7
7 1 1
6 3
5 2 3
5 1 1 5
5 7
6 3 9
9 17
6 7 9
1 8
1 7
1 6
1 5