# solver=cpp-86fd3e96b
# cpu=AMD EPYC Processor (with IBPB)
# isolated_core=11
# strategy=basic
# n_solutions=1
# solve_time=0.00040
1
1
3
2 2
2 1 2
3 3
2 3 1
4 4
2 3 2
1 2 2 1
1 1 3 3
2 2 2 2
3 3 3
1 3 3 1 16
1 2 3 2 1 17
15 5 1
22 1 1
1 1 1 1 1 1 4 1 1 1
1 1 1 1 1 1 2 2 1 1 3 3 3 1
14 3 1 1 1 1 1 1 1 1 1
1 3 2 1 1 3 3 3 1
1 1 3 1 1 3 3 3 1
1 3 2 1 1 3 3 3 1
1 2 3 1 1 1 1 1 1
1 1 1 1 1 2 2 1 1 1
1 3 3 3 3 3 1 1 1
1 3 3 3 2 2 3 15
1 3 3 3 4 4 2 1 1
1 1 1 1 1 1 1 1 1 2 4 6
1 3 3 3 1 3 4 1 1
1 1 2 2 2 7 2
1 1 3 8 3 1 2
1 1 2 2 3 1 3 1 1
23 1 3 1 3 1 1
1 1 1 1 1 1 1
1 1 2 2 2 2
2 2 1 1 3
3 3 1
1 1 1
1 1
---
15
4 1
9 1 5 1
3 2 5 4 1 1
3 1 5 1 5 1
2 1 1 1 7 1
3 1 1 1 1 2 1 5 1
2 1 1 1 1 6 4 1 1
3 1 1 1 1 1 3 1 5 1
2 1 1 1 1 6 1
3 1 1 1 1 2 1 5 1
2 1 1 1 7 4 1 1
3 1 5 1 5 1
2 3 6 1
11 14
3 2 2 3 1
5 2 2 4 1
1 4 2 2 5
1 4 2 2 3
1 4 2 2 1
1 4 2 2
2 4 3
17 4
2 4 2
3 2 1 2 3
15 1 2
2 1 6
2 5 1 3
2 1 4 1 6
2 5 1 1 3
2 1 1 2 3
2 5 1 1 3
2 1 4 1 6
2 5 1 4
2 10
2 5 1 1 2
2 1 4 1 1 3 3
2 5 1 1 2
2 1 1 6
19