# solver=cpp-400bd85f2
# cpu=AMD EPYC Processor (with IBPB)
# isolated_core=11
# strategy=basic
# n_solutions=1
# solve_time=0.00040
3 4 2 1
4 2 4 1
3 2 3 4 5
3 2 2 3
2 2 1
5
3 3 3 1 3 1
3 1 1 1 1 3 2 1 1 2
3 3 3 3 1 2 3 1
3 1 1 1 1 3 1 1 1 1
3 3 3 3 3 3
0
0
0
22
2 2
1 3 3 3 3 3 3
1 3 3 3 3 3 4
1 3 3 3 3 3 3
1 1
1 1
1 1
1 2 2 3
26
4 4
2 1 2
3
5
1
1
---
11
11
4 6
1 1
2
2
2 9
2 2 1
1 1 3 1
5 1 3 1
1 1 1 1 1 3 2
1 1 5 1 4
1 1 1 3 4
1 1 1 1 3 2
3 1 3 1
1 1 1
2 1 3 1 1
4 3 1 1 3 1 2
4 1 1 1 1 3 1 5
2 1 3 1 1 2
1 3 1 1
1 1 1 3 1
1 1 1 3 1
1 1 1 1
1 3 2
1 1 1 3 4
1 5 1 3 4
2 1 1 2
5 4 1
2 1 1 4 2
1 1 1 1 3 2
5 7
0
1
3
1
0
1 1
5
1