# solver=cpp-1e16a40
# cpu=AMD EPYC Processor (with IBPB)
# isolated_core=11
# strategy=contra
# n_solutions=1
# solve_time=0.00060
2
2 1
2 1
5 2
4 3 15
3 8 4
15 3
2 1 14 1 1
1 1 2 1 3 3
2 4 1 1 3 3
1 6 1 1 6 1 3 1
5 4 2 1 8 1 1 2
2 1 4 4 1 4 4 1 3
2 5 3 3 2 3 3
2 3 4 3 4 3 3
4 6 1 4 3 4
12 2 2 8
17 2 3 4
21 5
23
---
1 6
4 6
3 2 5
2 2 5
1 5 4
2 2 2 4
2 4 1 4
3 6 4
1 1 4 4
1 1 3 4
2 1 1 4
1 7 2 4
1 2 2 1 3
4 1 1 1 3
5 1 1 2 3
2 3 2 1 3
2 2 1 1 3
1 9 1 2
1 2 1 1 2
3 1 2 2
2 1 3 2
1 1 6 1
1 1 4 2 1
1 1 3 2 2
1 1 2 4 1
1 1 2 4 1
1 1 3 2 2
1 1 4 3
1 1 7
1 1 5
1 2 4
1 3 2
2 2 1 2
1 2 1 3
2 2 2
4 1 2
1 2 3
3 3
5
2