# solver=cpp-6dc88e3e
# cpu=AMD EPYC Processor (with IBPB)
# isolated_core=11
# strategy=basic
# n_solutions=1
# solve_time=0.00050
5
2 2 5
2 1 2 2 2
1 2 1 2 1 2
1 1 1 1 2 1
1 1 1 1 1 1 3 3
2 3 2 1 1 1 5 5
2 2 2 3 2 7 7
5 2 2 15
5 15
15
5 5 15
2 2 2 2 13
2 3 2 2 1 2 11
1 1 1 1 2 1 9
1 3 1 1 1 1 7
1 1 1 1 1 1 5
2 3 2 2 3 2 3
2 2 2 2 1
5 5
---
5
2 2 5
2 2 2 2
1 1 1 1 2 2
1 5 1 1 3 1 1
1 1 1 1 1 1 1 1
2 2 1 1 3 1
2 2 2 2
5 2 2
5
5
2 2 5
2 2 2 2
1 1 1 1 2 2
1 5 1 1 1 1 1
1 1 1 1 5 1
2 2 1 1 1
2 2 2 2
5 2 2
5
5
7
9
10
11
11
11
11
11
11
11
10
9
7
5