# solver=cpp-b64f6aebe
# cpu=AMD EPYC Processor (with IBPB)
# isolated_core=11
# strategy=basic
# n_solutions=1
# solve_time=0.00040
40
1 1 1 1
1 1 3 1
1 1 3 1
1 1 5 1
1 14 1 7 1
1 16 1 2 2 1
1 1 1 1 1 3 1 1
1 16 1 1 2 2 1 1
1 1 1 1 1 1 1 1 1
1 1 2 4 2 1 1 1 2 2 1 1
1 1 2 3 1 1 1 3 1 2 1
1 1 1 2 1 1 2 2 2 1
1 1 1 2 1 1 9 2 1
1 1 1 2 1 1 1 1 1 1 1 1 2 1
1 1 1 2 1 1 2 9 2 1
3 1 2 3 3 1 1 1 1 4 1
1 1 1 2 1 1 6 1 1 1 6
1 1 1 2 1 8 1 1 1 6
1 6 7 8 1 1 1 6
40
1 1 1 1
1 1 5 1
1 3 1 1 1 2 2 1
1 6 4 1 2 2 1
1 5 2 1 1 1 1
1 5 2 1 1 1 1
1 3 2 1 2 2 2 2 1
1 3 3 1 1 1 7 1 1 1
1 2 3 1 6 6 1
1 2 4 1 1 5 1 1
1 2 5 1 1 2 2 1 1
1 2 7 1 1 1 1 1 1
1 3 5 1 1 2 3 2 1 1
1 2 3 1 1 2 5 2 1 1
1 2 5 1 5 1 1
1 4 3 2 1 1 2 5 2 1 1
1 4 3 3 1 1 2 5 2 1 1
3 1 1 5 1 1
40
---
40
1 1 1 2
1 15 1 1 3
1 2 1 2 12 1 1
1 2 1 1 2 11 1 1
1 2 1 1 2 6 1 2 1
1 2 1 2 4 1 1
1 2 1 10 3 1 1
1 2 1 2 1 1 2 1
1 2 1 1 1 3 1 1
1 2 1 2 1 4 2 1
1 2 1 11 5 1 1
1 2 1 10 2 6 2 1
1 2 1 2 10 1 1
1 2 1 1 2 9 2 1
1 2 1 1 2 2 1 2 1
1 2 1 2 1 1
1 15 1 1
1 1 1 1 1
40
1 3 1
1 4 12
1 6 1 1 1
1 7 1 1 1
1 5 2 2 2 1
1 4 4 1 3 2 1
1 15 2 3 1 1
1 2 2 1 1 2 1 2 6
1 2 3 8 1 1 1 7
1 4 2 2 1 1 3 1 1 7
6 1 1 8 1 1 1 7
1 4 2 2 1 1 1 2 1 2 6
1 2 3 8 2 3 1 1
1 2 2 1 1 4 1 3 2 1
1 15 2 2 2 1
1 5 1 1 1
1 10 1 1 1
1 10 12
1 4 1
40