# solver=cpp-400bd85f2
# cpu=AMD EPYC Processor (with IBPB)
# isolated_core=11
# strategy=basic
# n_solutions=1
# solve_time=0.00060
0
0
10 10
13 12
6 5 5 5
4 5 4 5
4 3 3 4
2 7 1 1 7 2
1 5 5 5 5 2
4 1 4 4 1 4
2 1 5 1 2 2 1 5 1 2
2 2 1 1 2 2 2 1 1 1 2 2
2 1 5 1 2 2 1 5 1 2
2 2 1 1 2 2 2 2 1 1 2 2
2 1 5 1 2 2 1 5 1 2
4 1 4 4 1 4
4 4 4 4
7 7
5 5
0
---
3 1
3 3
3 2 2
4 2 2
4 2 3 2
3 4 4
3 3 3
3 2 3 1 3
2 2 1 1 1 2
2 1 7 2
2 2 1 1 1 2
2 2 1 3 3
3 3 3
4 4 4
3 2 3 2
4 2 2
4 2 2
2 3
1
0
0
1
2 3
4 2 2
4 2 2
4 2 3 2
3 3 4
3 3 3
2 2 3 1 3
2 2 1 1 1 2
2 1 7 2
2 2 1 1 1 2
3 2 1 3 3
4 3 3
4 4 4
4 2 3 2
3 2 2
3 2 2
3 3
1 1