# solver=cpp-a0f9b8019
# cpu=AMD EPYC Processor (with IBPB)
# isolated_core=11
# strategy=basic
# n_solutions=1
# solve_time=0.00030
0
4 4
1 1 1 1
1 1 1 1
1 1 1 1
1 1 1 1
1 2 2 1
2 2 2 2
2 5 2
2 2
2 2
1 1 1 1 1 1
1 2 1 1 1 1 3 1
1 1 1 1 1 1 1 1 1
1 2 1 1 1 1 3 1
1 1 1 3 3 3 1 1
1 2 3 1
1 1
1 3 3 1
1 5 5 1
1 2 2 2 2 1
1 2 2 1
1 2 2 1
1 2 2 1
1 2 2 2 2 1
1 5 5 1
1 5 3 1
1 1
23
0
---
0
19
2 1
2 5 1
2 1 1 1 1
7 1 1 1
1 1
1 5 2 3 1
6 1 3 4 1
2 5 2 2 2 1
2 5 3 1
1 5 3 3 1
1 1 1
1 1 2 2 1
2 3 3 1
2 5 2 1 2 1
6 1 9 1
1 1 3 3 1
1 1
7 3 1 1
2 1 1 1 1
2 1 3 1
2 1
19
0