# solver=cpp-1e16a40
# cpu=AMD EPYC Processor (with IBPB)
# isolated_core=11
# strategy=basic
# n_solutions=1
# solve_time=0.00030
0
30
2 2 4
2 2 1 1
3 2 1
30
3 2 1
2 1 1
2 3
30
2 2
2 1 1
2 1 1
30
2 4
2 1
2 1
30
2
0
---
1 1 1 1 1
1 3 1 1 2
1 4 1 1 2
6 1 1 2
2 1 1 1 3
1 1 1 3 1
1 1 1 3 1
1 1 1 3 1
1 1 3 1 1
2 1 3 1 1
3 1 3 1 1
1 5 1 1 1
1 3 1 1 1
1 1 1 1 1
1 1 1 1 1
1 1 1 1 1
1 1 1 1 1 1 1
1 1 1 1 1
1 1 1 1 1
1 1 1 1 1
1 1 1 1 1
1 1 1 1 1
1 1 1 1 1
2 1 2 3 1
2 1 2 1 2 1
2 3 3 2 1
3 1 1 9
1 1 1 1 1
1 1 1 1 1
1 1 1 1 1