# solver=cpp-86fd3e96b
# cpu=AMD EPYC Processor (with IBPB)
# isolated_core=11
# strategy=basic
# n_solutions=1
# solve_time=0.00030
20
1 1 1 1 1
1 1 3 1 1
2 1 1 2
1 2 3 1
1 2 1
1 1 1
1 2 1
21 1
1 1 2 1 1
1 1 2 1 1
1 1 2 1 1
21 1
1 1 2 1
1 1 2 1 2
1 1 2 1 2
1 1 2 1 1 2
1 1 3 2 2
1 1 2 2 1
1 1 2 2 2
1 1 5 2
1 1 1 3 2
1 2 2
1 2 2
1 9
---
17
1 1
1 1
1 1
1 1
1 1
1 1
22
1 1 1 1
1 1 1 1
2 1 1
1 9
1 2 6
1 1 1
1 1 1
1 3 1 1
3 1 1 1
1 3 1 1
1 1 1
1 1 1
1 6
1 2
1 2
2 2
1 1 2
1 1 2
22
2
2
2 6
10
2
1
1
2 6
9
1
1
1
1