# solver=cpp-400bd85f2
# cpu=AMD EPYC Processor (with IBPB)
# isolated_core=11
# strategy=basic
# n_solutions=1
# solve_time=0.00040
4
2 3
2 2
2 2
2 1
8 2 2 8
2 2
2 2
2 2
1 2
3
8 3 12
3
2 2
2 2
2 1
4 2 2 1 12
2 1
2 4
2 7
2 3 2
2 4 2
2 1 3 1 2 2 1 6
2 2 1 1
2 1 1 2
2 2 2
2 2 2
3 1 2
5 5 4 8
7
2
2 1
1 1
2 2
3
---
1 1 1 1 1
1 1 1 1 1
1 1 1 1
1 1 1 7 1
1 1 5 4 1
1 1 4 1 2
1 1 3 1 2
1 1 2 1 2
2 1 2
6 2 1 4 2
14 3 2 2 3
3 2 10 1 1 2
1 2 2 6 2 1
2 3 1 1 2 6 2
4 4 1 1 2 1 6
6 1 1 1 1 3
1 1 3 4
1 1 1 6 1
1 1 1 1
1 1 1 1 1
1 1 1 1 1
1 1 1 1 1
1 1 1 1 1
1 1 1 1 1
1 1 1 1 1