# solver=cpp-400bd85f2
# cpu=AMD EPYC Processor (with IBPB)
# isolated_core=11
# strategy=basic
# n_solutions=1
# solve_time=0.00030
1 7 7
5 1 1 1 1 5
1 1 1 1 1 1 1 1 1 1 1 1
5 1 1 1 1 1 1 1 1
1 1 1 1 1 1 1 1 1 1 1 5 1
5 1 1 1 1 7
1 7 7
0
8 4
1 1 6
1 1 1 8
1 1 1 1 7 3 3
1 2 1 5 1 1 2 1 1 2
1 3 1 1 1 1 1 1 1 2 2
1 2 1 5 1 1 1 1 1 1 1
1 1 1 1 1 1 1 1 2 2 2
1 1 5 1 1 2 2
1 1 1 1 7 1 1
1 1 1 1
8
---
0
3 1 12
1 1 1 1 1
7 1 1
1 1 1 1 1 2 1 1
1 3 1 3 1
1 3 1
1 1
7 12
1 1
1 1 1 1
1 1 1 3 1
1 1 1 1 1 1 1
1 1 7
7 1 1 1
1 3
7
1 1 7
1 1 1 1 1 1
1 1 1 1 1 1 1
1 1 1 1 1 1 1
1 1 1 1 1 1
7 1 1
7
1
1 3
5 6
1 2 3 2
1 2 3 1 1 3
1 2 3 1
5 3 1
1 3 1 1 3
1 3 2
6
3