# solver=cpp-6b570c1b3
# cpu=AMD EPYC Processor (with IBPB)
# isolated_core=11
# strategy=basic
# n_solutions=1
# solve_time=0.00030
3
4 9
3 1 4 1 1 6
3 1 6 1 3 1 6
2 2 2 3 1 1 1 1 4
3 2 1 1 1 3 1 1 1 1 4
5 1 3 1 1 1 1 2
4 2 1 4 1 3 8
3 4 2 2 1 1
3 1 3 1 1 2
3 4 4 1 2
4 1 1 1 1
5 3 1 1
2 3 5 16
2 2 7 1 2
2 2 7 1 3 3 3
2 2 1 1 1 2 2 2 2 1 2
3 3 1 1 3 8 3 2
2 2 2 2 2 2 5
3 3
---
18
18
4 8 1
1 2 3
2 6
2 5
2 1
0
1 3
5 1 2
2 2 1 3 1
2 1 11
2 1 1 4
2 1 11
3 2 1 3 1
5 1 2
7
4
0
0
1 5
13 1
1 1 3
1 5 1 2 2
1 1 1 1 1 1 1
1 5 1 5
1 1 3
7 1 1
1 1 1 1
2 1 1 3
4 1 1 5
6 1 1 1 1
6 1 2 2
4 1 1 3
2 7 1
2 6
2 1
2 1
3
2