# solver=cpp-a0f9b8019
# cpu=AMD EPYC Processor (with IBPB)
# isolated_core=11
# strategy=contra
# n_solutions=1
# solve_time=0.00170
27 6
12 10 4 3
11 9 3 2
11 2 8 2 2
11 1 6 2 2
1 8 7 2 2 1 2
8 8 1 2 1 2
7 5 1 2 2 4 2
5 1 1 2 1 1 1 1
5 3 1 2 1 1 1
1 5 3 1 2 1 1 1
1 6 5 2 1 2 1 1 1 1
2 5 2 2 2 4 2
4 6 3 2 2 1 2
6 6 3 3 2 1 2
6 5 9 1 2 2
6 5 9 1 3 2
6 5 14 3 3
5 3 13 4 4
4 1 1 1 1 1 12 5
---
6 9
5 8
5 7
6 7
7 5
8 4 1
8 1
8 1 3 1
8 1 4
8 1 5
8 1 4
2 2 2 3 1
1
1 3 1
1 4
1 2 5
1 1 7
2 13
3 13
4 14
4 15
20
7 3
7 3
7 2 2 3
7 6 3
20
0
6
4 3
3 4
2 3
2 2
2 2
1 2
2 10 1
1 10 2
1 1
1 1
1 4 1
2 1 1 2
1 10 1
2 1 1 2
2 2 2 2
2 2
2 2
2 2
2 3
7
0