# solver=cpp-d85c7576
# cpu=AMD EPYC Processor (with IBPB)
# isolated_core=11
# strategy=basic
# n_solutions=1
# solve_time=0.00030
12
2 3
2 2
1 3 2
2 1 1 2
22
5 2 4
5 3 3
4 3 3
14 2
2 3 3 1
2 2 2 2 4
1 2 1 1 1 1 1
2 2 1 1 1 1 1 2
3 1 2 2 2 2 1
2 1 3 3 1
2 1 11 1
2 1 1 1 2 1 1 1 1 2 1 1 1
3 2 4 13 4 2
2 2 1 2 1 1 1 1 2 1 1
1 2 1 11 1 1
4 1 1 4
7 7
7 5 5
14 12
---
3 1 3 3 2
5 2 7 2
2 2 2 5 2
2 2 2 2
1 3 6 2
1 1 1 2 2
1 1 1 1 2 2
1 1 1 4 1 2 1
1 1 2 2 2 1 1 1
1 1 1 1 1 5 1
1 1 1 2 2 1 2 1
1 2 2 4 1 1
1 1 1 1 3 1 1
1 1 1 1 5 1 1
2 1 1 1 1 1 1 1
1 2 1 5 1
2 1 1 1 1 4
2 1 1 5 1
4 1 1 1 1 1 1
4 1 5 1
1 1 1 1 1 4
5 5 1
1 2 1 1 1 1
1 2 5 1 1
2 1 3 1 1
1 4 1 1
2 2 2 1 2 1
1 1 1 5 1
4 2 1 1 1
1 4 1 1 1
2 1 1 2
3 2 2
6 2
2
2