# solver=cpp-d85c7576
# cpu=AMD EPYC Processor (with IBPB)
# isolated_core=11
# strategy=basic
# n_solutions=1
# solve_time=0.00030
0
1
8 3
1 1 5
1 2 1 7
1 4 1 9
1 4 1 7
1 2 1 7
1 1 5
1 2 1 3 5
1 4 1 5 3
1 4 1 1 7 1 3
1 2 1 1 7 1 1
1 1 1 1 5 1 1
2 1 2 1 4 4 1
4 1 4 1 1 1 2
2 1 4 1 2 2 1
1 1 2 1 2 2 3
1 1 1 1 1 1
8 2 3 2 3
9 1
2 5 2
1 3 1
1 1 1
0
---
1
5
3
1
0
18
1 1
1 2 2 2 1
1 4 4 4 1
1 4 4 4 1
1 2 2 2 1
1 1
18
0
0
0
4 3 3
1 2 3
2 3 1
5 2
5 4
5 6
5 4
5 2
2 3 1
1 2 3
1 4 3 3
4
7
10
15 1 1
10 6
7 1 1
4
1