# solver=cpp-1562f45ac
# cpu=AMD EPYC Processor (with IBPB)
# isolated_core=11
# strategy=basic
# n_solutions=1
# solve_time=0.00030
1 1 1
2 2 3 2 2 1
2 1 3 2 1 2
2 1 3 3 1 1 1 1 1
3 1 2 3 3 3 1 1
3 1 2 4 2 2 1
1 1 2 4 3 1
4 2 1 3 1 1
2 1 1 2 8 2
1 1 3 4 1
1 1 2 3 1 2 1
1 1 2 1 1 1
1 1 3 1 1
1 1 5 1 1 1
1 1 3 1 1 1
1 1 3 1 1 1
1 2 5 1 1
1 2 2 1 1
2 2 1 2 1
3 2 2 2 3 2
---
1 2
2 1 1
1 1 1
1 2 2 2
2 1 11
5
1 1
5 10 1
2 2 2
2 2 1 2
1 2 1 1 2
2 1 2 1 1
1 2 2 5
1 1 9 1
1 12
1 1
4
0
0
0
0
1
3 1
3 1
6
2 4
2 6
3 2
2 2 2 1
6 2 2
2 10
2
4
3 12
5 1