# solver=cpp-6b570c1b3
# cpu=AMD EPYC Processor (with IBPB)
# isolated_core=11
# strategy=basic
# n_solutions=1
# solve_time=0.00040
2 3 11
16 3 3 2
2 11 2
1 2 2 1
1 1 3 1 1
1 1 3 1 1
1 1 3 1 1
2 1 1 6 1 2
3 1 1 3 1 1 4
4 2 1 4 1 1 4
3 2 1 4 1 1 3
1 1 1 2 1 1 1
3 1 2 2 2 1 2
1 2 1 11 1 3 1
1 2 1 3 6 1 3 2
1 3 1 4 2 5
1 1 3 1 5 2 4
4 2 2 6 11
7 7 8 6
6 1 3 5 6
7 2 5 7
6 2 3 8
6 1 3 9
5 1 3 9
4 2 3 9
1 1 3 10
1 1 3 10
1 3 3 10
3 4 3 11
10 4 11
---
1 1 9
1 7 1
1 7 2
1 8 1
2 3 7 1
2 4 11 1
1 5 4 1
1 2 2 1
1 5 1
1 2 2 1
1 2 3 1
1 1 1 2 2
1 1 1 4 2
2 2 5
20 2
3 2 3
0
3 3
14 1
2 2 1
1 1 2 1
1 1 3 1 5 1
1 8 17
1 7 18
1 7 17
2 1 8
14 2
3 3 5
8
18 10
3 15
1 13
1 2 14
1 4 18
1 23
1 3 17
1 1 1 9
1 2 1
1 2 1
1 1