# solver=cpp-d85c7576
# cpu=AMD EPYC Processor (with IBPB)
# isolated_core=11
# strategy=basic
# n_solutions=1
# solve_time=0.00040
6 6
7 4 7
6 4 6
6 4 6
5 1 3 6
4 2 2 5
4 1 2 6
3 1 2 6
3 5 6
2 4 6
2 3 1 7
1 2 1 6
1 1 1 7
1 1 6
5 1 2 6
2 1 1 6
3 2 1 6
6 1 6
1 1 1 4 5
1 1 2 4 6
1 1 1 2 2 6
4 1 1 2 5
4 1 2 2 5
4 2 1 3 5
4 1 5 5
4 1 2 5
4 1 2 4 5
4 1 3 6 4
10 10 4
5 10 4
4 9 4
4 7 4
4 7 4
4 7 4
4 7 4
4 7 4
4 16
4 16
5 14
5 9 4
---
10
9
8
6 1
5 3
4 1 1
3 1 2 2
2 1 13 2
2 4 1 19
1 2 4 1 19
5 4 24
3 3 4 10
4 3 1
8 5 1
3 6 1
5 1
6
0
0
2
4
4
1 3
2 1 3
2 5 11
3 3 1 12
4 2 16
5 3 17
6 7 14
8 3 13
9 9
10 4
11 4
12 4
14 4
18 3
30
28
25
21