# solver=cpp-86fd3e96b
# cpu=AMD EPYC Processor (with IBPB)
# isolated_core=11
# strategy=basic
# n_solutions=1
# solve_time=0.00040
1
3
3
11
2 1 2 13
2 1 2 15
5 17
3 19
1 19
1 19
3 19
3 3 2 2 3
3 3 1 3 3 3 1
3 3 2 4 4 2
3 3 1 2 2 1
2 2 1 2 2 1
1 1 1 2 2 1
1 7 1 1 2 2 1
2 3 3 2 15
1 1 3 1 1 3 3 3 3
1 2 5 2 1 1 1 1 1
9 5 23
8 5 1 13
9 3 1 2 13
9 1 4 13
10 5 1 4 13
10 7 20
1 1 3 3 1 13
1 2 1 3 3 1 2 13
1 4 1 2 2 1 4 13
1 2 3 3 3 3 7 5
1 1 2 3 3 2 6 5
1 1 2 3 3 2 6 5
1 1 2 3 3 2 6 5
4 6 6 6 5
---
10
4 1
5 1
5 5
6 2
6 2
6 2
6 2
6 5
17
4 1 1
2 1 1
1 2 5
2 3 7
1 1 7
2 2 2 3
3 1 1 3 3
2 3 1 5 2
8 1 5 2
2 3 1 5 2
3 1 1 3 3
2 2 2 3
1 1 7
2 3 7
1 2 5
2 1 1
4 1 1
17
1 1 5
1 3 2
1 4 2
5 1 4 2
7 1 3 2
7 7 1 1 5
7 2 17
8 1 2 14
8 2 1 14
9 7 14
9 22
10 2 2 9
11 1 1 9
10 2 2 9
9 22
9 7 14
8 2 1 14
8 1 2 14
7 2 17
7 7
7
5