# solver=cpp-6dc88e3e
# cpu=AMD EPYC Processor (with IBPB)
# isolated_core=11
# strategy=basic
# n_solutions=1
# solve_time=0.00040
0
0
0
10
1 10
1 1 1 9
1 1 1 1 1 8
1 1 1 1 1 1 1 7
1 1 1 1 1 1 1 1 1 6
1 1 1 1 1 1 1 1 1 1 1 5
1 1 1 9 8 1 1 1 1 1 1 4
1 1 1 1 1 1 1 1 6 1 1 1 3
1 1 1 1 1 1 1 1 1 1 5 1 1
1 1 1 1 1 1 1 1 1 1 1 1 1 2
1 1 1 1 1 1 1 1 1 1 1 1 1 1
10 10 1 1 1 7 1 1 1 1 1 3
0
0
0
0
---
13
1 1
1 1
1 1
1 1
1 1
1 1
1 1
1 1
1 1
0
12
1 1
1 1
1 1
1 1
1 1
1 1
1 1
1 1
12
0
11
1 1
1 1
1 1
1 1
1 1
1 1
1 4
6 2
0
10
1 1
1 1
1 1
1 1
1 1
1 1
5
0
9
1 1
1 1
1 1
1 1
1 1
9
0
8
1 1
1 1
1 1
1 3
4 2
0
7
1 1
1 1
1 1
7
0
1
1
6
1
0
5
1 1 1
1 1