# solver=cpp-298d4941
# cpu=AMD EPYC Processor (with IBPB)
# strategy=basic
# n_solutions=1
# solve_time=0.00050
29
2 2
2 2
1 20 1
1 1 1 1 1 1
1 1 1 1 1 1
1 1 1 1 1 1
1 1 1 1 1 2
1 20 3
1 1 1
1 1 1 2 2 2 3 1 1 1 1 2 6
1 1 1 1 1 1 1 1 1 1 1 1 1 4 10
1 1 1 1 1 1 3 1 1 1 1 17
1 3 2 1 1 1 1 1 2 1 1 18
1 1 2 17
7 12 1 5 12
2 3 2 2 2 3 11
3 1 2 2 3 3 10
29 3 10
2 1 1 1 2 5 2 2 8
1 1 1 1 1 2 1 2 2 2 4 2
2 3 2 2 1 2 2 2 4 3
15 2 1 1 1 4 2 3 2
2 5 2 1 3 3 2 2 2
1 5 1 13 2 2
2 1 1 1 2 1 3 5 2 2
3 1 3 2 1 1 1 2 2 3
2 1 2 2 1 2 3 2
2 3 2 2 1 2 2
7 5
---
7
2 3 2
2 2 1 2
3 3 1 3
1 18 1 1 2
1 1 1 1 3 1
1 6 4 2 1 4 2
1 1 1 1 15
1 1 1 4 2 1 4 2
1 1 1 1 1 1 3 1
1 1 1 2 1 2 2 1 1 2
1 1 1 1 2 3 1 3
1 6 2 1 2
1 1 1 4 2 3 2
1 1 1 1 1 8
1 1 1 1 1 1
1 1 1 1 1 1
1 1 1 4 1 1 5
1 1 1 1 1 2 1 2
1 6 4 1 1 2 1 2
1 1 1 1 1 1 3 1 1 1 2
1 1 1 4 1 2 3 1
1 1 1 1 12
1 1 1 4 1 2 3 1
1 1 1 1 3 1 1 1 2
1 6 4 1 1 2 1 2
1 1 2 2 1 2
1 3 5
1 15 8
3 2 9
2 7 1 1
1 2 1
1 2 1
4 3
11
10
9
5
5
5
8 7
18
13 2
12
11
10 6
18
12 2
9
8