# solver=cpp-86fd3e96b
# cpu=AMD EPYC Processor (with IBPB)
# isolated_core=11
# strategy=basic
# n_solutions=1
# solve_time=0.00030
7 7
9 9
3 3 3 3
2 1 1 2 2 1 1 2
1 2 2 1 1 2 2 1
1 3 3 1 1 3 3 1
1 1 1 1
2 3 2 2 3 2
3 3 1 1
3 3 4 4
4 4 1 3 1
9 11
9 1 1
9 11
9 1 1
9 11
9 1 1
9 11
9 11
9 5 5
3 3 5 5
3 3 1 1 1 1
3 3 1 1 1 1
4 4 6 6
5 5 6 6
---
9 1
3 13 2
3 1 17
2 2 15
2 3 1 14
2 1 9
2 3 1 14
2 2 15
3 1 17
3 13 2
9 1
0
2
4 12 2
3 2 1 1 1 1 8
3 1 3 1 1 1 4 2
2 2 1 1 1 1 4 2
2 3 1 2 1 1 8
2 1 2 1 1 2
2 3 1 2 1 1 8
2 2 1 1 1 1 4 2
3 1 3 1 1 1 4 2
3 2 1 1 1 1 8
4 12 2
2