# solver=cpp-1562f45ac
# cpu=AMD EPYC Processor (with IBPB)
# isolated_core=11
# strategy=basic
# n_solutions=1
# solve_time=0.00030
14
17
19
21
9 12
9 5
7 4
6 5
6 5
6 5
6 7
4 5 8
4 1 4 2 4
1 3 3 2 5
1 3 4
1 3 8 5 4
2 2 2 4 1 3 4
2 2 1 2 2 2 4
1 1 1 2 1 4
2 1 4 1 3 5
1 1 1 5
2 1 6
1 1 1 2 7
1 2 2 2 7
4 1 1 2 7
3 7 7
2 1 1 2 1 6
2 1 1 2 5
3 2 4 4 1 2
5 1 5 4 2 1
6 1 1 1 5
6 2 4 6
6 2 3 7
6 2 2 9
7 2 1 10
---
4 6
1 4 6
8 3 7
12 4 9
15 11
18 2 5
10 6 1
13 1 2 4
7 1 2 2
6 1 3 2
6 2 1 1 2
5 2 1 1
4 2 3 1 2
5 2 3 1 2
5 1 2 2 3 2
5 1 3 2 2 2
5 2 2 3
5 3 4
5 1 4 2 2
5 2 1 1 6 2 1
5 2 1 1 8 1
5 2 3 1 3 2
8 2 3 1 3 2
10 2 4 3
11 6 5
11 16
21 6
19 5
16 5
14 4