# solver=cpp-298d4941
# cpu=AMD EPYC Processor (with IBPB)
# strategy=contra
# n_solutions=1
# solve_time=0.00460
5
2 2
4 2
5 1
5 2
3 1
1
1
1
6
3 3
2 1 2 6
2 2 1 2 9
1 1 2 2 2 4
2 2 2 1 1 4
2 2 1 2 1 2 5 2
2 2 1 2 5 5 2
2 2 1 3 5 4
2 8 5 4
2 7 3 4
3 4 5
3 1 4 2
3 1 4 2
3 1 4
4 3
4 3
2 3
3 3
1 2 4
1 3 3
1 2 2
1 2 1
2 2
2 1
2 1
2 1
2 1
4
3
2
---
4
4 9
6 2 4
1 4 2 3
1 4 2 3 3
1 2 2 6 3
2 1 1 3 3
2 1 2 2
3 1 22
11 3 3 4
1 3 3 3
2 4 3 3
3 5 4 3
7 9
0
6 2
2 4 2
1 5 2
2 5 2
2 3 2
2 3
2 3
3 4
6 6
13
11
9
6
0
2 2
2 2