# solver=cpp-b64f6aebe
# cpu=AMD EPYC Processor (with IBPB)
# isolated_core=11
# strategy=basic
# n_solutions=1
# solve_time=0.00020
0
1 1 3 3 1 3 1 3 3
2 1 1 1 1 1 1 1 1 1
1 2 3 2 1 3 1 3 3
1 1 1 1 1 1 1 1 1 1 1
1 1 3 3 1 3 1 1 3 3
0
1 1 3 3 3 1 3 3 3
1 1 1 1 1 1 1 1 1 1
1 1 1 3 1 1 3 1 1 1 3
2 2 1 1 1 1 1 1 1 1 1 1
1 1 3 3 3 1 1 1 1 3
0
---
0
5
5 1
1 1
1 1
5 5
0
0
3 1 5
1 1 1 1 1 1
1 3 1 3
0
1 1 5
1 1 1 1 1
5 5
0
0
5 1 3
1 1 1
5 3 1
1 1 1
5 5
0
1 1
0
5 1
1
3 1 5
1 1 1
1 3 1
1
5 5
1 1 1
1 3 5
1 1 1
1 3
0