# solver=cpp-400bd85f2
# cpu=AMD EPYC Processor (with IBPB)
# isolated_core=11
# strategy=basic
# n_solutions=1
# solve_time=0.00030
1 1 1 1 1 1
2 3 1 2 3 1 2 3 1
1 3 1 3 1 3
1 1 1 1 1 1
10 10 10
3 1 3 1 3 1
3 1 3 1 3 1
9 2 9 2 9 2
1 7 1 1 7 1 1 7 1
3 6 3 6 3 6
4 5 4 5 4 5
2 2 1 1 1 2 2 1 1 1 2 2 1 1 1
8 8 8
1 1 1
1 2 1 2 1 2
0
0
3 1 3 1 3 1 3 1 3 1 3 1 3 1 3 1
1 1 1 1 1 1 1 1 1 1 1 1 1 1 1
3 1 3 1 3 1 3 1 3 1 3 1 3 1 3
---
1
1
3
1 1
3 1 1
4 1
1 2 1 1
4 2 2 1 1
2 1 3 2 3
1 4 1 1
1 6 1 1
2 7 1 1
13 1 1
2 7 1 1
1 2 1 3
1 2 3 1
1 4 1 1
1 1
3 1 1
4 1
1 2 3
4 2 2 1 1
2 1 3 2 1 1
1 4 1 1
1 6 1 1
2 7 1 1
13 3
2 7 1 1
1 2 1 1 1
1 2 3 1
1 4 1 1
1 1
3 3
4 1
1 2 1 1
4 2 2 1 1
2 1 3 2 1 1
1 4 1 1
1 6 3
2 7 1 1
13 1 1
2 7 1 1
1 2 1 1 1
1 2 3 1
1 4 3
1
1 1