# solver=cpp-b64f6aebe
# cpu=AMD EPYC Processor (with IBPB)
# isolated_core=11
# strategy=contra
# n_solutions=1
# solve_time=0.00030
1 1 1 9 2 2
1 2 5 5 3
2 2 1 2 5 1
1 7 3 2 2 2
2 8 2 4
1 4 4
5 3 2 2
6 2
8 4
4 6 2
4 7 2 2 3
3 5 2 2 3 6
2 2 3 3 3 1 1 3
4 1 2 2 1 1 1 2 1 2
3 1 1 2 2 1 1 1 1
3 3 1 2 2 1
2 3 2 2 2 2
3 2 2 5 3
4 6 1 4
6 1 1 1 1 2 2
1 4 1 3 3 2
1 6 1 2
1 2 1 1
6 6 1
4 3 3 2 1
4 6 1 1
5 1 4 2 1
6 5 3 2
7 8 2
3 5 3
---
2 1 2 5 1
5 10 1 2
3 14 7
2 6 1 3 6
2 5 3 12
9 2 11
6 2 5 2 4
3 1 2 2 2 3
7 2 1 2 1 1
1 2 1 2 2 1 1
3 1 1 4 1
5 3 1 1 2
2 1 1 3 3 1
1 1 1 1 2 1 2
1 2 2 1 4
1 6 2 5
1 1 1 3 1
1 5 2 1
2 3 2 1 1 1
1 2 2 2 2 2 1
2 1 2 1 1 2 2
3 1 3 3 2 2
3 1 1 1 1 1 2
3 2 1 2 4
1 3 2 2 3
3 4 5 1 1
1 3 5 2
2 3 5 2 1
1 2 1 1 4 6 3
3 19