# solver=cpp-d85c7576
# cpu=AMD EPYC Processor (with IBPB)
# isolated_core=11
# strategy=basic
# n_solutions=1
# solve_time=0.00030
1
3 1
1 3 1
1 3 2 1 3 2 1 2
3 5 3 1 5 7
5 5 5 7 7 1
5 5 5 8 7 3
3 3 3 9 7 5
7 7 7 9 7 7
5 5 5 9 5 7
5 5 5 9 5 7
5 5 5 9 5 5
5 5 5 5 2 5 5
5 5 5 5 5 5
5 5 5 5 5 5
5 5 5 5 5 5
5 5 5 5 5 5
5 5 5 5 5 5
7 7 7 7 7 7
9 9 9 9 9 9
---
0
1
1 2
2 12
1 16
20
1 16
2 12
1 2
1
0
1
1 2
3 12
18
19
18
3 12
1 2
1
0
1
1 2
3 12
17
18
15
4 12
1 2
1
0
6 1
9 2
16
17
17
17
8 6
8 2
6 1
0
1
6 2
17
16
17
16
17
6 2
1
0
1
3 2
13
14
15
14
13
3 2
1
0