# solver=cpp-400bd85f2
# cpu=AMD EPYC Processor (with IBPB)
# isolated_core=11
# strategy=basic
# n_solutions=1
# solve_time=0.00020
23 1 2
1 1 4
1 1 5
1 5
1 5 1
1 5 1
1 5
1 5 1
1 5 5 1
1 3 7 1
1 1 5 1
1 2 5 1
1 2 7 1
1 3 5 3 1
1 3 4 3 1
3 2 3 1
2 3 1
2 3 1
1 3 4 1
1 5 5 1
1 5 5 1
1 5 5 1
1 3 5 1
2 4 1
2 5 1
3 4 1
3 5 1
1 4 5 1
1 6 7 1
3 13 9
---
15 7 3
1 2 3 1
1 2 3 1
1 1 3
1 2 3
1 1 2
1 2 3
1 1 2
1 2 3 2
1 2 5 2
1 3 5 1
1 1 5 1
1 2 3 1
1 1 2
1 1 2 2
1 1 4 3
1 2 5 4
1 6 6
1 5 8
1 5 9
1 7 8
1 5 3 7 1
1 5 10 1
1 5 8 1
1 5 5 1
1 5 1
5 1
5 1
4 1 1
2 1 23