# solver=cpp-b64f6aebe
# cpu=AMD EPYC Processor (with IBPB)
# isolated_core=11
# strategy=basic
# n_solutions=1
# solve_time=0.00040
1 1
3 1
1 1 1 13
2 2 1 1 1 1 1 1 1 1
1 1 1 13
2 2 1 1 1 1 1
1 1 1 5 3 3
2 2 1 1 1 1 1 1 1 1
9 1 5 3 3
3 3 1 1 1 1 1
1 2 2 1 1 9
2 1 1 2 1 1 1 1 1 1
1 2 2 1 1 9
2 3 2 1 1 1
2 1 3 3
18
1
35
1
1 11
1 11 1 1 1 1 1 1 1
1 1 1 1 1 1 1 1 1 1
1 1 3 3 1 1 1 1 1 1 1 1
1 1 1 1 1 1 1 1 1 1 1 1 1
5 3 1 1 1 1 1 1 1 1 1
1 1 1 1 1 16
1 5 3 1 1 1 1 1
1 1 1 1 1 6 1 1 1
1 3 3 3 1 1 1 1
1 1 1 1 1 1 6 1 1
5 1 3 1 1 1 1 1 1 1
1 1 6 3 1
13 1 1 1 1 1
1 16
1
---
2 1
3 1
3 1 1 13
3 1 1 1 1 1
3 1 1 3 1 3 1 1
6 1 1 1 1 1 1 1 1
3 1 3 1 1 1 3 1 3 1
3 1 2 1 1 1 1 1 1
2 1 3 1 1 5 3 1
3 1 2 1 1 1 1 1 1
3 1 3 1 1 1 3 3 1 1
6 1 1 1 1 1 1 1
3 1 1 1 5 3 1
3 1 1 1 1 1
3 1 1 11 1
3 1
2 1
35
1
1 9
3 3 1 1 1 1 1 1
1 1 1 1 1 1 1 1 1 1
11 1 1 1 1 1 1
1 1 1 1 1 1 1 1 1 1 1 1
11 1 15
1 1 1 1 1 1 1 1
3 9 1 7 1
1 1 1 1 1 1 1 1 1 1 1
3 9 1 7 1 2 1
1 1 1 1 1 1 1 1 3
7 3 1 7 1 2 1
1 1 1 1 1 1 1 1
7 1 7 1
1 1 1 1
1 15