# solver=cpp-b64f6aebe
# cpu=AMD EPYC Processor (with IBPB)
# isolated_core=11
# strategy=basic
# n_solutions=1
# solve_time=0.00030
2
2 7
2 1 1 1
2 1 1 1
2 1 1 1
2 7
2 1 1 1
2 1 1 1
2 1 1 1
15 9
1 1 1 2
17
1 1 1 2
20
1 1 1 1 1 11
21
1 1 1 1 1 2
23
1 1 1 1 1 3 3
26 1
1 1
3 4 4 4 4 1 1
1 1 1 1 1 1 1 1 1 1 3
3 4 4 4 4 1 1
1 1
3 9 9 1 4
1 1 1 1 1 1
1 1 1 1 1 1
1 1 1 1 1 1
1 1 1 1 1 1
---
1 1 3 1 1 1 1 1
1 1 1 3 1 1 1 1
3 1 1 3 3 5
1 3 1 1 1
1 1 3 1 1 3 5
1 1 1 3 1 1 1 1
3 1 1 3 1 1 1
1 3 1 1 1 3 1
2 1 3 1 1 1
3 1 1 3 1 3 1
2 3 1 1 3 1 1 1
2 1 3 1 1 1 1 1 1
2 1 1 3 1 1 3 5
2 1 1 1 3 1
2 3 1 1 3 3 5
2 2 1 1 1 1 1 1 1
2 5 1 1 1 1 1
1 2 3 1 3 1
1 1 3 1
1 3 1 1 3 1
9 4 1 1 1 1
1 1 1 1 2 1 1 1 1
1 1 1 1 3 3 5
9 1 2
1 1 1 1 12
1 1 1 1 1
9 1 1
1 1 8
1 1 1 1
1 1 1 1