# solver=cpp-6dc88e3e
# cpu=AMD EPYC Processor (with IBPB)
# isolated_core=11
# strategy=basic
# n_solutions=1
# solve_time=0.00030
2 6 3 4
1 6 3 3
1 8 3 1
6 8
2 3 5 9
3 14 2 3
2 4 9 2 1
5 7 8 2 1
1 3 2 5 12
2 1 1 5 12
4 13
2 4 2 3
1 4 4
2 10
4 2 1
6 2
1 7
1 1 1 6 1
2 5 6 2
2 2 6
2 5
2 3 1
2 5 8
10 8
3 2 9
4 4 10
4 2 12
4 9 2
4 9 3
5 10 5
---
3 2 4 14
1 2 1 2 12
4 1 7
3 1 1 2 5
3 2 2 1
2 2 1
1 2 2
2 2 2 2
5 1 1
4 2
3 1
2 1 1
2 3
1 2 3 1
3 2 2 1
7 2 2
9 3 2
8 2 1 3
11 4
13 1 4
2 9 1 2 5
2 12 1 6
5 13 8
5 4 6 8
5 4 15
9 1 12 1
1 2 4 3 2 2 5 1
2 3 7 2 2 5 2
2 4 6 2 3 8
6 9 3 9