# solver=cpp-298d4941
# cpu=AMD EPYC Processor (with IBPB)
# strategy=contra
# n_solutions=1
# solve_time=0.00060
30
9 9
7 7
6 6
5 5
5 5
4 2 2 4
4 20 4
4 16 4
4 4
4 7 7 4
4 6 6 4
4 5 5 4
3 4 4 3
2 1 3 3 1 2
2 1 1 2
2 2 4 2 2
2 1 6 1 2
2 2 2 2
1 2 2 1
1 2 2 1
1 1
1 2 2 1
1 3 2 3 1
1 4 1
2 1 4 1 2
3 3 2 2 3 3
3 1 1 6 1 1 3
4 3 4 3 4
4 1 1 4
6 6
30
---
32
19 7
14 2 6
13 2 4
6 4 1 2
4 2 1 2
3 2 5 1
2 2 5 3 1
2 2 5 2 2 1
1 2 4 1 3 1
1 2 3 2 1
1 2 2 2 1
1 2 1 2 2 1
1 2 2 5 1
1 2 2 3 2 1
1 2 2 3 2 1
1 2 2 5 1
1 2 1 2 2 1
1 2 2 2 1
1 2 3 2 1
1 2 4 1 3 1
2 2 5 2 2 1
2 2 5 3 1
3 2 5 1
4 2 1 2
6 4 1 2
13 2 4
14 2 6
19 7
32