# solver=cpp-1e16a40
# cpu=AMD EPYC Processor (with IBPB)
# isolated_core=11
# strategy=backtrack
# n_solutions=1
# solve_time=0.00680
3 3 3 3 3 3 3 3
2 3 3 3 3 3 3 3 1
1 3 3 3 3 3 3 3 2
3 3 3 3 3 3 3 3
3 3 3 3 3 3 3 3
3 3 3 3 3 3 3 3
2 3 3 3 3 3 3 3 1
1 3 3 3 3 3 3 3 2
3 3 3 3 3 3 3 3
3 3 3 3 3 3 3 3
3 2 3 3 3 3 2 4
2 4 3 3 3 3 3 2 1
1 2 3 3 3 3 3 3 2
3 3 3 3 3 3 3 3
3 1 3 3 3 3 3 2 3
3 2 3 2 3 3 3 4
2 4 3 2 3 3 3 2 1
1 2 3 3 3 1 3 3 1 2
3 3 3 3 3 3 3 3
3 1 3 6 5 3 2 3
3 2 3 4 3 3 3 4
2 4 3 2 3 3 3 2 1
1 2 3 3 3 1 3 3 1 2
3 3 3 3 3 3 3 3
3 1 3 3 3 2 3 2 3
3 2 3 3 3 3 3 4
2 4 3 3 3 3 3 2 1
1 2 3 3 3 3 3 3 1 2
3 3 3 3 3 3 3 3
3 1 3 3 3 3 3 2 3
3 2 3 3 3 3 3 4
2 4 3 2 3 4 3 2 1
1 2 3 3 1 3 2 3 3 1 2
3 3 3 3 3 3 3 3
3 1 3 2 3 3 1 3 2 3
3 2 3 4 3 2 3 4
2 4 3 2 3 4 3 2 1
1 2 3 3 1 3 2 3 3 1 2
3 3 3 3 3 3 3 3
3 3 2 3 3 1 3 2 3
3 2 3 4 3 2 3 4
2 4 3 2 3 4 3 2 1
1 2 3 3 1 3 2 3 3 1 2
3 3 3 3 3 3 3 3
3 1 3 2 3 3 1 3 2 3
3 2 3 4 3 2 3 4
2 4 3 2 3 4 3 2 1
1 2 3 3 1 3 2 3 3 1 2
3 3 3 3 3 3 3 3
3 1 3 2 3 3 1 3 2 3
3 3 3 3 3 3 3 3
2 3 3 3 3 3 3 3 1
1 3 3 3 3 3 3 3 2
3 3 3 3 3 3 3 3
3 3 3 3 3 3 3 3
3 3 3 3 3 3 3 3
2 3 3 3 3 3 3 3 1
1 3 3 3 3 3 3 3 2
3 3 3 3 3 3 3 3
3 3 3 3 3 3 3 3
---
3 3 3 3 3 3 3 3 3 3 3 3
2 3 3 3 3 3 3 3 3 3 3 3 1
1 3 3 3 3 3 3 3 3 3 3 3 2
3 3 3 3 3 3 3 3 3 3 3 3
3 3 3 3 3 3 3 3 3 3 3 3
3 3 2 3 3 3 3 3 2 3 4 3
2 3 4 3 3 3 3 3 3 3 2 3 1
1 3 2 3 3 3 3 3 3 3 3 1 3 2
3 3 3 3 3 3 3 3 3 3 3 3
3 3 1 3 3 3 3 3 3 3 2 3 3
3 3 2 3 3 3 3 3 3 3 4 3
2 3 4 3 3 3 3 3 3 3 2 3 1
1 3 2 3 3 3 3 3 3 3 3 1 3 2
3 3 3 3 3 3 3 3 3 3 3 3
3 3 1 3 3 3 3 3 3 3 2 3 3
3 3 2 3 3 3 4 3 3 3 3 3
2 3 4 1 3 3 2 3 3 3 3 3 1
1 3 2 3 3 1 3 3 3 3 3 3 2
3 3 3 3 3 3 3 3 3 3 3 3
3 3 1 6 5 6 3 3 3 3 3
3 3 2 4 3 3 4 3 3 3 3 3
2 3 4 2 3 3 2 3 3 3 3 3 1
1 3 2 3 3 1 3 3 3 3 3 3 2
3 3 3 3 2 3 3 3 3 3 3 3
3 3 1 3 3 3 6 3 3 3 3 3
3 3 2 3 3 3 3 3 3 3 4 3
2 3 4 3 3 3 3 3 3 3 2 3 1
1 3 2 3 3 3 3 3 3 3 3 1 3 2
3 3 3 3 3 3 3 3 3 3 3 3
3 3 3 3 3 3 3 3 3 2 3 3
3 3 2 3 3 3 3 3 3 3 4 3
2 3 4 3 3 3 3 3 3 3 2 3 1
1 3 2 3 3 3 3 3 3 3 3 1 3 2
3 3 3 3 3 3 3 3 3 3 3 3
3 3 1 3 3 3 3 3 3 3 2 3 3
3 3 2 3 3 3 3 3 3 3 3 3
2 3 3 3 3 3 3 3 3 3 3 3 1
1 3 3 3 3 3 3 3 3 3 3 3 2
3 3 3 3 3 3 3 3 3 3 3 3
3 3 3 3 3 3 3 3 3 3 3 3