# solver=cpp-400bd85f2
# cpu=AMD EPYC Processor (with IBPB)
# isolated_core=11
# strategy=basic
# n_solutions=1
# solve_time=0.00040
1 15 7 7 8 3
4 4 7 1 6 9 5 5
16 1 1 5 3 5 11
16 3 6 1 1 3 12
15 2 2 5 7 12
15 2 2 6 5 13
14 7 5 5 13
14 7 6 3 14
13 4 4 5 14
13 4 4 7 1 16
12 11 6 1 16
12 11 6 1 15
11 6 6 5 1 16
11 6 6 5 1 16
10 7 7 4 1 16
10 15 4 1 16
9 17 3 1 16
9 17 3 1 16
8 9 9 2 1 16
8 9 9 2 1 16
7 10 10 20
7 10 10 20
6 23 19
6 23 19
5 25 18
5 12 12 18
4 13 13 17
4 13 13 17
3 14 14 16
3 14 14 16
---
30
29
30
28
1 24 2
24 4
22 6
20 8
18 10
1 14 12
14 14
12 16
10 18
8 20
6 22
4 24
2 26
28
1 1 2 2 3 3
28
2 26
4 24
6 22
8 20
10 18
12 16
1 11 14
11 12
2 11 10
5 11 8
3 3 13 6
2 5 4 4
3 4 17 2
8 8
7 2 18
5 21
2 23
25
1 27
30
30
30
30
30
1 28
30
29
30
30
30