# solver=cpp-6dc88e3e
# cpu=AMD EPYC Processor (with IBPB)
# isolated_core=11
# strategy=basic
# n_solutions=1
# solve_time=0.00060
4 2 5 3 3 4 9 3
2 2 2 1 2 1 2 3 1 1 7 1
7 3 1 7 4 2 1 1 2
1 1 3 1 1 3 1 1 2 2
2 3 12 1
1 1 4 3 1 2 1 2 5 2
1 7 11 4 2 1
3 2 1 3 3 1 1 3 3 1 2 1
1 1 5 5 3 1 3 2 1
3 2 2 3 4 2 2 1
2 4 1 2 4 1 7 1
2 1 2 3 2 2
3 1 1 1 1 1 3 1 1 3
1 3 2 3 4 1 1 3 1 4
14 2 2 4 1 9
3 2 1 1 2 1 1 3 1 1 2 1 2
1 2 8 8 10
7 3 1 1 1 1 2 5
1 1 3 1 4 2 1 2 1 1 2 1 1 1
1 1 6 1 3 4 1 3 2
2 1 3 1 3 3 1 4 1 1
2 4 4 1 3 1 2 2
4 3 1 1 3 1 3 1
4 4 5 1 3 1 3 3
1 1 4 1 3 6 4 2
4 2 1 2 1 1 1 2 1 1
3 2 1 2 6 5 1
2 3 2 2 1 2 1 1 2
6 3 1 3 5
1 2 1 3 5 7 2 3 3
6 2 1 1 2 1 2 1 3 1
2 3 2 1 2 1 2 2 1 2 1
1 4 2 2 1 1 2 2 1 1 3 1
6 3 1 2 3 2 1 2 1
2 1 2 2 1 1 1 1 1 1 3 3
1 2 2 3 1 1 6 2 1 2
2 1 2 2 3 1 3 1
1 2 1 2 1 3 2 4
2 2 1 3 5 2 1 1
2 1 4 8 7 6
---
6 1 2 1 1 3 4 1 1 2 2
3 1 12 4 1 2 2 3 1
1 1 1 1 1 2 2 1 6 3 2 2
4 3 2 2 9 2
2 3 2 1 3 4 3
1 1 2 6 1 9 2
1 1 4 2 3 1 1 1 1 2 3
1 2 2 1 6 2 4
2 4 1 3 8 1 2 1
1 2 1 1 2 14 2
2 4 1 6 1 1 1 7 1
1 1 4 1 2 3 1 1 7 1
4 4 1 3 1 4 1 4
3 4 1 2 1 1 3 1 3
1 2 1 12 2 1 2
1 1 2 3 1 1 2 1 2 2 1 2
1 5 1 1 2 5 1 1 2
2 4 2 1 1 2 1 1 1 1
1 1 1 5 1 2 1 3 1
7 2 4 2 1 1 4 1 1
3 1 6 4 3 1 1 2 3 1
5 1 1 1 3 6 1 1 2 1 2
8 8 1 1 1 3 1 3 1 3
5 1 5 1 1 2 1 2 2 2 6
2 6 1 5 9 1 3 1 3
1 3 5 1 1 2 1 1 1 1 2 1 2
2 4 1 1 1 2 2 1
1 4 4 4 1
3 1 3 1 1 1
1 2 4 1 1 3 1 2 1 1 2
1 2 2 1 4 3 1 1 2 1 4
3 4 1 1 1 1 1 1 3 1 1 4
2 2 1 1 23
3 4 1 4 1 4 1 7
2 1 2 2 5 8 1 1
3 2 2 4 2
1 3 2 3 1 1 1
3 1 5 1 1 1 1 1
1 2 1 3 1 1 1 2 1 1 7
2 11 10 4 1 1 1