# solver=cpp-86fd3e96b
# cpu=AMD EPYC Processor (with IBPB)
# isolated_core=11
# strategy=basic
# n_solutions=1
# solve_time=0.00040
5 4 2
1 1 1 1 4
1 3 3 8
1 1 3 5 4
1 4 8 3 4
6 1 1 1 4
5 5 4
4 1 1 1 3
4 5 1
4
5
1 2 4 5 4
1 2 1 1 1 1 1 1
1 2 4 5 4
4 1 1 1 1 1 1
4 4 5 4
29
3 1 1 1 1 1 1 1 1 1 1 1 3
5 1 1 1 1 1 1 1 1 1 1 1 1
3 25
3 1 1
1 3 25
1 1 1 1 1 2 3 3 2
1 1 1 1 1 1
3 1 1 1 4 1 5 1 4 1
1 1 3 1 1 1 1 1 1 1 1 1 1
1 1 3 1 4 1 5 1 4 1
1 1 3 1 1 1 1 1 1 1 1 1 1 1
1 1 3 1 4 1 1 1 1 1 4 1
1 1 3 1 1 1 1 1 1 1
3 5 1 1 1 1 1 1
28
12 10
2 1 5 1 1
26
---
2 1 3
1 1 3
5 2 1 1
1 1 3
2 1 3
1
5 22
1 1 1 3 8 7
1 1 1 25
1 1 10 1 5
3 19
6 1 1 2 2 1
6 9 1 5 2 1
5 1 1 2 1 1 1 1 1 2 1
3 1 1 5 1 1 1 1 2 1
2 6 1 1 5 2 1
3 4 1 2 1
2 1 1 2 2 1
3 4 14
2 1 1 2 2 1
3 4 9 1 8 2
3 1 1 1 1 1 2 1 1 1 1 1 2
3 5 1 1 5 1 1 6 2
2 1 1 1 1 1 2 1 1 1 1 1 2
2 4 9 1 8 2
2 1 1 2 2 1
2 4 14
2 1 1 2 2 1
2 4 1 2 1
2 6 1 1 5 2 1
2 1 1 5 1 1 1 1 2 1
2 1 1 2 1 1 1 1 1 2 1
2 9 1 5 2 1
2 2 1 2 2 1
2 19