# solver=cpp-b64f6aebe
# cpu=AMD EPYC Processor (with IBPB)
# isolated_core=11
# strategy=basic
# n_solutions=1
# solve_time=0.00040
9 1 1
10 1 1
10 1 1
3 4 1 1
3 3 1 3
3 3 1 5
3 4 1 1 1
8 1 3
6 3 1 3
7 5 1 3
8 3 2 1 1 1
3 4 2 2 1 3
3 4 2 2 1 5
3 4 3 2 1 1 1 1
3 3 7 1 1 1 1
3 3 2 3 1 2 1 2
1 7
20 4 4
1 1 1 1 1 1
1 1 11
1 9
4 1 3 3
1 1 1 3 3
1 1 1 3 3
1 1 1 11
1 1 1 2 1 1 1 1 2
1 1 1 11
1 1 1 11
2 2 1 13
2 2 1 4 4
10 1 4 4
7 4 1 2 1 1 2
12 21
5 6 1 2 1 1 2
12 1 4 4
---
3 1
16 1 4
16 1 5
16 1 6
3 4 1 7
3 5 1 8 5
4 8 1 1 3 1
8 7 1 1 1 5
8 6 2 8 1 3
6 4 1 7
1 6
5 1 5
7 1 4
2 3 1
2 1 18
8 1 1
8 1 3
2 1 4
1 3 1
18 1 3 3
1 9
8 5 1
3 11 1
1 6 6 3 1
9 5 5 1
6 3 6 2 1 3 1
9 5 5 1
1 6 6 3 1
3 11 1
8 5 1
1 9
1 3 3
3 1
4
3