# solver=cpp-6b570c1b3
# cpu=AMD EPYC Processor (with IBPB)
# isolated_core=11
# strategy=basic
# n_solutions=1
# solve_time=0.00030
2 3
2 7
1 1 9
1 1 8
2 2 2 8
1 2 1 1 1 9
8 2 10
2 2 4
1 2 1 9 2
1 1 2 8 3 1
1 1 1 3 2 2 1 1
1 2 1 2 1 1
2 2 1 2 2
6 1 1 3
1 1 2 3 2 2
1 1 2 1 2 1
1 1 2 6 2
1 1 2 1 2 3
1 1 2 4 5
1 1 2 2 7
1 1 9 6 1
1 1 2 2 6 2
1 1 9 6 3
1 1 2 1 3 7 3
1 1 2 1 2 7 3
---
7
4 13
3 1 2 1
2 2 1 1 12
2 2 2 1 1
3 1 2 12
4 13
7 1 1
2 1 3
2 6 1 1
1 1 2 1 4 1 3
1 2 2 1 1 1 1 3
2 1 2 1 1 1 4
3 2 3 7
7 3 4 2
7 1 2 3
7 1 2 4
6 3 3 5
7 4 6
6 1 7
6 1 2 8
6 10
4 5 3
2 4
6