# solver=cpp-a0f9b8019
# cpu=AMD EPYC Processor (with IBPB)
# isolated_core=11
# strategy=basic
# n_solutions=1
# solve_time=0.00030
0
1 1
1 1
2 2
9
4 4
1 3 3 1
1 1 3 1 1
1 1 3 1 1
1 2 1 2 1
1 2 2 1
1 3 3 1
1 1 1 1 1
2 1 1 1 2
1 2 4
1 7 2
1 2
2 1 1 1 1 3
4 3 5
1 1 1 1 2
1 1 1 1 1 2
1 3 3 2
1 1 1 2
1 1 1 1 1 3
3 3 5
2 1 1 2
1 1 1 1 1 2
1 3 3 5
1 1 1 6
1 10
16
15
9 2
7 2
3 2 2
1 2
2 2
2 2
4
0
---
0
2 1
14 5
2 1 2 8 5
5 1 1 1 2 2 5
13 2 2 2 2 5
3 2 1 2 2 7
1 3 1 2 2 2 2 4 2
1 3 2 1 2 2 5 2
1 3 1 2 2 2 2 4 1
3 2 1 2 6 1
13 2 2 2 2 3 2
5 1 1 1 2 2 3 4
2 3 2 2 9
27
16
4
3
2
0