# solver=cpp-b64f6aebe
# cpu=AMD EPYC Processor (with IBPB)
# isolated_core=11
# strategy=basic
# n_solutions=1
# solve_time=0.00030
14 14
11 11
9 4 9
8 9 8
6 6 6
5 4 7 5
4 3 5 4
4 3 6 5 4
3 8 5 3
2 5 4 2
2 3 5 6 2
1 8 6 1
1 6 5 3 1
1 8 4 1
10
6 2
1 3 4 1
1 6 1
1 3 2 1
2 7 2
2 5 2
3 3 3
4 3 4
4 3 4
5 3 5
6 2 6
8 2 8
9 2 9
11 11
14 14
---
14 14
11 11
9 9
8 8
6 6
5 5
4 3 4
4 6 4
3 9 3
2 3 5 2
2 3 3 3 2
1 3 2 4 1
1 2 2 4 1
1 3 3 5 1
2 2 2 2
2 3 2 4
1 2 2 1 4 1
1 1 2 2 6 1 1
1 1 1 2 2 4 2 1
2 1 2 2 5 3 2
2 1 2 2 2 4 4 2
3 1 2 2 2 8 3
4 1 2 2 2 5 4
4 1 1 1 2 3 4
5 1 2 1 3 5
6 1 1 2 2 6
8 1 1 1 8
9 9
11 11
14 14