# solver=cpp-d85c7576
# cpu=AMD EPYC Processor (with IBPB)
# isolated_core=11
# strategy=basic
# n_solutions=1
# solve_time=0.00020
5 5
5 5
5 5
5 5
5 5
5 10 5
5 10 5
5 10 5
5 10 5
5 10 5
30
30
30
30
30
30
30
30
30
30
5 10 5
5 10 5
5 10 5
5 10 5
5 10 5
30
30
30
30
30
5 5
5 5
5 5
5 5
5 5
5 10 5
5 10 5
5 10 5
5 10 5
5 10 5
15 15
15 15
15 15
15 15
15 15
50
50
50
50
50
---
5
5
5
5
5
10
10
10
10
10
50
50
50
50
50
10 5 10
10 5 10
10 5 10
10 5 10
10 5 10
25 5 5
25 5 5
25 5 5
25 5 5
25 5 5
25 5 5
25 5 5
25 5 5
25 5 5
25 5 5
10 5 10
10 5 10
10 5 10
10 5 10
10 5 10
50
50
50
50
50
10
10
10
10
10
5
5
5
5
5