# solver=cpp-b64f6aebe
# cpu=AMD EPYC Processor (with IBPB)
# isolated_core=11
# strategy=contra
# n_solutions=1
# solve_time=0.00090
0
13
15
5 2 1 3
2 1 2 3 3
2 1 2 2 2 2
2 1 4 2 4 2
2 7 7 2
30
2 1 1 3
2 1 2 1 2
6 1 5 2 2 2
7 1 7 2 2 2
3 3 1 3 3 1
2 2 1 2 2 6 3
1 11 9
16 7
11 4 7 9
3 5 14 5
3 1 5 1 4 5 5
2 3 7 3 1 5 1 4
2 2 2 4 1 3 3 7 4
2 3 4 3 2 2 4 1 4
3 1 5 4 3 4 5
3 14 1 5 5
9 6 3 13
7 9 7
7
12
16
---
5
3 7
4 3 3
4 3 1 3
4 2 3 2
3 2 2 2 2 2 1
3 2 2 3 2 1
2 1 3 3 1 3 1
2 1 3 4 4 1
2 1 14 1
1 1 11 1
2 1 10 1
17 7 1
3 2 2 1 2 1
2 3 1 2 3 2 2
2 4 1 2 1 2 2
2 4 3 3 2
3 3 4 5 1
4 2 10 1
2 2 1 3 9 1
2 2 1 3 3 3 1
2 1 8 3 1 3 1
4 2 2 2 3 2 1
2 1 3 2 2 2 2 2 1
2 4 2 2 3 2 1
2 4 3 3 1 3 1
1 3 3 4 4 1
2 2 3 11 1
1 1 2 1 9 1
2 1 2 2 9 1
2 1 5 7
3 4 1 2
2 4 3 2
2 2 4 1 2
2 2 5 3
2 5 4
2 1 11
2 1 9
3 7
5