# solver=cpp-6dc88e3e
# cpu=AMD EPYC Processor (with IBPB)
# isolated_core=11
# strategy=contra
# n_solutions=1
# solve_time=0.00090
2 2
1 1
1 1
2 2
1 1
1 1
1 5 5 1
1 8 8 1
3 4 2 4 2 2
2 5 9 2 3
2 5 1 1 5 1 1
3 1 1 1 1
1 1 2 2 1 1
3 1 1 1 1
2 1 1 1 1
1 1 1 1 1 1 3
3 3 3 2
2 4 1
1 1
1 6 1
2 2 2 2
1 2 4 2 1
3 2 2 1
4 6 3
6 4
3 3 1 4
2 1 2 2 5
2 1 2 3 3 2
2 1 3 3 3 2
3 1 9 3 2
---
1 3 2 5
4 2 1 6
15 3 1
4 4 3
1 5
8
2
3 2
5 2
5 2
5 1 1
2 2 1 2 2
2 1 1 1 1 1 1
3 2 2 1 2 1
6 2 1 1 1 1
1 1 1 1 1 1
1 1 1 1 1 1
6 2 1 1 1 1
3 2 2 1 2 1
5 1 1 1 1 2
5 1 2 1
2 2 1 2
2 1 1
5 2
3 2 1
1 2 2
4 10
18 6
2 2 4
7 2
2
2
2
1
0