# solver=cpp-d85c7576
# cpu=AMD EPYC Processor (with IBPB)
# isolated_core=11
# strategy=basic
# n_solutions=1
# solve_time=0.00030
5
11
6 1 1 2 4
9 1 2 4
2 2 2 1 2 3
1 2 1 7 1
1 2 5 13
2 1 1 1 1 1 1 1
2
2 3 7
3 2 1 1 2
1 2 1 1 1 1 3 1 1 2
1 2 1 10 1 1 1
1 2 1 1 1 1 3 2
1 2 1 1 8
1 2 1 3 2 2
1 2 2 2 2
2 1 1 2 3
2 9 2 2 3
2 1 5 2
---
3 1
2 7
2 1
2
14 3
14 3
2
2 1
2 7 2
4 1 1
1
2 2 1 1
7 1 1
2 2 3 1
2 2 1 1
7 3 4
5 1 2 2
1 3 3 1 1
1 1 1 2 2
1 2 3 4
1 1 5
2 2 1 1 1 4
1 1 1 5
1 2 1 2 1
2 1 1 1
1 2 1 2 1
1 1 1 1 2
2 2 2 1 3
1 1 2 6
4 7