# solver=cpp-1e16a40
# cpu=AMD EPYC Processor (with IBPB)
# isolated_core=11
# strategy=basic
# n_solutions=1
# solve_time=0.00040
1
1
3 4
3 8
2 10
2 3 6
4 1 6
4 1 1 5
5 2 5
4 2 2
4 3 2 2
4 5 2
4 1 3
9 2
11 2
10 3
10 2
9
8
8
22
24
24
23
12 9
8 9
2 12
17
17
16
3 13
16
3 5 2
8 1
3 4 1
3 4 1
4 5 1
5 5 1
10 5
5 9
---
2
3 2
4 3
5 3
5 5
6 4 2
2 3 6 4 3
3 4 6 5 4
12 14 5
8 12 6
7 6 3 7
6 6 10
5 5 6 8
3 1 1 5 5 7
3 2 5 5 7 1
3 1 2 11 6 1
4 21 2
4 1 19 2
5 2 27
4 2 19 2
7 18 2
5 16 1
3 4 14 1
11 10
6 2 8