# solver=cpp-86fd3e96b
# cpu=AMD EPYC Processor (with IBPB)
# isolated_core=11
# strategy=basic
# n_solutions=1
# solve_time=0.00040
1 3 2 1 1 1 1
1 3 1 2 3 1 1 1 1 1 1 2
2 1 2 3 1 1 1 1
1 5 2 3 1 1 2 5
1 3 2 1 1 1 1 3
30
0
2
3 4
2 2 3 1
2 2 2 2
2 1 3 1 1
3 2 2 3 2 1
2 3 1 2 3 1
2 4 1 3 3 2
2 4 2 2 5 1
2 4 1 2 5 1
2 3 11 1
3 3 2 3
3 2 2
4 1 1
3 2
2 2 3
2 3 3
3 1 2
3 3
3 2
2 4
4
3 3 2
5 3 3
7 7
9 3
13
15
---
1 1
2 3 2
1 1 9 2
6 12 3 1
2 3 4 8 2 1
6 2 4 5 4 1
1 1 1 7 6
1 1 1 2 9 6
1 2 6 5
6 3 5
6 4 1 4
1 4 3
3 1 1 3
3 1 1 1 2
6 4 3 1 2
1 6 2 1 2
3 1 4 1 2 2
1 4 3 1 3
6 4 5 4
1 3 6 2
1 2 2 7 1
1 1 3 4 1 1
6 5 2 3 1
1 10 1
1 3 2 2
3 2 2 1
6 1 4
1 1 5
1 1 1 3
1 1