# solver=cpp-1562f45ac
# cpu=AMD EPYC Processor (with IBPB)
# isolated_core=11
# strategy=contra
# n_solutions=1
# solve_time=0.00040
4
6 13
6 8
8 2 5
3 5 2
1 3 4 1
8
2 8
4 2 2
5 1 1
7 3
3 13
4 11
2 2 6 1
2 2 3
2 11
2 8
1 1
1 1 1
2 1
1 2 1
3 2 2 2
3 11
2 11
2 14
2 1 11
5 11
1 3 5 3
1 1 5 1
3 5
---
1
2
2 3
3 1 1
3 4 1
3 6 1 1 7
4 9 1 3 2
3 6 7 1
4 4 2 2 1
1 1 4 2 1 1
1 2 4 2 3
1 3 3 2 4
1 3 3 2 4
1 4 3 2 4
1 2 2 3 2 5
1 3 3 2 5
2 4 3 2 7
2 4 4 2 8
3 3 4 2 8
3 2 3 2 9
4 2 2 2 2 7
5 3 1 2 3 3 2
2 4 1
1 4
2