# solver=cpp-6dc88e3e
# cpu=AMD EPYC Processor (with IBPB)
# isolated_core=11
# strategy=contra
# n_solutions=1
# solve_time=0.00100
4 4 3 3 2 2 1
2 1 2 1 1 1 2 2 2
1 1 1 1 2 2 2 2 2
3 3 3 3 2 3 3
3 3 3 3 4 3
1 1 1 1 1 1 1
12 1 1 1 3 1 1
6 1 3 1 1 1 2
7 2 1 1 1 3 1
8 3 1 3 1 1 3
19
5 1 1 20
5 1 1 3 3 3 3
5 1 1 1 2 2 2 2
5 3 1 1 1 1 1 1 2
5 5 1 1 1 3 3
5 3 3 1 1 2 5 3
5 3 3 1 1 1 1 3 3 3
5 5 1 1 1 2 3 3 3
5 3 1 1 5 4
5 1 1 1 1 1 3 1 3
5 1 1 2 2 2 2 2
5 3 1 1 1 3 3 3 3
5 5 1 1 20
5 3 3 1 1 1
5 3 3 1 1 1 1 3 3 1 1
5 5 1 2 1 1 1 1 1 1 1
5 3 1 2 1 1 1 1 1 1 2
5 3 1 1 1 1 1 1
13 4 1 1 3 2
---
18
2 20
2 22
4 24
2 24
1 2 5 3
1 2 5 2 2 2
5 5 4 4 1
1 1 6 6 1
1 1 2 2 2 2 1
2 1 1 6 6 1
2 1 1 4 4 1
4 1 1 2 2 1
2 1 1 1
1 2 1 20
1 2 4 2
5 3 1 1 1 1 1 2
2 2
17
0
1 6 4 4 5
3 1 1 3 3 1
1 1 1 2 2 1
1 1 1 1 1 1
1 4 4 1 1 4
3 1 1 3 1 1 3 3
1 1 1 2 1 2 2
1 1 1 1 3 1
2 4 4 2 4 2
3 3 4 3 3
2 1 1 2 6 2
1 1 1 1 2 2 1 5
1 3 1 6 1 1 1
2 1 1 1 4 1 1 1
3 1 1 4 2 4 3
2 3 3
1 1 2 1 2 4 2 2
2 1 1 1 6 1 1 1
3 3 1 8 1 3
2 2 1 2 3 1 2