# solver=cpp-298d4941
# cpu=AMD EPYC Processor (with IBPB)
# strategy=basic
# n_solutions=1
# solve_time=0.00050
12 16
8 3 4 2 6
9 2 3 2 7
10 2 2 1 8
7 2 1 1 4 3
8 3 1 5
10 10
14 12
6 4 11
1 2 5 11
3 7 11
4 8 4 2
13 6 1
13 7 2
13 11
5 2 2 10
6 3 9
7 3 9
12 9
2 8 9
1 6 9
5 8
4 3 1
3 3 1
3 3 2
1 3 5
2 4 5
2 4 4
2 3 2
2 2 1
---
8 12 5
8 10 4
9 9
9 8 4
10 8 4
10 3 6 4
9 4 11
4 4 6 8
1 2 2 6 7
1 2 2 6 6
2 1 8 5
3 1 13
3 1 10
1 1 5
2
4
6
3
1 1 1
1 2 8
3 1 10
2 1 15
1 2 17
1 3 5 12
4 5 13
4 6 9 4
4 7 8 4
12 9 3
11 9 5
11 10 7