# solver=cpp-b64f6aebe
# cpu=AMD EPYC Processor (with IBPB)
# isolated_core=11
# strategy=contra
# n_solutions=1
# solve_time=0.00050
7 5
2 3 2 2
2 3 1 3
4 2 7 3
2 4 3 2 3
1 7 4 4 2
2 3 6 6
2 2 2 2
1 1 1 1
1 2 1 1 1
3 1 5 1 4
2 1 2 12 6
2 1 2 12
5 2 2 2 1 3
2 1 1 2 2 1 2 3
1 2 3 2 2 2
1 1 1 4 2 4
1 1 1 1 2 1
2 3 2 2 1
2 1 7 1
2 1 2 3 2
3 1 1 2 2
6 1 1 2
4 1 3
4 2 6 3
4 2 9 4
3 2 2 7
3 2 3 4
3 3 4
2 3 5
---
3 1 16
2 2 2 12
3 1 2 2 8
2 5 1 4
1 3 1 1 2 1
1 2 6 9
1 2 4 5
3 3
4 1 2
5 1 1
2 2 3
1 2 5
1 2 2
1 1 2 2 1
1 2 2 2 1 1
2 2 2 1 2
7 2 2 1
5 5 2 2
3 5 3 2 1
1 4 2 2 1
1 1 4 2 1
5 5 2 2
2 4 2 2 4 2
1 2 2 4 2 2
1 2 2 2 1
1 2 2 2 1 1 1
3 2 4 2 5
6 1 5 7
4 1 1 4 10
2 4 1 14