# solver=cpp-298d4941
# cpu=AMD EPYC Processor (with IBPB)
# strategy=basic
# n_solutions=1
# solve_time=0.00070
3 4 4 4 4 3
1 1 2 1 1 1 1 1 1
1 11 1 1 1
1 2 2 2 1
1 15
14 1 11
1 1 2 1 1 1 1
4 3 1 7 1 1
1 1 1 2 1 1 1 1
6 5 10
1 3 2 4 10
1 2 1 8 2 2 1
3 1 1 1 2 4 6
1 2 1 2 2 3 2
1 8 2 7
3 4 10 2 1
1 2 2 1 1 2 2 1
1 11 1 1 3 2
3 1 1 1 1 1 1 3
3 6 1 3 1
1 3 3 6
1 1 1 1 2 2 2
1 1 1 1 1 3 2 1
1 2 2 1 1 1 2 1
3 1 3 2 1 5 3
---
3 10 2 3
1 1 1 1 1 1 1 1
1 1 1 1 3 1 1 1
1 1 3 3 2
1 2 1 2 1
25
1 1 1 1 2 1 1
1 1 1 1 2 1 1
1 1 1 2 3 1
6 2 2 6
9 5 2 2 1
1 1 2 3 1 1 3 2
1 1 2 1 2 1 1 1 1
3 2 1 3 1 1 3 2
3 9 2 1 1
17 2
1 1 1 2 1 2
1 1 1 2 5 3
2 1 1 2 1 2
14 2
6 10 1 1
1 2 2 1 2 2
1 7 1 2 3
1 2 2 1 4 1
3 1 10 2 1
1 10
1 2 1 2
1 1 2 1 2 1
1 6 1 2 1
3 1 2 3 3