# solver=cpp-400bd85f2
# cpu=AMD EPYC Processor (with IBPB)
# isolated_core=11
# strategy=contra
# n_solutions=1
# solve_time=0.00030
34
32
1 1 1 2
1 4 1 1 1
1 1 1 1 19 1
1 1 1 1 2 2 1
1 1 1 1 1 1 1 1
1 1 1 1 1 25
1 4 1 1 25
1 1 1 1 1 1 1
1 1 1 1 1 1 1
1 1 1 1 1 1 1
1 1 1 1 1 1 1
1 4 1 1 1 1
1 1 1 1 1
1 1 1 1 1 1
1 1 1 1 1 1
1 1 1 1 1
1 4 1 1 1 1
1 1 1 1 1 1 1
1 1 1 1 1 25
1 1 1 1 1 25
1 1 1 1 1 25
1 4 1 1 1 1 1
1 1 1 1 2 2 1
1 1 1 1 19 1
1 1 1 1 1 1
1 1 1 1 12 1 1
1 4 1 10 1 1
1 1 1 1
---
1
30
2
2 11 11
2 1 1 1 1 1 1
2 1 1 1 1 1 1
2 11 2 11
2
30
2
2
2
2 22
2 2 2
2 1 1 1 1 1
2 1 16 1 2
2 1 2 3 1 2
2 1 2 3 1 2
2 1 2 3 1 2
2 1 2 3 1 2
2 1 2 3 1 2
2 1 2 3 1 2
2 1 2 3 1 2
2 1 2 3 1 2
2 1 2 3 1 2
2 1 2 3 1 1
2 1 2 3 1
2 1 2 3 1
2 1 2 3 1
2 1 2 3 5
6 2 3 2
2 4 5
3 2 3
1 7 10
2 3
2 3
2 3
2 3
2 3
16