# solver=cpp-1562f45ac
# cpu=AMD EPYC Processor (with IBPB)
# isolated_core=11
# strategy=basic
# n_solutions=1
# solve_time=0.00030
1 1 1 1
1 1 1 1
1 11 1
1 1
15
0
8
3 3
3 2 2 3
1 2 2 1
1 1 1 1
1 1 1 1 2
1 1 1 1 1
2 1 8 7 1 3
1 3 1 3 1
5 1 5
1 11 9 1
1 2 1 1
1 1 1 1
1 1 9 1 1
2 1 4 3 1 3
4 4
3 2 2 3
1 2 3 1
1 1 1 1
1 1 1 1
1 1 1 1
1 1 1 1
1 24 1
1 1 1 1
---
1 1
8 8
1 1
1 8
10 1 1
1 9 1
5 1 1 2 1
5 1 1 1 1 1
1 1 1 1 2 1
3 1 2 1 1 1 1
1 1 1 1 1 1 1
1 1 2 1 1 2 1
1 1 1 1 1 1 1
1 1 1 1 1 1 1
1 1 1 1 1 1 1
1 1 1 2 1 1
1 1 1 1 1 1 1
1 1 1 1 1 1 1
1 1 2 1 1 1 1
3 1 1 1 1 2 1
1 2 1 1 1 1
5 1 1 1 2 1
1 1 1 1 1
5 3 2 1
1 10 1
8 1 1
1 8
8 1
3 1 8
1 1 1