# solver=cpp-6dc88e3e
# cpu=AMD EPYC Processor (with IBPB)
# isolated_core=11
# strategy=basic
# n_solutions=1
# solve_time=0.00040
9 11
2 2 2 5
19 3 3 2
2 1 1 8 1
2 1 1 1 1 1 1 1 1 1 7 1
2 1 1 10 1
20 1 3 7 1
2 1 1 12 1
2 1 1 3 1 8 1
2 1 1 6 1 6 1
2 1 1 10 4 1
2 1 1 15 1
2 1 1 11 3 1
2 1 1 14 1
2 1 1 9 1 2 1
2 1 1 8 3 1
2 1 1 6 1 1 1
2 1 3 9 1
19 4 2
2 2 13
---
15
17
1 1 1
1 1 1 2
1 1 2
2 1 1 1
3 1 1
1 1 1 1
1 1 1 1
1 1 1 1 1
1 1 1 1
1 1 1 1 1
1 1 1 1
1 1 1 1
3 1 1 1
2 1 1
1 1 1 2
1 1 2
1 1 1
17
0
16
1 1
2 7 2
2 12 1
1 1 10 1
1 3 1 7 2
1 14 1
1 6 9 1
1 7 8 1
1 16 1
1 6 8 1
1 14 1
1 5 3 1 1 1
2 5 2 2 1
1 6 1 1 1
1 10 1
1 7 1
2 2
17