# solver=cpp-a0f9b8019
# cpu=AMD EPYC Processor (with IBPB)
# isolated_core=11
# strategy=basic
# n_solutions=1
# solve_time=0.00050
4 2 2
3 7 8
4 2 3 2 2 2 1 4
2 3 2 3 1 4 1 2
4 5 6 1 2 1 1
1 12 3 3 2
3 1 3 12 10 3
5 5 12 10 3
13 3 5 10 4
14 1 2 4 15
14 4 14 4
15 2 1 3 10 4
15 2 10 4
15 3 1 3 14
14 5 5 9 3
13 13 9 2
28 9 1
5 5 5 5
3 3 3 3
3 5 3 5 3 5 3 5
3 5 3 5 3 5 3 5
3 5 3 5 3 5 3 5
3 3 3 3
3 1 3 3 1 3 3 1 3 3 1 3
3 3 3 3
5 3 5 3 5 3 5 3
5 3 5 3 5 3 5 3
5 3 5 3 5 3 5 3
3 3 3 3
1 3 3 1 3 3 1 3 3 1 3 3
3 3 3 3
2 3 5 3 5 3 5 3 3
2 3 5 3 5 3 5 3 3
2 3 5 3 5 3 5 3 3
3 3 3 3
2 3 1 3 3 1 3 3 1 3 3 1 1
2 3 3 3 1
2 5 3 5 3 5 3 5 1
2 5 3 5 3 5 3 5 1
2 5 3 5 3 5 3 5 1
---
9 3 5
10 6 3 1 3 5
11 6 3
2 11 6 3 7 3
2 11 3 7 3
3 11 3 1 3 7 3
5 10 3 3
1 11 3 7 3 1 3
2 12 3 7 3
3 12 3 7 3 5
2 11 3 5
10 6 3 1 3 5
9 6 3
3 2 6 1 6 3 7 3
4 4 3 2 3 7 3
3 6 4 3 1 3 7 3
2 6 2 5 3 3
2 5 3 5 3 7 3 1 3
1 5 2 5 3 7 3
2 5 3 4 3 7 3 5
2 5 2 2 3 5
8 3 6 3 1 3 5
9 4 6 3
10 4 6 3 7 3
6 1 4 3 7 3
3 5 4 3 1 3 7 3
1 8 3 3 3
2 10 2 3 7 3 1 3
3 12 1 3 7 3
2 13 3 7 3 5
4 11 3 5
1 1 11 6 3 1 3 5
3 12 6 3
3 13 6 3 7 3
3 12 3 7 3
2 2 1 5 3 1 3 7 3
6 3 3 3
9 2 3 7 3 1 3
11 1 3 7 3
14 3 7 3 5