# solver=cpp-1e16a40
# cpu=AMD EPYC Processor (with IBPB)
# isolated_core=11
# strategy=basic
# n_solutions=1
# solve_time=0.00040
1 1 1 1
3 2 1 1
4 5 3
23 1 4
28 2 2
32 3 2
34 3 1 1
36 2 3
37 1 2 2
39 1 2
41 3
45
44
41 2
41 1
41
14 7 13
7 3 3 12
4 3 3 2 10
4 3 3 3 5
3 3 3 2 4
2 2 2 2 3
2 2 2 3 3
2 3 2 3 2
4 2 2 2
3 2 2 3
2 2 5
1 3 4
5 3
4 4
---
4
3
7
7
3 3
7 4
14
13 4
22
17 6
16 3
15 3
14 2
14 2
14 1
14
14
14
14
13
13
13
13
18
24
27
14 4
15 5
18 6 1
24
14 5
14
13
13
13
14
14
14
13
12
2 11
2 11
6 13
1 3 13
2 4 14
4 18
3 7
13
2 7
2 2 2 2