# solver=cpp-1562f45ac
# cpu=AMD EPYC Processor (with IBPB)
# isolated_core=11
# strategy=basic
# n_solutions=1
# solve_time=0.00030
13
13
12
13
14 3
2 5 4 6
4 3 8
7 10
8 10
8 9
7 9
7 3 7
5 3 3 4
3 4 5 2
4 4
6 6
7 6
7 6
7 6
7 4
7 4
30
1 3 4
3 2
4 1 2 2 3
1 3 5 2 4
2 6 8
3 3 7 11
4 24
30
---
8 1 1
9 1 2
8 1 5
8 1 4
6 2 3
5 2 2 1
5 3 3 2
4 2 10 3
5 10 3
6 9 3
7 10 2
7 10 4
7 8 1 6
6 1 4 1 5
5 1 5
5 1 1 6
5 3 4 1 6
6 12 3
6 15 2
2 3 13 3
1 2 2 9 3
4 4 1 3
7 1 4
9 1 4
9 1 4
9 1 6
8 1 6
8 1 6
7 1 5
5 1 4