# solver=cpp-298d4941
# cpu=AMD EPYC Processor (with IBPB)
# strategy=basic
# n_solutions=1
# solve_time=0.00050
1 1 1 1 1 1 2 2 1 1
1 1 1 4 1 1 1 4 1
1 1 1 1 1 1 1 1 1 1 1
1 4 4 1 1 1 1 4 1
1 1
18 11
6 5 1 1 6
6 6 2 4 6
6 3 3 2 6
6 1 2 6 2 6
6 1 5 1 5
17 10
28
28
1 2 2 2 1
1 2 2 2 2 2 2
2 2 2 2 2 2 1
1 2 2 2 2 2 1
1 2 2 1
30
---
6 4
12 1
9 1
4 11 1
1 11 1
1 9 2 1
1 2 9 2 1
1 3 1
4 1 1 1 3 3
1 1 1 3 3
1 9 1
1 5 3 1
4 4 2 1
4 3 5 2 1
1 2 6 1
1 1 7 2 1
4 9 5
1 1 3 3
4 1 1 4 1
1 1 1 5 1
2 9 1
1 1 3 3 2 1
4 1 3 2 1
5 5 1
2 1 11 1
1 1 9 1
1 1 9 2 1
3 9 2 1
11 1
6 5