# solver=cpp-86fd3e96b
# cpu=AMD EPYC Processor (with IBPB)
# isolated_core=11
# strategy=basic
# n_solutions=1
# solve_time=0.00030
3 1
1 1 1
3 1 1 1 1
1 1 1 1 1 1 1
1 1 1 1 1 1 1 1
22
1 1 1 1 1 1 1 1
3 1 1 1 1 1
1 1 1 1 3
1 1 1 3 5
1 1 4 3
1 4 3
1 3 4 3 3
1 3 15
1 8 1 5
1 6 4
1 4 3 7
1 1 1 1 1 1 3
3 7 1 2 4
4 6 1 2 4
5 5 2 2 4
5 10 1
5 11 1 1
5 9 1 2 2
5 11 1
5 12 2 1
5 12 5
5 13 1
5 14 2
5 12 4
---
1 10
6 11
1 1 1 12
6 12
1 1 12
18
1 1 12
1 12
11 12
1 12
1 12
9 4 2 9
1 6 1 9
1 8 9
7 2 3 10
1 3 10 6
1 2 3 8
5 1 3 1 5
1 3 2 2
1 2 1 2 1 2
3 2 1 2 1
1 2 3 1 1
2 1 2 1 2
1 2 2 2 1 3
2 3 1 7
2 7
3 8
12
6 3
3 1