# solver=cpp-1e16a40
# cpu=AMD EPYC Processor (with IBPB)
# isolated_core=11
# strategy=basic
# n_solutions=1
# solve_time=0.00050
8 1 2 12
1 2 4 1
1 5 1
1 2 2 1 1
1 2 2 2 1
1 4 4 1 3 1
1 7 4 1
1 2 3 2 1
1 8 1
1 2 11 1
1 4 3 1
1 8 1
1 14 1 1
1 12 3 2 1
1 3 3 4 1
1 4 13 1
1 3 7 2 1
1 2 3 3 1
1 3 3 3 1
1 7 4 1
1 3 9 3 1
1 5 8 1
1 5 12 1
1 4 8 1
1 2 7 2 1
1 1 3 3 3 1
1 1 2 7 3 1
1 2 2 12 1
1 2 14
2 8 6
15 3
17 2 3
3 6 3
6 14
4 21
4 3 7
2 4 3 3
5 4 12
5 20
26
23
18
4 5 1
5 1
11 5 10
---
29 2 2 2 1
1 2 2 2 1
1 2 1 2 2 1
1 1 2 1 2 2 1
1 1 1 2 2 2 3 5 1
1 2 1 2 1 2 2 3 4 1
1 1 2 3 4 4 1 2 5 1
1 2 2 2 3 3 1 2 4 1
1 1 1 7 1 2 2 2 2 4 1
5 6 1 3 2 2 2 4 1
2 3 5 2 4 2 1 5 1
2 2 1 3 1 1 2 2 2 1 5
1 1 2 3 2 2 2 6 2 4
17 2 2 4 2 7
45
2 40
1 2 2 1 30
2 2 1 2 3 5 3 8
1 5 2 2 3 4 3 4
1 2 1 1 1 4 5 4 4
1 2 1 3 4 5 1 2 5 1
1 2 1 2 2 2 2 2 8 1
1 1 1 2 4 1 3 8 1
1 6 1 1 3 3 3 1
1 2 2 1 1 4 4 3 1
1 1 5 5 3 1
1 2 4 2 2 1
1 1 3 2 2 1
1 1 1 2 1
28 2 3