# solver=cpp-a0f9b8019
# cpu=AMD EPYC Processor (with IBPB)
# isolated_core=11
# strategy=contra
# n_solutions=1
# solve_time=0.00240
0
0
4
10
14
45
20
22
10 10
8 8
8 8
10 10
28
4 5 5 4
3 8 3 3
10 3 1 4 2 11
5 2 1 2 5 1 5
9 1 5 3 8
9 3 1 1 3 8
7 2 1 1 1 7
6 1 3 3 1 6
3 1 2 1 4 1 3
4 4 1 1 1 1 1 4
3 1 1 1 1 1 1 4 1 3
3 2 3 1 3 3
8 2 2 3 1 9
3 1 2 1 1 1 3 3
3 1 2 1 1 3 1 3
3 4 3 1 1 2 3
3 3 1 1 1 1 1 3
3 2 1 1 1 2 2 2 3 3
3 1 1 2 1 2 2 6 3
4 1 2 3 4 1 1 2 1 3
3 4 3 8 3
3 3 2 2 3 4 3
8 1 2 2 2 5 9
3 6 5 1 3
3 1 1 3 3
3 1 3 3
3 3 3 1 3
3 4 2 1 3
3 1 5 2 3
3 1 4 2 3
3 4 2 3
3 5 3
8 5 9
3 5 3
34
3 1 5 1 3
3 1 5 1 3
3 1 3 3 1 3
3 1 3 3 1 3
3 1 3 3 1 3
3 1 4 4 1 3
3 1 4 4 1 3
---
1 1 1 1 1
1 1 1 1 1
1 1 1 1 1
1 1 1 1 1
1 1 1 1 1
1 1 37
1 40
1 42
1 10 1 1 1
1 13 4 5 8
1 6 5 4 3 1 1
1 6 3 4 2 1 4 1
8 2 3 2 2 1 2 3 1 1 1
9 3 3 2 1 2 1 1 2 1 1
13 2 1 3 1 2 4 4 1
13 1 6 3 2 1 2 1 1
12 4 1 1 1 5 2 1 2
6 4 1 1 1 1 1 2 1 2
6 1 2 1 1 1 1 2 1 3
6 1 1 2 1 2 1 2 1 3
6 1 4 2 1 2 1 3
6 1 2 2 1 1 9
6 1 3 1 1 1 1 1 8
6 1 2 1 1 1 2 1 6
6 1 2 2 1 2 1 8
6 1 3 4 1 1 10
6 3 3 2 3 2 2 1 3
11 2 3 3 2 4 2 1 3
12 2 2 2 2 3 2 1 3
12 3 2 1 3 1 2 1 2
9 1 3 1 2 2 4 1 2
8 2 9 2 1 1 1
1 6 3 5 1 1 1
1 6 5 1 2 1
1 13 2 8
1 10 1 1
1 42
1 40
1 1 37
1 1 1 1 1
1 1 1 1 1
1 1 1 1 1
1 1 1 1 1
1 1 1 1 1
1 1 1 1 1