# solver=cpp-a0f9b8019
# cpu=AMD EPYC Processor (with IBPB)
# isolated_core=11
# strategy=basic
# n_solutions=1
# solve_time=0.00030
2 2 3
19 2 2
19 1 1
1 1 2
1 1 2
1 1 2
1 1 1
2 1 2
14 1 2
2 2 3
2 2
2 2 3
2 2 2 2
2 1 1 1
1 2 2 2
3 1 4
2 2 1 1
7 5 1 1
4 4 1 2 2
11 1 4
6 6 12
1 2
2 1 1 3
1 1 2 2 2
1 1 1 1 1
1 1 1 2
1 1 1 2
19 1 2
19 1 2
2 2 3 5
---
2 2
3 3
8 8
2 3 3 2
2 3 2 2
2 1 2 3 2
2 1 2 4 2
2 1 2 5 2
2 1 8 2
2 1 1 1 1 2
2 1 7 2
2 1 3 5 2
2 1 2 4 2
2 1 2 3 2
2 3 2 2
2 2 1 2 2
9 1 9
3 5 3
2 1 1 2
1 1
1
2 1 1 1
3 3 8
2 2 2 2 2 1
2 1 1 1 2
1 1 2 2 2 3 2 2
2 3 2 7 1 2 3
3 3 1 1 2 1
1 2 2 1
1 3 1