# solver=cpp-6b570c1b3
# cpu=AMD EPYC Processor (with IBPB)
# isolated_core=11
# strategy=contra
# n_solutions=1
# solve_time=0.00030
11
2 2
6 3
2 5 2
2 5 2
2 4 1
1 3 2
2 4 3 1
1 7 4 2
1 10 3 2
1 3 2 4 4 1
2 3 1 3 4 1
2 2 2 2 4 1
4 4 3 4 1
1 1 3 4 1
1 5 5
1 3 4
3 1 4 3
1 7 1
4 7 2
1 1 9 1
2 3 6 1
1 3 6 2
1 4 8
5 12
2 13
3 14
2 1 7 4
3 8 3
15 3
---
5
3 2
2 2
2 1
2 5
1 10 1
1 5 7 2
1 3 1 1 1 1 1 3
2 4 2 2 1 4
4 4 3 1 3 1
2 2 2 1 5 1
1 2 4 2 1
1 3 2 2 1
1 2 3 3 2
1 2 4 1 2 3 2
1 3 5 4 3
1 3 8 4
1 2 7 5
1 3 7 6
1 4 6 6
2 4 5 5
2 4 9
1 4 7
2 4 6
2 4 5
3 3 4
4 3 5
10 7
3 8
4 6