# solver=cpp-298d4941
# cpu=AMD EPYC Processor (with IBPB)
# strategy=basic
# n_solutions=1
# solve_time=0.00060
21 6 7
18 8 7
2 4 3 6 9
1 3 1 8 7 3
4 2 5 9 6
2 2 4 7 7
2 2 9 9 1
1 2 6 10 6
1 2 6 11
2 3 3 1
4 2 1 4 1 3
2 1 3 2 9 5
2 1 3 2 5 2 2 1
18 3 6 1 2
10 1 6 1 4
7 4 1 8 2 3
7 5 7 6 1
2 8 7 6 1 3
1 6 1 3 10 7
6 4 2 7 1 6
3 7 8 1 6 1
8 1 4 3 2 6
6 6 8 2 6
6 8 9
1 9 1 8 3
7 17 6
6 9 6 6 1
3 7 8 8 2
9 6 6 7
7 8 8 7
---
9 2 5 2 2
3 3 2 3 2 2 2 1
2 1 1 2 2 2 3 1
2 2 1 2 2 5 1
4 7 6 2
5 7 6 2
3 2 7 2 2 2
3 2 1 3 2 2 2 3
2 2 2 2 2 2 3 2
2 4 2 2 5 2
2 3 6 6 4
2 8 6 4
3 5 2 2 4
4 4 3 2 3 1
3 2 1 1 3 2 1
2 4 2 1 1 2 2
2 6 2 1 3 6
2 7 2 5 5
1 2 4 2 3 3 4
1 2 6 3 3 1 2
1 2 4 1 2 4 1 2
5 1 1 5 1 3
7 2 6 1 3 1
7 3 6 1 3 1
2 2 1 2 2 2 1 2 1
2 2 1 3 2 2 2 3 2
2 3 1 3 2 3 1 3 2
5 1 2 5 1 3 2
5 3 2 6 1 3 3
5 3 1 7 4 3
1 2 3 1 2 3 4 2
2 4 3 2 2 2 2
3 2 1 2 2 2 2 2 1
3 2 2 3 3 2 4
3 7 7 5
3 6 2 1 6 5
2 5 5 5 2 2
2 3 2 2 2 3 2 2 2
2 2 2 2 3 2 2 2 3
1 2 2 6 2 2 5