# solver=cpp-6dc88e3e
# cpu=AMD EPYC Processor (with IBPB)
# isolated_core=11
# strategy=basic
# n_solutions=1
# solve_time=0.00030
6 15 5
6 2 2
2 3 5
1 6 2 2 1
1 2 3 5 1
1 6 2 2 1
1 2 3 5 1
1 6 2 2 1
1 2 3 5 1
1 6 2 2 1
1 2 7 1
1 8 1
1 3 2 1
1 5 1
1 1 1
1 5 1
1 3 3 1
1 2 2 1
1 2 3 2 1
1 1 5 1 1
1 2 7 2 1
1 1 2 3 2 1 1
1 1 9 1 1
1 1 2 3 2 1 1
1 2 2 2 2 1
1 1 5 1 1
1 2 3 2 1
1 2 2 1
1 3 3 1
10 5 9
---
1 27
2 1
3 1
4 1
2 2 1
6 1
3 2 1
6 1
1 3 2 5 1
1 6 3 3 1
1 3 2 2 2
1 6 2 3 2
1 3 2 1 5 1
1 6 2 2 1 2 2
1 5 1 6 2 1
1 2 3 6 2 1
1 5 1 6 2 1
1 6 2 2 1 2 2
1 2 2 1 5 1
1 5 2 3 2
1 2 2 2 2
1 5 3 3 1
1 2 2 5 1
5 1
2 2 1
5 1
1 2 1
3 1
2 1
1 27