# solver=cpp-298d4941
# cpu=AMD EPYC Processor (with IBPB)
# strategy=basic
# n_solutions=1
# solve_time=0.00060
0
0
9 1
1 1 4
1 1 6
1 1 2 1 2 3 3
2 2 2 1 9
2 2 4 9
1 1 5 9
2 2 4 9
1 2 1 2 7
1 1 1 2 6
2 2 1 1 2 4
1 1 6 2
2 2 5 1
2 2 1
1 1
1 1 2
1 1 4 8
9 8 1 1
2 1 2 1
6 1 4 1
2 1 1 4 1
2 4 1 1 4 1
9 1 4 1 4 1
6 1 2 1 2 1
5 5 1 1 1 1
3 2 1 2 2
1 6 8
2 2
---
0
5 5 1
1 2 2 1 2
1 3 3 1 4
1 4 1 4 1
1 1 6
1 4 1 4
1 4 3 1 3
1 2 2 1 2
5 5 1
0
1
1 1 3 1
3 3 2 1 1 1 1
5 2 13
2 2 2 13
14 2 1 1 1 1
2 2 2 1 4 3
3 6 1
2 4
0
4 11
7 1 2
8 1 4 1 1
9 1 6 1
9 1 6 1
8 1 4 1 1
7 1 2
6 11
4