# solver=cpp-1562f45ac
# cpu=AMD EPYC Processor (with IBPB)
# isolated_core=11
# strategy=basic
# n_solutions=1
# solve_time=0.00030
1
9 2
1 1 6
1 2 1 6
1 2 2 1 6
1 1 2 1 3 1
1 4 1 1 3
1 2 2 1 3
9 5 3
5 3
5 3
6 3
5 3
3 3
5 3
6 3
10 1
9 6
6 6
1 6 13
2 6 1 1
4 9 9
4 10 1 1
2 10 1 1 1 1
3 1 3 1 3 1
5 1 3 1 3 1 1
3 1 3 1 1 1 1
3 1 3 1 3 1 1
1 3 10 1 3 1 1
7 1 1 4 5 1
---
8 2
1 1 1
1 6 11
1 2 3 10
1 1 1 2 6
1 5 2 1 1
1 2 2 1 1
1 1
8 8 2
4 10 1
16 1
21
16 1
5 10 1
1 1 3 3 2
2 8
2 9
2 1 1 8
4 1 1
4 13
3 10 3 1
18 1 3 3
3 10 3 1 6
3 3 1 3 3
3 3 1 1
1 1 5
1 1
11
1
1