# solver=cpp-b64f6aebe
# cpu=AMD EPYC Processor (with IBPB)
# isolated_core=11
# strategy=backtrack
# n_solutions=15
# solve_time=0.00060
30
1 9 9 2
7 7 1
1 1 7 1 1 7 1 1 1
5 5
5 5
1 7 1 7 1 1
1 1 7 1 1 7 1 1 1
3 7 3 7 3 1
1 7 1 7 1 1
1 9 9 2
1 9 9 2
1 1 5 1 1 5 1 1
1 5 1 5 1
5 5
5 5
1 1 5 1 1 5 1 1
1 1 5 1 1 5 1 1
1 1 1 1 1 1 1 1
3 3 3 3 1
30
7 7 1
7 7 1
1 7 1 7 1 1
1 7 1 7 1 1
1 7 1 7 1 1
1 7 1 7 1 1
1 7 1 7 1 1
1 3 1 3 1
1 3 1 3 1
---
2 2 3 1
1 1 2 1 1
1 1 2 1 1 7
1 1 2 1 1
2 2 3 1
4 6 9
18 9
18 11
19 10
18 11
18 9
4 6 9
2 2 3 1
1 1 2 1 1
1 1 2 1 1 7
1 1 2 1 1
2 2 3 1
4 6 9
18 9
18 11
19 10
18 11
18 9
4 6 9
2 2 3 1
1 1 2 1 1
1 1 2 1 1 7
1 1 2 1 1
2 2 3 1
4 6 9