# solver=cpp-86fd3e96b
# cpu=AMD EPYC Processor (with IBPB)
# isolated_core=11
# strategy=basic
# n_solutions=1
# solve_time=0.00060
77
77
2 1 1 2 1 1 2 1 1 2
2 3 1 3 1 2 1 1 1 1 2 1 1 3 2
2 1 1 1 1 2 1 1 1 1 2 1 1 1 2
2 2 1 3 1 2 1 1 3 2 1 1 1 2
2 1 1 1 1 2 1 1 1 2 1 1 1 2
2 3 1 3 1 2 1 1 1 2 1 1 1 2
2 1 1 2 1 1 2 1 1 2
77
2 1 1 2 1 1 2 1 1 2
2 1 1 2 1 3 1 2 1 3 1 2
2 1 1 2 1 1 1 1 2 1 1 1 2
2 1 1 2 1 3 1 2 1 3 1 2
2 1 1 2 1 1 1 1 2 1 1 1 1 2
2 1 1 2 1 3 1 2 1 3 1 2
2 1 1 2 1 1 2 1 1 2
77
2 1 1 2 1 1 2 1 1 2
2 1 1 3 2 3 1 1 2 1 1 1 1 2
2 1 1 1 1 2 1 1 1 2 1 1 1 1 2
2 1 1 3 2 3 1 1 2 1 3 1 2
2 1 1 1 2 1 1 1 2 1 1 1 2
2 1 1 1 2 3 1 1 2 1 1 1 2
2 1 1 2 1 1 2 1 1 2
77
77
2 1 1 2 1 1 2 1 1 2
2 1 1 1 2 1 3 1 2 3 1 1 2
2 1 1 1 2 1 1 1 1 2 1 1 1 2
2 1 1 1 2 1 3 1 2 3 1 1 2
2 1 1 1 2 1 1 1 2 1 1 1 2
2 1 1 1 2 1 1 1 2 3 1 1 2
2 1 1 2 1 1 2 1 1 2
77
2 1 1 2 1 1 2 1 1 2
2 1 3 1 2 1 1 1 1 2 1 3 1 2
2 1 1 1 2 1 1 1 1 2 1 1 1 2
2 1 3 1 2 3 1 1 2 1 2 1 2
2 1 1 1 2 1 1 1 2 1 1 1 2
2 1 3 1 2 1 1 1 2 1 3 1 2
2 1 1 2 1 1 2 1 1 2
77
2 1 1 2 1 1 2 1 1 2
2 1 1 3 2 1 1 3 2 1 1 3 2
2 1 1 1 1 2 1 1 1 2 1 1 1 2
2 1 1 3 2 1 1 3 2 1 1 3 2
2 1 1 1 1 2 1 1 1 2 1 1 1 1 2
2 1 1 3 2 1 1 3 2 1 1 3 2
2 1 1 2 1 1 2 1 1 2
77
77
2 1 1 2 1 1 2 1 1 2
2 1 1 1 3 2 1 1 2 1 1 3 2
2 1 1 1 1 2 1 1 2 1 1 1 1 2
2 1 1 1 3 2 1 1 2 1 1 3 2
2 1 1 1 1 1 2 1 1 2 1 1 1 1 2
2 1 1 1 3 2 1 1 2 1 1 3 2
2 1 1 2 1 1 2 1 1 2
77
2 1 1 2 1 1 2 1 1 2
2 3 1 1 2 3 1 1 2 1 1 2
2 1 1 1 1 2 1 1 1 2 1 1 2
2 3 1 1 2 1 1 1 2 1 1 2
2 1 1 1 2 1 1 1 2 1 1 2
2 1 1 1 2 1 1 1 2 1 1 2
2 1 1 2 1 1 2 1 1 2
77
2 1 1 2 1 1 2 1 1 2
2 1 1 2 1 1 1 3 2 3 1 1 3 2
2 1 1 2 1 1 1 1 2 1 1 1 1 2
2 1 1 2 1 1 1 2 2 1 1 1 3 2
2 1 1 2 1 1 1 1 2 1 1 1 1 2
2 1 1 2 1 1 1 3 2 1 1 1 3 2
2 1 1 2 1 1 2 1 1 2
77
77
---
77
77
2 1 1 2 1 1 2 1 1 2
2 1 1 2 1 1 2 1 1 2
2 1 1 1 1 2 1 1 2 1 3 1 2
2 1 1 1 1 1 2 1 1 2 1 1 1 1 2
2 5 1 1 2 1 1 2 5 1 5 1 2
2 1 1 2 1 1 2 1 1 2
2 1 1 2 1 1 2 1 1 2
77
2 1 1 2 1 1 2 1 1 2
2 1 1 2 1 1 2 1 1 2
2 1 3 1 1 2 1 3 1 1 2 1 1 2
2 1 1 1 1 1 2 1 1 1 1 1 2 1 1 2
2 3 1 1 1 2 5 1 1 3 1 2 1 1 2
2 1 1 2 1 1 2 1 1 2
2 1 1 2 1 1 2 1 1 2
77
2 1 1 2 1 1 2 1 1 2
2 1 1 2 1 1 2 1 1 2
2 1 1 3 2 1 1 5 2 5 1 1 2
2 1 1 1 1 2 1 1 1 1 1 2 1 1 1 1 1 2
2 1 1 5 2 1 1 5 2 1 3 1 1 2
2 1 1 2 1 1 2 1 1 2
2 1 1 2 1 1 2 1 1 2
77
77
2 1 1 2 1 1 2 1 1 2
2 1 1 2 1 1 2 1 1 2
2 1 1 3 1 2 1 3 1 2 1 1 1 2
2 1 1 1 1 1 2 1 1 1 2 1 1 1 2
2 1 1 1 3 2 1 5 1 2 1 5 1 2
2 1 1 2 1 1 2 1 1 2
2 1 1 2 1 1 2 1 1 2
77
2 1 1 2 1 1 2 1 1 2
2 1 1 2 1 1 2 1 1 2
2 1 5 1 2 3 1 1 2 1 1 2
2 1 1 1 1 1 2 1 1 1 1 2 1 1 2
2 1 5 1 2 5 1 1 2 1 1 5 2
2 1 1 2 1 1 2 1 1 2
2 1 1 2 1 1 2 1 1 2
77
2 1 1 2 1 1 2 1 1 2
2 1 1 2 1 1 2 1 1 2
2 3 1 1 2 1 1 1 3 2 1 1 1 1 2
2 1 1 1 2 1 1 1 1 1 2 1 1 1 1 1 2
2 5 1 1 2 1 1 3 1 2 1 1 5 2
2 1 1 2 1 1 2 1 1 2
2 1 1 2 1 1 2 1 1 2
77
77
2 1 1 2 1 1 2 1 1 2
2 1 1 2 1 1 2 1 1 2
2 1 1 2 3 1 1 1 2 1 1 1 2
2 1 1 2 1 1 1 1 1 2 1 1 1 2
2 1 1 2 1 3 1 1 2 1 1 5 2
2 1 1 2 1 1 2 1 1 2
2 1 1 2 1 1 2 1 1 2
77
2 1 1 2 1 1 2 1 1 2
2 1 1 2 1 1 2 1 1 2
2 1 5 1 3 2 1 1 1 1 2 1 1 2
2 1 1 1 1 1 1 2 1 1 1 1 1 2 1 1 2
2 1 1 3 1 5 2 1 5 1 2 1 1 2
2 1 1 2 1 1 2 1 1 2
2 1 1 2 1 1 2 1 1 2
77
2 1 1 2 1 1 2 1 1 2
2 1 1 2 1 1 2 1 1 2
2 1 1 1 2 1 1 5 2 5 1 1 1 3 2
2 1 1 1 2 1 1 1 1 1 2 1 1 1 1 1 1 1 1 2
2 5 1 1 2 1 1 1 3 2 5 1 1 3 1 2
2 1 1 2 1 1 2 1 1 2
2 1 1 2 1 1 2 1 1 2
77
77