# solver=cpp-1e16a40
# cpu=AMD EPYC Processor (with IBPB)
# strategy=basic
# n_solutions=1
# solve_time=0.00060
# solver=cpp-298d4941
# cpu=AMD EPYC Processor (with IBPB)
# strategy=basic
# n_solutions=1
# solve_time=0.00050
28
2 2
1 8 1
1 2 2 1
1 1 1 1
1 2 2 1
1 1 1 1
1 1 1 1 1 1 1 1 1 1
1 1 1 1 1 1 1 1 3 3 1 1
1 11 1 2 2 3
1 5 3 2 1 1 1 2
1 1 1 1 1 2
1 1 2 1 1 2
1 2 1 1 2 3
1 1 1 2 1 1 2 1
1 1 1 2 2 2 2 1
1 1 1 3 3 3 1
1 1 1 10 1
1 1 1 8 1
1 1 1 6 1
1 1 1 1 1 1
1 1 12 5 1
1 1 1 1 3
1 1 2
1 1 1
1 10 1
1 1 1
1 1 1 1 1
2 1 2
28
---
28
2 2
1 3 1
1 2 1
1 7 1
1 2 13 1
1 4 1 1
1 2 1 1
1 3 10 1 1
1 4 1 1 1
1 4 1 1 1
1 2 1 1 1
1 3 1 1 1
1 1 1 1
1 1 5
1 5 1 1
1 6 4 1 1
1 3 4 1 1 1
1 2 2 4 1 1
1 1 3 2 6 1
1 1 1 5 1
1 1 1 4 1
1 1 4 5 1
1 1 1 2 6 1
1 1 3 3 1 1
1 2 2 3 1 1 1
1 3 3 1 1
1 5 2 2 1
2 5 2 2
28