# solver=cpp-86fd3e96b
# cpu=AMD EPYC Processor (with IBPB)
# isolated_core=11
# strategy=basic
# n_solutions=1
# solve_time=0.00030
2 5 1 1
4 5 1 1
3 5 1
4 4 1 1
4 5 1
4 3 1 1
1 4 3 1 1
2 4 3 1 1
2 3 2 1 1
2 4 3 1
2 4 2 1
2 4 2 1
2 3 3
2 3 3
2 2 3
2 2 3 3
5 3 3
3 1 1 3 3
13 3 3
13 3 3
11 3 3
4 3
4 4
4 4
5 4
5 3
6 4
7 4
9 4
9 5
---
2 2
2 2 2
2 2 3
3 2 4
2 2 3
2 2 3
1 2 2 3
1 2 2 3
2 2 2 3
2 2 2 3 1
2 3 5 2
2 2 2 3 2
2 3 2 3 2
1 3 5 3
2 2 1 3
5 2 4
2 3 5
3 3 6
3 4 8
8 17
3 14 1
3 10 2
3 4
11 8
18
23
11
0
0
0