# solver=cpp-86fd3e96b
# cpu=AMD EPYC Processor (with IBPB)
# isolated_core=11
# strategy=basic
# n_solutions=1
# solve_time=0.00030
1
20 1
2 1 1
1 13 1 1
1 1 1 2 1 1
1 13 2 1 1
1 1 1 1 1 1 1 1 1 1
1 1 1 1 1
1 13 2 1 1
1 1 1 2 1 1
1 13 1 1
1 1 1 1 1 1 1 1
1 1 1 1 1
1 13 2 1 1
1 1 1 1 1
1 13 2 1 1
1 1 1 1 1 1 1 1 1 1
1 1 1 2 1 1
1 13 1 1
1 1 1 2 1 1
1 13 1 1
1 1 1 1 1 1 2 1 1
1 1 1 1 1 1 2 1 1
1 13 1 1
4 4
1 12 1 2
1 1 1 3 1 2
1 12 1 2
1 1 2
20 1
---
1
1
1
29
2 1
1 21 3 1
1 1 1 1 1 1 1 1 1 1 1 1 1
1 1 2 1 1 1 2 1 1 1 1 1 1
1 1 1 1 2 1 1 1 4 1 1 1
1 1 2 1 1 1 2 1 1 1 1 1 1
1 1 1 1 1 1 1 1 1 1 1 1 1
1 1 2 1 2 1 2 1 4 1 1 1
1 1 1 1 1 1 1 1 1 1 1 1 1
1 1 2 1 1 1 2 1 1 1 1 1 1
1 1 1 1 2 1 1 1 4 1 1 1
1 1 2 1 1 1 2 1 1 1 1 1 1
1 1 1 1 1 1 1 1 1 1 3 1
1 21 1
1 1 1
1 2 2 1 1 1 1 2 1 1
1 2 2 1 1 1 1 2 1 1
1 1
29
1
1
26
2
2
2
2