# solver=cpp-1e16a40
# cpu=AMD EPYC Processor (with IBPB)
# isolated_core=11
# strategy=basic
# n_solutions=1
# solve_time=0.00030
17
1 2 1 1 2 1
1 1 1 1
17
1 1
1 1 1
1 8 1
1 1 6
1 1 1 1
11 6
2 6 2 1
2 2 4
27
1 1 4
1 5 12 7
1 1 1 1 1 1
1 1 1 1 4 1 1 5
1 5 1 1 1 1
1 1 1 1 1
1 5 1 1 1 5
1 1 1 12 1
1 1 1 7
1 5 7 1
2 7
1 21
3 3
3 3
23
2 2
2 2
---
2 1 2 2
20
2 1 3
1 1 4 4 1 1
10 1 1 1 1 1 1 1
1 1 1 1 1 1 1 1 1 1
1 1 1 1 1 1 1 1 1 1
2 1 1 1 4 4 1 1
2 1 1 1 1 1
1 1 1 1 1 1
1 1 1 1 7 1 1
4 1 1 1 1 1 1 1
1 1 5 1 1 1 1 1 1
4 1 1 1 1 1 1 1 1
1 1 1 1 1 1 1 1 1 1 1
1 1 2 1 1 1 1 1 1 1 1
2 1 1 1 1 1 1 1 1 1 1
2 1 5 1 1 1 1 1 1 1
1 1 2 1 1 1 1 1 1 1
1 1 1 1 1 1 1 1 1
10 1 1 1 1 1
1 1 1 7 1 1
1 2 1 4
20
2 1 1 1 2 2
1 1 4 1 1
4 1 1 1 1
1 2 1 1 1 1
2 2 1 1 1 1
1 2 1 1 1 1