# solver=cpp-d85c7576
# cpu=AMD EPYC Processor (with IBPB)
# isolated_core=11
# strategy=basic
# n_solutions=1
# solve_time=0.00030
5 2 2
2 2 1 1 6
1 3 2 4 2 2
1 2 2 8 2 4 1
3 2 2 3 1 4 1
1 1 15 6
1 3 3 2 3 3 1
2 5 4 7 1
3 12 5 2
3 13 3
2 11 5
2 10 1
12 6
8
2 3
10
2 2
13
1 5 2
3 4
14
2 5 2
11 9
11 1
11 1
2 2 1
2 2 1
5 1
11 1 1 10
1
---
7 1 1
2 1 2 1 1
1 1 3 1 1 1
1 1 1 2 1 1
1 2 2 1 1 1
2 1 1 2 1 1
2 1 1 2 1 1
2 1 1 2 1 1
3 2 1 1 6 1
2 1 1 1 2 6 1
6 1 4 2 4 1
13 1 1 4
1 11 1 2 2 2 2
4 1 7 1 2 2 2 2
5 6 1 2 2 2 1 1
5 6 1 2 2 2 2
6 9 2 2 2 2
1 1 11 1 1 4 1
15 2 4 1
5 1 3 6 1
2 1 1 2 6 1
2 1 1 1 3 1 1
3 5 1 1 1
2 1 1 1 1 1 1 1
1 1 2 1 1 1 1 1
1 1 1 1 3 1 1
1 1 1 3 7
1 1 1 1
2 1 2
7