# solver=cpp-6b570c1b3
# cpu=AMD EPYC Processor (with IBPB)
# isolated_core=11
# strategy=basic
# n_solutions=1
# solve_time=0.00040
5
3 4
3 4
3 1 3
4 1 3
9 2
15 6
3 7 4 3 2
2 1 7 3 2
1 1 7 1 2
1 1 7 1 2
1 1 7 1 2
1 1 7 2 2 2
1 1 7 2 2 2
1 1 7 4 3 3 2
1 1 7 1 1 1 1 1 1 2
30
1 1 1 1 2 1
1 1 1 4 2 1
1 1 2 2
1 2 2
1 2
5
7
3
3
1 2
2 2
1 1
2
---
10
2 1
1 1
13
1 1
2 1
2 1
16
13
14
14
2 12
1 12
20
1 1 1 1
2 1 3 1
1 1 1 1 1 1
1 2 1 1 1 2 3
1 1 7 6
2 1 10
1 2 3 1 5
1 7 1 2 2
2 2 5 2 2
1 1 1 3
1 2 3 2
2 1 3 1
1 1 5
2 1 1
13
15