# solver=cpp-1562f45ac
# cpu=AMD EPYC Processor (with IBPB)
# isolated_core=11
# strategy=basic
# n_solutions=1
# solve_time=0.00040
4
6
3 4
3 5
2 1 3
1 1 1
2
13 1
13
2 2 2
2 2 3
2 2 2
2 2 4
4 2 3
3 2 2 2
2 1 2 1 2
2 1 1 2 3 1 2 1 2
2 2 1 11 3 2 1 1
52
9 1 2 2 5
11 2 1 2 2 6
9 1 2 1 1 1 7
11 3 1 2 2 2 8
9 1 5 23
11 2 24
9 1 3 24
11 3 25
9 1 3 26
11 1 1 26
9 1 2 1 27
9 1 2 27
9 28
9 28
9 29
55
---
17
17
2 17
28
28
2 2 17
2 2 17
2 2 18
2 2 19
4 1 1 1 1 1 1 1
3 14 1
3 2 1 1
3 2 1 1
3 2 1 1
3 2 1 1
2 1 1
3 1 1
7 1 1
3 2 1 1
3 1 1 1 1
3 1 1 3 1
2 3 2 3 1
2 8 1
2 7 1 1
2 2 1 1
2 2 1
3 3 2
3 4
2 6
3 8
4 9
3 11
1 12
1 12
1 12
21
2 4 13
3 12
4 1 12
2 1 12
3 12
2 12
2 3 13
20
1 12
1 12
2 1 1 1 12
2 3 1 13
4 1 14
3 1 15
18
17
16
16
16