# solver=cpp-86fd3e96b
# cpu=AMD EPYC Processor (with IBPB)
# isolated_core=11
# strategy=contra
# n_solutions=1
# solve_time=0.00110
5 6
4 4 1
4 4 2
6 6 1
1 6 6 4
1 4 1 1 4 5
4 4 1 1 4 1 3
5 4 1 4 4
3 1 3 2 3 4
4 1 4 1 5
4 2 3 3
4 4 4
2 3 2
2 1 1 2 3
2 1 3 1 2 4
2 1 1 1 1 2 5
3 2 1 1 1 1 2 4
4 2 1 1 1 1 3
5 3 1 1 2 2
4 2 1 1 3
1 2 3 2 1
2 3 1 3 1 3
4 1 3 1 4
4 3 1 4
4 1 1 1 4
6 2 2 6
6 5 6
4 5 4
4 5 4
6 7 6
---
6 4 1
5 4 1
6 4
2 3 3
2 2 1 1
1 1 5 2
2 5 3 9
9 2 3 10
10 3 2 9
9 2 2 3 1
1 3 1 2 3
4 2 4 3 1
2 1 1 5
3 1 4 5 5
2 1 1 5 4
4 2 1 4 5 5
1 3 1 1 1 5
9 2 4 3 1
10 1 2
9 2 2 4
2 5 3 3 3 1
1 2 2 9
4 10
1 1 9
2 5 2
2 3 1 1
2 4 3
6 4
1 5 4 1
7 4 1