# solver=cpp-86fd3e96b
# cpu=AMD EPYC Processor (with IBPB)
# isolated_core=11
# strategy=basic
# n_solutions=1
# solve_time=0.00030
3 3 1
1 1 1 1 1
1 3 1 1
1 1 1 2 2 2
3 3 4 5
1 1 1 1 3 4 4
1 3 2 1 2
1 1 1 1 2 2 2 2
3 3 1 2 2 1
1 1 1 3 1 1 1 1 1
1 3 1 1 3 3 1
1 1 1 1 1 3
3 5 3 4
1 1 1 4 1 5
1 3 5 3 6
1 1 6 2 7
3 5 13
1 1 5 8
1 7 7 1
1 1 5 9 1
3 5 9 1
1 1 5 6 4
1 7 1 1 3 6
1 6 1 2 8
9 10
1 4 12
1 7 2 9
9 3 7
1 6 5 4
1 3 5
---
27
1 1 1 1 1 1 1 2
25 2 1
1 1 1 1 1 3 3
20 8
1 1 1 1 6 8
30
1 1 1 17
3 2 16 1 3
5 3 2 1 1
3 1 2 1
1 2 1 4
1 2 1 2 1 1 5
1 4 1 1 1 3 1 1 3
1 3 1 5 2 2
1 4 1 1 1 4 4 1
1 2 1 1 5 5
3 2 6 6
4 7 6
4 8 7
2 14 6
9 7
8 6
6 5
11