# solver=cpp-6dc88e3e
# cpu=AMD EPYC Processor (with IBPB)
# isolated_core=11
# strategy=basic
# n_solutions=1
# solve_time=0.00040
5
3
7
11
13
15
13 3
16 2
14 4
21
21 1
1 23
3 15 1
3 7 3
6 6
19
17
15
13
11
9
10
1 1 1 2
2 1 1 1
1 2 1 2
2 1 1 2
1 1 1 1
2 2 1 2
17 2
5 1 1 1 1 1 1 2 1
4 18
2 5 2 2
2 2 2
5 2
3
---
2 2
1 4
5 4
5 3 4
6 4 5 3
8 4 3 1 5
9 5 2 4 2
10 6 1 2 5
10 8 10
12 10 1 1
1 12 7 3
14 7 1 1
14 7 3
14 7 1 1
1 12 9 3
12 7 3 1 1
10 9 4
3 1 4 6 3 1 2
9 5 2 3
2 5 4 3 2
6 4 2 1
5 3 3
5 2
1 3
2 2