# solver=cpp-400bd85f2
# cpu=AMD EPYC Processor (with IBPB)
# isolated_core=11
# strategy=basic
# n_solutions=1
# solve_time=0.00050
0
62
60 1
63 1
63 2
64 1
65 2
2 60 2 1
63 1
1 61 4 1 2
74 1 1
75 1 1
75 1
75 1
68 7 1
70 5 1
73 2 3
76 2
78 2
78 1 2
82 1
86
21 51
19 2 46 1
17 43
40
25
23
21
18
16
14
10
9
1 1
0
---
0
4
4
6
7
7
8
8
8
9
9
10
11
11
12
14
15
16
14
14
15
16
15
14
17
19
19
21
21
21
21
21
21
21
21 1
23
22
23
24
25
25
25
25
25
25
25
25
25
25
25
25
25
25
26
27
28
29
30
31
32
33
34
33
33
33
33
33
33
34
31
31
31
30
29
28
28
27
26
25
24
13 10
8 5 3 4
8 5 4
7 7 4
6 7 3
6 8 3
6 8 3
1 4 6 2
1 2 5 1
3 1 3 1
3 1
2 2 1
2 1
8
0