# solver=cpp-1e16a40
# cpu=AMD EPYC Processor (with IBPB)
# strategy=basic
# n_solutions=1
# solve_time=0.00050
# solver=cpp-298d4941
# cpu=AMD EPYC Processor (with IBPB)
# strategy=basic
# n_solutions=1
# solve_time=0.00050
2 31
2 32
2 14 13
1 5 4 3 7 3
1 4 2 3 2 2 7 4
7 4 2 1 1 5 4
7 4 1 2 2 2 4
3 1 3 2 4
2 2 2 3 1 3 8
2 3 4 4 5 8
2 3 1 1 2 3 4 8
2 2 3 3 3 5 6
3 2 1 3 3 6 1
4 3 1 1 3 2 7 1
5 2 3 5 1 1 4 1
5 1 1 2 1 1 3 2 1
5 2 1 4 2 1 4 4
5 11 2 1 2 3
1 2 13 1 2 3
1 3 15 1 1 2 3
1 3 16 1 1 2 3
3 17 1 1 4
3 13 1 1 2 3
5 4 6 1 2 2
5 2 1 1 1 2 1
5 1 2 2 1 2 2 1
5 2 1 1 1 1
5 2 1 1 1
2 1 3 4 3 1 1
2 2 12 1 1
2 2 12 2 1
1 3 13 1 1
1 3 14 2 2
6 7 14 2
7 3
---
21 12
3 13 8 2
3 6 9 2
6 2 15 6
7 4 21
7 4 4
7 4 5 1
4 2 5 7
3 2 4 5 6
3 3 1 2 5 5
3 3 1 3 6 5
3 2 3 6 5
4 2 1 1 8 5
5 3 3 7 5
6 2 1 8 6
7 1 1 8 5
3 2 9 5
2 3 9 5 9
2 2 2 6 6 2 4
2 1 7 2 6 3
2 2 3 5 2
2 3 1 1 7 1
3 2 4 3 4 1 1
5 7 3 1 1 1 1
5 9 7 1 1
6 4 2 1 1
6 1 2 4 1 1
14 1 1 2 1
15 2 3 1
6 7 4 2 1
3 8 2 2 2
3 13 1 2 3
14 7 6 1
11 8 3
11 23