# solver=cpp-a0f9b8019
# cpu=AMD EPYC Processor (with IBPB)
# isolated_core=11
# strategy=basic
# n_solutions=1
# solve_time=0.00030
7
5 3
4 3
2 4 1
1 9 1 3
2 3 2 1 3
1 2 2 1 2
2 2 3 2 1 2
2 2 7 1 1 1
3 2 3 2 1 1 1
3 1 2 2 1 1 1 1
3 1 2 3 2 1 1 1
3 1 3 1 4 1 1 1
3 1 3 1 3 2 2 1
3 1 3 1 2 2 2
4 2 3 5 1 4
3 2 3 3 6
4 1 8 7
3 2 5 8
4 3 11
5 3 3 9
6 3 11
27
27
25
1 12 7 3 2
1 2 2 1 2 3 2 2
2 2 2 2 2 2 2 2
4 4 1 3 2 1 2
5 3 2 2 2 2 1
---
3 2
2 4
7 4 3
11 4 2
15 5 1
3 6 6
2 9 1
1 9 8 1
2 4 2 9
2 2 3 6 3
1 1 4 2 5 2
2 2 7 1 7 1
2 1 3 5 2 4 1
1 2 3 3 7 2
1 2 2 4 2 5 2 1
1 2 2 2 1 2 5 2
1 2 1 4 1 2 1 4 1
1 1 1 2 1 2 1 5 2
1 1 2 3 1 2 1 5 1
1 2 4 2 3 7
2 2 2 2 1 5 2
1 2 4 1 7 2
2 3 3 7 1 1
2 2 8 2
8 10 1
8 1 2
2 9 2 1
19 2
4 9 1 2
7 1 2