# solver=cpp-6dc88e3e
# cpu=AMD EPYC Processor (with IBPB)
# isolated_core=11
# strategy=basic
# n_solutions=1
# solve_time=0.00030
19
1 1
1 7
1 5 7 2 1 1
1 1 1 1 1 2 1 1
1 1 2 1 2
1 1 1 1 1 2 8
1 5 7 2 1 3
1 2 2 1 1
1 2 1 1 2
21 1 3 1 2
1 2 2 2 2
1 3 3 2 3 2
1 2 2 2 2 2 2 2 1
3 3 12 5
2 2 2 2 2 2
3 3 3
---
15
1 1 1
1 1 3
1 5 1 2 2
1 1 1 1 1 1
1 1 1 1 2 2
1 1 1 1 3
1 2 2 1 1
1 1 3
1 1 2 2
1 2 2 1 1 1
1 1 1 1 2 2
1 1 1 1 3
1 1 1 1 1
1 1 1 1 1
1 1 1 1 1
1 2 2 1 1
1 1 1
1 1 1
14
13
1 1
10 1
1 1 1 1 3
1 1 1 2 2
2 1 1 1 1
1 1 1 2 2
2 1 3
7 1
2 1
1 4 1
7