# solver=cpp-6b570c1b3
# cpu=AMD EPYC Processor (with IBPB)
# isolated_core=11
# strategy=basic
# n_solutions=1
# solve_time=0.00030
31
1 1 1 1 1
1 1 5 5 3 1 7 1
1 1 1 1 1 1 1 1
1 1 1 3 5 1 7 5
1 1 1 1 1 1 1 1
1 1 3 1 1 5 3 5 3
1 1 1 1 1 1 1 1
1 1 3 1 1 1 3 1 11
1 1 1 1 1 1 1 1 1
1 7 1 7 1 8
1 1 1 1 1 1
1 1 1 5 2 2 1 4 1 1
1 1 1 1 1 5 1 1 1 1
1 3 1 1 1 3 1 1 3 3 1
1 1 1 1 1 4 1 1 1 1
1 1 1 1 1 1 4 1 3 7
1 1 1 1 1 4 1 1 1 1 1
1 1 1 5 5 1 5 1 1
1 1 1 1 1 1
1 3 1 11 1 1 5 1
1 1 1 1 1 1 1 1 1
1 1 1 1 3 3 1 3 9
1 1 1 1 1 1 1 1 1 1
1 1 1 3 1 1 1 3 11
1 1 1 1 1 1 1 1 1 1
1 1 3 1 1 1 1 11 1 1
1 1 1 1 1 1 1 1
1 1 7 5 3 7 1
1 1 1 1
1 29
---
31
1
1 17 11
1 1 1 1 1
1 5 1 1 3 11 1 1
1 1 1 1 1 1 1 1
1 1 1 3 1 5 7 1 1 1
1 1 1 1 1 1 1 1 1
1 9 1 5 1 1 5 1
1 1 1 1 1 1 1
1 17 9 1
1 1 1 1 1
1 1 1 5 2 1 7 1
1 1 1 1 1 7 1 1 1 1
1 1 1 1 1 1 6 1 5 1 1
1 1 1 1 7 1 1 1
7 3 2 4 5 3 1
1 1 1 1 1 1 1 1 1
1 1 1 5 3 1 1 3 1 1
1 1 1 1 1 1 1
5 1 11 5 1 3
1 1 1 1 1 1 1
1 1 1 1 1 1 1 5 1 1 1 1
1 1 1 1 1 3 1 1 1 1 1 1 1
1 1 1 1 1 1 3 3 1 1 1 1 1 1
1 1 1 1 1 1 1 1 1 1 1 1 1 1
1 1 5 1 1 3 1 1 1 1 1 1 1
1 1 1 1 1 1 1 1 1 1 1 1
3 1 1 1 1 3 5 1 5 1
1 1 1 1 1 1 1 1 1
7 23