# solver=cpp-d85c7576
# cpu=AMD EPYC Processor (with IBPB)
# isolated_core=11
# strategy=contra
# n_solutions=1
# solve_time=0.00030
0
5
1 3
1 3 2
3 2 2
1 2 4
3 1
1
2 2
4 2 1
6 1 3
6 2 2 1
6 1 1 2
6 1 1 2
6 2 2
5 3 1
5 1 1 2
5 3 1
5 1 1 1
4 2 1
3 2
3 1 1
2 1
2 2 2
2 2 2
1 1 2 2
1 1 2 2
2 9
3 2 8
6 3 3
4 3 1 1
1 2 1 2 1 1 1
6 2 1 1 2
6 2 1 1 2
4 2 1 1 1
1 2 1 2 1 1 1
4 2 1 1
2 1 1
1
0
---
0
3
4
7 4 3 1
9 1 4 3 1
11 10
11 2 9
2 11 2 3 3 3 1
2 9 2 5 3 1
1 2 1 6 1 1 2
1 1 1 1 3 3 1 12
1 2 2 2 1 3 10
1 2 1 3 2 1 1 2 4
2 1 2 2 4 6
2 2 1 1 2 3
4 2 2 2 7
3 2 3 4
2 2 3 2 2
4 7
0