# solver=cpp-400bd85f2
# cpu=AMD EPYC Processor (with IBPB)
# isolated_core=11
# strategy=basic
# n_solutions=1
# solve_time=0.00030
5 5
7 9 7
3 3 11 3 3
2 2 3 3 2 2
3 2 3 2 3
4 2 4 3 2 8
3 2 3 4 2 7
2 3 2
2 2 2
8 2 2 3
10 2 2 5
3 3 2 2 5
2 2 2 2 2 3
2 3 2 2
2 8 2 7 2
2 7 2 8 2
2 2 3 2
3 2 2 2 2 2
5 2 2 3 3
5 2 2 10
3 2 2 8
2 2 2
2 3 2
7 2 4 3 2 3
8 2 3 4 2 4
3 2 3 2 3
2 2 3 3 2 2
3 3 11 3 3
7 9 7
5 5
---
5 5
7 9 7
3 3 11 3 3
2 2 3 3 2 2
3 2 3 2 3
8 2 3 4 2 4
7 2 4 3 2 3
2 3 2
2 3 2
3 4 2 11
5 3 2 12
5 2 3
3 2 2 2
2 3 2
2 19 2
2 19 2
2 3 2
2 2 2 3
3 2 5
12 2 3 5
11 2 4 3
2 3 2
2 3 2
3 2 3 4 2 7
4 2 4 3 2 8
3 2 3 2 3
2 2 3 3 2 2
3 3 11 3 3
7 9 7
5 5