# solver=cpp-6b570c1b3
# cpu=AMD EPYC Processor (with IBPB)
# isolated_core=11
# strategy=contra
# n_solutions=1
# solve_time=0.00040
1
1 1
3 1 1
7 3 3
3 3 3 2
3 1 4 2
1 3 1 5 1
3 3 1 3 1 1
2 3 1 2 2
2 3 3 3 1 2 2 1
1 1 4 1 1 1 1 3 2 2 4 1
1 2 11 1 2 7
1 8 7 2 1
1 1 4 4 1 5 1 1 2 1 4
3 1 5 1 1 3 2 7
8 1 4 1 4 1 2 1 3 1
4 4 2 4 4 4 2 1 3 1
2 5 1 2 1 1 2 1 7 2 3 3
1 3 2 2 1 1 1 1 2 7 4 3
5 2 1 4 1 4 2 3 5 6
5 2 2 1 1 1 1 6 3 1 2 1
2 2 2 1 2 1 2 2 6 1 1 2 1
2 2 1 2 4 4 1 3 3 1 2 1
2 2 2 2 2 1 1 4 2 3 1 2 1
2 1 2 2 2 1 1 2 1 2 2 1 2 1
2 2 2 2 1 1 1 1 1 2 3 2 1 2 1
2 2 2 2 4 1 4 2 3 3 1 2 1
2 2 2 1 1 1 2 3 3 1 2 1
2 2 1 1 4 1 3 1 1 3 3 1 2 1
2 2 2 1 4 1 3 1 1 1 3 1 2 1
---
2
16
2 4 11
7 3 3
1 1 1 1 7 5
1 16
3
8 5 1
17
12
25 2
10 3 1 1 1 6
1 2 3
1 2 10 5 2
3 5 3 1 4 1 2
7 3 2 1 2 1 2
5 6 5 2
1
3 1 1 1 1 1 7
1 1
12 5 2
3 3 1 4 1 2
4 2 1 3 1 2
1 2 6 5
5 3
1 1
18
6 5
3 1
1 3 6
4 6 6
4 1 7 5
4 1 1 3 2 4
2 2 1 2 4
1 1 1 1 5
2 7 5
2 1 2 5
1 6 4
8
3 1 13
2 3 8
10 4 1 9
1 1 1 2 7 9
1 1 2 3
3 16