# solver=cpp-1e16a40
# cpu=AMD EPYC Processor (with IBPB)
# isolated_core=11
# strategy=basic
# n_solutions=1
# solve_time=0.00040
0
13
1 1
1 1 1
1 3 1
1 1 1
1 1 1 1 1
1 4 4 1
1 1 1 1 1
1 1 1
1 3 1
11 1 11
1 1
1 1 1 1 1
1 3 3 3 1
1 1 1 1 1
1 1 1 1 1 1 1 1 1 1 1
1 4 4 4 4 4 4 1
1 1 1 1 1 1 1 1 1 1 1
1 1 1 1 1
1 3 3 3 1
1 1 1 1 1
1 1
11 1 11
1 3 1
1 1 1
1 1 1 1 1
1 4 4 1
1 1 1 1 1
1 1 1
1 3 1
1 1 1
1 1
1 1 1
1 3 1
1 1 1
1 1 1 1 1
1 4 4 1
1 1 1 1 1
1 1 1
1 3 1
1 1 1
1 1
13
0
---
0
13
1 1
1 1 1
1 3 1
1 1 1
1 1 1 1 1
1 4 4 1
1 1 1 1 1
1 1 1
1 3 1
11 1 21
1 1
1 1 1 1 1 1
1 3 3 3 3 1
1 1 1 1 1 1
1 1 1 1 1 1 1 1 1 1 1 1 1 1
1 4 4 4 4 4 4 4 4 1
1 1 1 1 1 1 1 1 1 1 1 1 1 1
1 1 1 1 1 1
1 3 3 3 3 1
1 1 1 1 1 1
1 1
11 1 21
1 3 1
1 1 1
1 1 1 1 1
1 4 4 1
1 1 1 1 1
1 1 1
1 3 1
1 1 1
1 1
13
0