# solver=cpp-1e16a40
# cpu=AMD EPYC Processor (with IBPB)
# strategy=basic
# n_solutions=1
# solve_time=0.00080
# solver=cpp-298d4941
# cpu=AMD EPYC Processor (with IBPB)
# strategy=basic
# n_solutions=1
# solve_time=0.00060
0
6 6
9 9
11 11
12 12
12 13
13 2 11
9 1 1 8
7 7
6 6
5 6
5 5
4 5
4 5
5 6
5 6
5 6
5 7 6 6
5 8 8 6
6 6
16 16
8 11 10 4
3 2 20 1 4
4 1 8 8 1 4
4 1 5 6 1 4
4 1 1 4
6 1 1 5
8 7
8 7
9 1 1 7
11 2 3 8
11 4 9
11 2 3 9
12 3 3 9
12 12 10
13 2 2 10
14 1 6 2 10
17 4 2 12
17 1 15
12 5 1 15
13 10 6 9
13 16 9
13 15 2 9
13 13 9
13 10 9
13 8 10
13 2 6 10
13 3 1 10
13 3 10
13 1 11
---
10
13
15
20
24
27
31
36
39
14 24
17 23
46
9 2 21
8 2 3 9
8 2 1 2 7
7 2 5 5 1
7 2 5 6
7 2 5 10
7 2 5 3 5 1
6 2 5 2 7
6 1 4 2 3 1 6 2
6 4 3 1 2 9
6 2 1 1 2 9
2 1 1 12
6 2 3 1 2 7
6 4 1 3 1 6
5 1 1 3 2 3 8
6 2 5 3 5
6 2 5 11
6 2 5 8
7 2 5 4
6 2 5 6
7 2 4 6 1
8 1 2 9
9 2 20
46
17 23
15 24
42
38
36
29
13
5
1