# solver=cpp-a0f9b8019
# cpu=AMD EPYC Processor (with IBPB)
# isolated_core=11
# strategy=basic
# n_solutions=1
# solve_time=0.00040
40
40
40
11 7
11 5
11 4
10 4
10 3
9 3
8 3
6 3
3 3
3 3
3 3
3 3
3 3
3 3
3 3
3 3
3 3
3 2 3
3 2 4 3
3 2 6 3
3 2 8 3
3 12 3
3 13 3
3 14 3
3 16 3
3 2 2 3
3 1 3 4 3 1 3
3 1 1 1 1 1 1 1 1 3
3 1 3 4 3 1 3
3 1 1 3
4 1 3 4 3 1 4
4 1 1 1 1 1 1 1 1 4
5 1 3 1 1 3 1 5
7 1 1 1 1 7
40
40
40
---
40
40
40
11 7
11 5
11 4
10 4
10 3
9 3
8 3
6 3
3 1 3
3 13
3 7 3
3 7 3 3 3
3 4 1 1 1 1 3
3 5 3 3 3
3 6 3
3 7 3 7
3 8 1 1 1 3
3 8 1 1 1 3
3 7 3 7
3 6 3
3 5 3 3 3
3 4 1 1 1 1 3
3 3 3 3 3
3 2 3
3 13
3 1 3
3 3
3 3
3 3
3 3
4 4
4 4
5 5
7 7
40
40
40