# solver=cpp-298d4941
# cpu=AMD EPYC Processor (with IBPB)
# strategy=basic
# n_solutions=1
# solve_time=0.00070
0
0
0
4 1
9 2 3
1 1 3 1
5 1 2 1 1
2 2 2 1
1 3 1 1
1 2 2 1
1 1 1 1
2 1 1 1 1
1 1 1 1 1
1 1 1 1 1
8 1 1 10
2 2 2 1
2 2 2 1 2
2 10 3
2 4
30
1 5
1 1 1 1 5
1 1 1 1 5
1 3 3 3 5
1 3 3 3 5
1 5 5 5 5
1 5 5 5 5
1 1 1 1 4
1 3
27
---
12
3 1
2 1 1
2 1 1
2 1 2 1
1 1 4 1
2 1 1 7 1
1 2 1 1 4 1
1 6 1 1 2 1
1 1 4 1 1
1 2 4 1 1
1 12 1 2 1
1 2 1 1 4 1
2 1 1 1 7 1
4 1 1 4 1
1 4 2 1 2 1
2 2 2 1 1
6 1 1 1
1 6 1 1 2 1
3 3 1 4 1
1 6 1 7 1
7 1 1 4 1
1 1 2 1
1 1 1
1 1 1
1 11
1 12
1 12
1 12
13