# solver=cpp-6b570c1b3
# cpu=AMD EPYC Processor (with IBPB)
# isolated_core=11
# strategy=basic
# n_solutions=1
# solve_time=0.00050
2 2 6 7 7 2 2
3 3 6 7 7 3 3
4 4 2 2 2 2 2 2 2
2 4 2 2 2 2 2 2 6
2 2 2 5 7 7 4
2 2 5 7 7 2
2 2 2 5 5 2
2 2 2 2 3 2 3 2
2 2 6 2 3 2 3 2
2 2 6 2 3 2 3 2
5 2 2 7 6 6 8 2 2 2 6
7 2 2 7 6 8 8 3 3 2 8
2 2 2 2 2 2 2 2 1 2 4 4 4 2 1
2 2 2 2 2 2 2 2 2 4 2 1 1 2
2 8 7 2 7 2 2 2 2 2 2 7
2 8 7 2 7 2 2 2 6 7
2 2 2 5 2 2 2 2 2 6 2
2 2 2 2 2 3 2 1 2 2 2 2 2 2 1 2
7 2 2 2 3 6 8 2 2 2 2 2 8
5 2 2 2 3 6 6 2 2 2 2 2 6
---
0
0
8
10
2 2
2 2
2 2
3 3
2 2
0
0
10
10
2
2
2
2
10
10
0
10
10
2 10
2 10
2 2 3
2 2 4
2 2 5
2 6 3
16 2
10 1
0
0
12 2
12 2
2 2 12
2 2 12
2 2 4 2
2 4 2
0
0
0
4 2
16 2
12 2 2
2 3 2 2 2
2 4 2 2 2
2 5 2 2 2
6 5 6
6 2 2 4
1
0
2
12
12
2 3 10
2 4 10
2 5 2
6 5
6 4
1
10
2 10
4 2
4 2
7 2
7 2
4 2
4 2
2 10
10
0
2
6
6
3 2
3 2
6
6
2
0
0
4 2
6 2
2 2 2
2 2 2
2 2 2
2 2 2
2 6
2 4
0