# solver=cpp-a0f9b8019
# cpu=AMD EPYC Processor (with IBPB)
# isolated_core=11
# strategy=basic
# n_solutions=1
# solve_time=0.00040
4
12
13
1 7
3 5
1 1 2 5
2 2 5
1 1 2 4
4 1 6
1 1 2 2
1 2
1 4 2
2 2 5 1
1 9
1 1 8
2 1 1 7
7 9
8 1 5
5 4
4 2
3 2 3
1 6 1 4
10 1 3
12 1
12 1
1 10 1
1 9 1
1 7 1 1
2 7 1 1
1 6 1 2
1 7 1 1
1 9 1 1
1 10 1 1
1 12 1
14 1 1 1
14 4 3
14 4 4
25
12 11
11 14
9 7 7
11 3 2 2 3
13 1 2 1 2
12 1 1 2 1 1 3
9 1 2 2 1 2
9 3 3 1
9 1 1 1
---
6
4 4 8
12 15
6 3 16
5 5 17
1 5 3 27
2 5 6 27
5 1 1 1 2 26
3 2 3 2 2 26
3 1 2 2 26
3 1 1 1 1 18 6
2 1 1 1 1 7 13
3 1 3 5 4 6 1 2
3 1 6 17 5
8 5 6
8 6 13 3
17 9 6 1 1
9 10 8 4
5 11 5 1 1
2 3 2 3 2
3 5 2
6 1 1
7 4
5 1 1
5 3
4
5
1 1
1 2
3