# solver=cpp-86fd3e96b
# cpu=AMD EPYC Processor (with IBPB)
# isolated_core=11
# strategy=contra
# n_solutions=1
# solve_time=0.00040
2 1 4 1
2 2 4 1
2 1 2 5
6 3 1 1 2 3 1
3 3 4 2 6 2 1
2 2 3 1 8 1 2
2 1 1 2 6 3 4 2 1 3
1 1 1 1 1 1 1 3 4 1 4
1 10 2 1 9 2 3
3 4 2 10 1 4
2 3 3 4 1 4 5 2
1 2 2 3 2 4 5 1
1 1 1 12 2
2 2 3 1 12 1
1 1 1 2 5 7 2
2 3 2 1 6 7 2
2 2 1 15 2
2 2 2 15 2
6 1 6 9 1
1 6 10
---
6 1
2 2 3
2 2 2
1 2 2 2
2 1 2 2
1 3 1 1
1 1 2 1 1
1 1 1 1 1
1 3 2 2 1
2 1 2 2
1 2 1 2
2 2 2
2 2 3
6 1
4 6
5 1 2 3
4 4
3 4
4 3
4 5
3 8
4 12
2 15
18
20
2 2 2 2 2
20
20
18
3 15
3 11
3 8
3 6
3 4
3 2
4 3 1
3 2
4 2
3 1 2
3 2