# solver=cpp-a0f9b8019
# cpu=AMD EPYC Processor (with IBPB)
# isolated_core=11
# strategy=contra
# n_solutions=1
# solve_time=0.00050
21
4 11 6
4 5 5 7
4 4 1 6 7
4 5 1 7 6
3 5 2 8 5
2 5 2 9 3
2 5 1 5 5 2
7 1 1 2 9
6 2 1 8
4 5 1 5 5
3 3 3 2 1
4 5 5 5
2 3 1 6 1 5 1
1 1 2 1 1 2 1 3
2 2 2 2 2 2
1 2 2 2 2 1
1 3 4 2
2 1 1 1
1 1 1 2
2 3 1
1 1 2
2 1 1 1
3 6 2
2 1 2
1 2 4
2 2 2 2
2 7 4
4 6
5 7 7
6 9 7
6 2 5 2 6
6 2 3 3 6
7 2 3 8
9 1 2 7
7 1 2 7
8 2 1 8
9 3 1 8
10 1 3 9
11 1 2 10
---
10
11
12
8 12
12 13
5 8 14
5 5 1 4 3 7
4 5 2 3 2 1 4
2 7 3 4 2 3
1 7 1 2 2 2 2 2
8 1 1 2 2 2 1
6 5 1 2 2
5 3 3 1 2 1 2 2
3 2 3 2 1 1 3 6
2 3 3 2 1 1 5 2
2 2 1 1 1 1 6 2
10 1 2 1 1 7 2
8 3 1 1 1 3 5
10 3 5 1 1 2
9 3 2 1 1 2
8 5 1 2 2 1
1 4 1 1 1 1 2 2 1 2
3 7 2 2 6 2 4
4 6 3 3 6 7
5 4 1 3 13
6 4 2 3 13
6 11 12
6 5 2 12
9 1 1 11
11 11