# solver=cpp-6b570c1b3
# cpu=AMD EPYC Processor (with IBPB)
# isolated_core=11
# strategy=basic
# n_solutions=1
# solve_time=0.00040
9 2 1 1 14
8 1 2 5 1 12
7 2 1 6 11
6 2 3 5 3 11
5 1 1 1 1 2 10
5 3 6 2 4 9
4 1 2 5 2 3 8
4 4 8 3 1 1 7
3 1 2 1 1 2 6
5 3 2 3 5
3 2 3 2 1 2 3
3 2 1 3 4 2 4 1
2 1 1 2 1 2 8
1 2 1 1 1 1 1 5 1 2
2 4 2 1 2 1 1 1 1 2 1
2 1 2 1 1 2 3 1 1
1 1 1 1 2 1 1 1 3
2 1 2 1 1 1 1 1 4 1
2 1 1 1 1 1 1 2 1 2
2 2 1 2 2 2 1 2 1 1
1 1 1 1 1 3 2 1 1
1 1 3 4 3 4 2
5 2 2 1 1 2 3 1 4
2 1 2 1 2 2 1 1 1 1
1 4 1 6 2 3 2 1
4 3 1 4 1 1
1 4 8 2 6
6 1 6 1 1 1 6
6 3 4 2 2 7
6 6 2 4 2 8
18 3 2 9
11 2 10
10 11 10
10 2 1 10
10 2 2 10
10 2 2 10
10 2 2 10
10 3 2 2 10
12 4 2 10
8 1 2 2 10
---
14 2 2 4 14
13 2 2 2 13
12 1 1 1 14
8 1 2 1 2 15
6 1 2 2 5 16
4 2 2 1 1 16
3 3 2 3 3 3 10
2 3 1 1 7 3 11
1 2 6 3 2 10
2 1 1 1 1 1 3 11
1 1 1 1 2 1 2 2 5 1
2 1 1 1 1 2 1 1 3 1
1 1 1 1 2 1 2 2 1 1
1 1 1 2 2 1 1 2 1 1 1 1
1 1 3 4 1 2 1 3 1 1 2
2 1 3 1 1 5 1 2
4 2 2 1 1 5 1 3
3 3 1 2 1 1 3 1 1 3
6 1 1 2 2 1 2
1 1 2 1 3 2 2 1 2
7 1 3 4 3
1 8 3 2 3 2
1 1 1 1 8 2 1 2 6
2 2 1 3 5 2 2 7
4 2 1 3 1 4 2
5 1 1 2 1 3 4 2 2 9
6 3 1 2 1 2 2 2 10
7 1 2 8 3 11
8 1 5 3 2 14
9 1 3 1 14
10 1 3 2 14
11 1 1 1 1 1 1 14
11 1 5 1 15
11 2 1 1 2 13
10 7 7 12