# solver=cpp-400bd85f2
# cpu=AMD EPYC Processor (with IBPB)
# isolated_core=11
# strategy=contra
# n_solutions=1
# solve_time=0.00050
0
5
3 3
8
1 4 2
10
10
11
11
12
2 10
14
16
1 15
2 13 1
1 1 11 1
2 13 2
1 13 1
1 13 1
1 13 2
1 13 1
1 13 1
1 13 1
2 13 1
1 13 1
1 4 8 2
1 4 8 1
1 4 8 1
1 4 7 1
1 1 2 5 1 1
1 1 2 4 1 1
1 1 1 4 1 2
1 1 4 1 3
1 2 1 1 2 1
6 2 1 1 1
1 2 2 1 1 1
1 1 1 1 1 1
1 1 1 1
2 1 1 1
1 1 1 1
1 2 2 1
1 1 1 1 1
1 2 1 2 1
2 1 1 1 2 1
2 1 1 1 1 2
3 1 1 1 1 2
1 3 1 1 4
1 1 1 1
1 1 1 1
1 1 1 1 1
---
0
12
8 5
3 1 12
3 1 3
2 7 2
22 2 3 1
8 13 5
6 20
2 28 1
24
29
1 34 9
35
3 28
35
26 7
29
19 4
2 8 2 1
4 2 3 2
4 1 6
7 14
7
0