# solver=cpp-b64f6aebe
# cpu=AMD EPYC Processor (with IBPB)
# isolated_core=11
# strategy=basic
# n_solutions=1
# solve_time=0.00050
1 7 5
1 8 4
1 10 2 1
14 1 1
2 15 1
1 1 16 1
1 1 17 1
2 2 1 1 5 5
2 12 8 2
4 17 1
33 1
19 12 1
4 12 10
2 1 2 3 5 8
4 1 1 6 6 7
1 3 7 16
1 2 1 3 2 3 10
1 3 6 2 2 8
1 1 1 2 4 1 1 1 8
1 1 2 2 1 2 8
2 1 2 1 1 7
1 2 1 5
1 2 2 2 1
1 9 1 2
1 3 6 3
1 1 2 2
10 2 1 2
4 5 2 1 1
13 2 1 1
16 3
15 5
13 8
11 4 2
9 4 2
5 3 5 2
2 3 9 2
1 1 2 10 2
2 1 2 4 1
2 1 1 2 7 1
1 1 2 11 1
---
2
1 2
1 2
1 2
1 2
1 3
5
1 4
1 9 7
4 3 1 5
4 1 2 3 1 1 9 2
6 1 2 4 5 8 2
1 4 1 2 1 1 2 2 1 6 2
5 1 2 2 3 1 1 8 2
5 1 3 3 1 10
8 5 1 3 1 7
7 1 4 4 2 2 9
9 3 6 4 9
8 4 4 2 4 7 1
8 7 2 1 11 3
8 10 7 3
8 11 3 3 1
7 5 2 2 4 3 2
4 6 4 2 2
3 3 4 2 1 2 2
1 1 3 9 1 3 3 1
2 4 5 2 1 3 2 1
3 4 4 2 1 3 3 3 1
4 4 2 1 2 4 3 3 2
2 4 2 2 3 5 3 2
6 4 2 3 3 3 2
1 4 7 1 3 2
1 5 7 2 2 2
1 13 2 1 2
1 12 2 2
1 11 2 1
1 11 2
1 9 2
1 7 2
6