# solver=cpp-1562f45ac
# cpu=AMD EPYC Processor (with IBPB)
# isolated_core=11
# strategy=contra
# n_solutions=1
# solve_time=0.00430
30
1 1
1 26 1
1 1 1 1
1 1 1 1
1 1 1 1
1 1 1 1 1
1 1 1 1 2 1
1 1 1 1 7 1
1 1 1 4 1 5
1 1 1 15
1 1 16
1 1 8 7
1 1 5 6
1 1 3 5
1 1 3 5
1 1 3 4
1 1 2 4
1 1 2 2 3 4
1 1 2 11 3
1 1 1 4 7 3
1 1 11 1 6 1 1 1 3
1 1 1 2 1 1 1 1 4 2
1 1 1 1 1 1 2 2 1
1 1 1 1 1 2 1 1 2
1 1 1 1 2 1 1 4 1
1 1 2 2 3 1 1 2 1 1
1 1 2 2 1 1 3 9 2
1 1 1 1 3 1 3 5 4
1 1 1 2 3 1 2 1 2 2
1 1 5 5 1 3 1 1 2
1 1 4 6 1 4 1
1 1 11 2 2
1 1 2 5 2 3
1 1 11 3 4
1 1 1 7 1
1 1 1 5 1
1 1 1 3 3
1 1 5 1 2
1 1 4 3 2 4
1 1 4 4 2 3
1 1 2 7 1
1 1 2 1
20 1
1 1
17 1
16 1
16 1
15 1
14 1
---
44 5
1 1 5
1 42 5
1 1 1 5
1 1 1 5
1 1 1 5
1 1 1 5
1 1 1 5
1 1 1 5
1 1 1 5
1 1 14 1 5
1 1 1 2 5 1 5
1 1 1 1 4 1 1 5
1 1 1 1 8 1 1 5
1 1 2 1 2 1 1 1 1 4
1 1 2 2 1 1 3
1 1 1 4 7 1 1
1 1 1 3 7 2
1 1 1 9 2
1 1 1 5 3
1 1 14 2
1 1 1
1 1 2
1 1 2
1 1 1
1 1 2
1 1 9 1
1 9 7 5 1
1 6 1 3 1
9 5 4 6 2
5 4 1 1 2 3 1
6 4 1 2 2 2
5 4 2 1 2 1
5 1 1 1 2 2 3 2
1 3 1 4 1 3 2
1 3 4 4 1 3 1
4 3 1 1 2 1 3 1
1 2 3 1 1 1 3 1
1 4 4 1 1 2 2
2 5 2 1 4 2 3
6 2 3 3 1
8 1 6 4
1 10 4 1
12 4 1
13 2
8 2
1
2
1
10