# solver=cpp-6dc88e3e
# cpu=AMD EPYC Processor (with IBPB)
# isolated_core=11
# strategy=basic
# n_solutions=1
# solve_time=0.00040
11 3
9 2 3 3
8 4 3
6 2 11
5 1 11
4 11
3 3
2 4 1 3 1
2 5 1 3 1
1 6 3
1 9 3 3 3
1 6 3 3 3 3
6 3 3 3
6 3 3 1 3 1 3
11 3 1 1 3
10 3 1 3
10 3 3 1 3 3
8 3 3
6 3 3 3
7 3 3 3
11 3 3 3
13 3 3 3
13 3 3 3
2 11 3
2 11 3
---
12 4
9 4
7 3
6 4
5 5
4 6
3 12
3 14
2 14
1 15
1 15
15
4 4 5
4 4 2
1 5 4 1
2 1 5 4
2 5 2
3 3
2
1 7
2 7
7
0
7
3 2 7
3 7
3
3
14 7
14 2 7
14 7
3
3
3 7
3 2 7
7
0
7
2 7
7