# solver=cpp-6dc88e3e
# cpu=AMD EPYC Processor (with IBPB)
# isolated_core=11
# strategy=basic
# n_solutions=1
# solve_time=0.00040
12 3 11
9 1 1 1 5 8
7 4 1 1 1 6 6
6 7 1 1 1 3 5
5 3 6 1 1 3 4
4 3 1 2 1 1 3 3
3 2 2 1 2 3 2
2 2 4 1 6 2
2 10 1 5 1
1 7 3 2 5 1
1 10 4 6 1
8 2 5 2 3 3 1
9 6 2 3 5
10 4 1 3 2 3
11 2 2 1 5
9 3 2 2 1 5
8 3 3 3 4
8 3 2 11
7 4 1 9
8 1 2 2 4
4 1 1 4 1 4
2 2 2 1 3 4
1 1 4 1 2 3 5
2 2 2 2 1 2 4 5
2 2 4 1 2 3 7
1 2 2 1 2 1 2 3
2 2 3 2 5 3
2 1 4 2 5 2
1 4 6 4 2 3 3
8 3 3 4 2 3
---
11 5 3
9 8 2 1
7 10 3 1
6 12 2 1
5 14 2
4 12 4
3 12 2 2
2 12 2 2
2 12 3 2
1 12 3
1 4 3 2
1 2 3 1 3 4
2 1 2 2 2 9
2 4 2 1 2 6
7 2 2 3 2
5 3 3 1 1 2
1 5 2 2
15 8 1
1 4 4
4 2 4
2 2
5 2 1 2
2 2 5 1 2
3 1 6 10
3 4 9
14 3
19
11 2
3 1 1
1 2 3 2
1 1 2 7
1 4 2 3 2
2 2 2 2 3
2 8 5
3 9 8
4 13 1
5 9 1
6 8 1
8 9
12 5