# solver=cpp-1562f45ac
# cpu=AMD EPYC Processor (with IBPB)
# isolated_core=11
# strategy=basic
# n_solutions=1
# solve_time=0.00030
10 3
8 3 1
7 1 4 1 1 1
7 1 4 2
7 4 2 2 1
6 1 2 1 1 2
6 2 2 4 4
4 1 2 2 5 3
4 1 1 1 2 4
5 1 3 6 6
4 2 1 2 5
5 2 2 4 5
4 1 8 5
5 2 6
3 1 6 1 6
3 3 2 6
3 1 7
2 4 8
1 15
1 12
---
7
7
8 1
6 2
9 3
7 3
6 1 3
5 3 2 3
4 3 3 2
7 2 2
5 2 1 1 1 2
4 3 1 1 2
4 2 1 2 2 3
4 2 2 1 3
3 1 1 1 3
3 1 2 1 1 1 3
2 4 1 1 3
3 2 2 2 4
1 2 2 1 4
1 1 1 1 1 1 5
1 1 1 1 1 1 4
1 3 2 1 4
1 2 2 5
1 3 6
1 1 1 5
2 5
1 1 1 4
1 1 1 5
1 1 5
8