# solver=cpp-6dc88e3e
# cpu=AMD EPYC Processor (with IBPB)
# isolated_core=11
# strategy=contra
# n_solutions=1
# solve_time=0.00570
4
1 1
2 1
1 2
1 1
5
3 1
2 1
1 1
1 6
2 1
1 1
1 2
6 7
4 5 1 2
8 3 1 3
11 4 4
2 7 3 4
2 6 3 2
5 8 2 2
5 2 7 4
4 3 13
2 2 3 7
3 3
3 3
3 2
3 3
3 3
2 3
3 4
3 3
3 4
3 3
3 4
4 4
4 4
1 5 5
3 7 5
9 5
15
12
10
5
---
2
3
4
4
4
6
6
6
7
7
5 3 3
7 4 3
3 4 4 4
3 4 4 4
4 3 5 4
4 4 5
1 2 5 5
1 3 5 5
1 3 5 6
2 2 6 6
1 9 6
1 5 6
4 3 7
3 3 11
2 1 1 2 7
1 1 1 1 5
2 1 1 1 2 3
2 3 1 1 2 3
1 2 1 4 2 3
1 1 1 1 1 3
1 1 4 1 2
2 5 1 2
2 1 2
3
4 3
4 3
6
3