# solver=cpp-6b570c1b3
# cpu=AMD EPYC Processor (with IBPB)
# isolated_core=11
# strategy=basic
# n_solutions=1
# solve_time=0.00030
43
1 1 1
1 18 1 18 1
1 1 1 1 1 1 1
1 1 14 1 1 1 14 1 1
1 1 1 1 1 1 1 1 1 1
1 1 1 14 1 1 1 10 1 1 1
1 1 1 1 1 1 1 1 1 1 1
1 1 1 1 14 1 10 1 1 1 1
1 1 1 1 1 1 1 1 1 1 1 1
1 1 1 1 1 10 1 10 1 1 1 1 1
1 1 1 1 1 1 1 1 1 1 1 1 1 1 1
1 1 1 1 1 1 6 1 1 1 6 1 1 1 1 1 1
1 1 1 1 1 1 1 1 1 1 1 1 1 1 1 1 1 1
1 1 1 1 1 1 1 6 1 1 1 2 1 1 1 1 1 1 1
1 1 1 1 1 1 1 1 1 1 1 1 1 1 1 1 1 1 1
1 1 1 1 1 1 1 1 6 1 2 1 1 1 1 1 1 1 1
1 1 1 1 1 1 1 1 1 1 1 1 1 1 1
1 1 5 1 5 7 1 5 1 5 1
1 1 1 1 1 1 1 1
1 17 3 1 17
1 1 3 1 1
17 1 3 17 1
1 1 1 1 1 1 1 1
1 5 1 5 1 2 4 5 1 5 1 1
1 1 1 1 1 1 1 1 1 1 1 1 1 1 1 1
1 1 1 1 1 1 1 1 2 1 1 4 1 1 1 1 1 1 1 1
1 1 1 1 1 1 1 1 1 1 1 1 1 1 1 1 1 1 1
1 1 1 1 1 1 1 6 1 1 4 1 1 1 1 1 1 1
1 1 1 1 1 1 1 1 1 1 1 1 1 1 1 1 1
1 1 1 1 1 1 10 1 1 4 1 1 1 1 1 1
1 1 1 1 1 1 1 1 1 1 1 1 1 1 1
1 1 1 1 1 10 1 1 8 1 1 1 1 1
1 1 1 1 1 1 1 1 1 1 1 1 1
1 1 1 1 10 1 1 12 1 1 1 1
1 1 1 1 1 1 1 1 1 1 1
1 1 1 14 1 1 12 1 1 1
1 1 1 1 1 1 1 1 1
1 1 18 1 1 12 1 1
1 1 1 1 1 1 1
1 18 1 1 16 1
1 1 1 1
22 20
---
43
1 1 1
1 19 1 17 1
1 1 1 1 1 1 1
1 1 15 1 1 1 13 1 1
1 1 1 1 1 1 1 1 1 1
1 1 1 11 1 1 1 13 1 1 1
1 1 1 1 1 1 1 1 1 1 1
1 1 1 1 11 1 13 1 1 1 1
1 1 1 1 1 1 1 1 1 1 1 1
1 1 1 1 1 11 1 9 1 1 1 1 1
1 1 1 1 1 1 1 1 1 1 1 1 1 1 1
1 1 1 1 1 1 7 1 1 1 5 1 1 1 1 1 1
1 1 1 1 1 1 1 1 1 1 1 1 1 1 1 1 1 1
1 1 1 1 1 1 1 3 1 1 1 5 1 1 1 1 1 1 1
1 1 1 1 1 1 1 1 1 1 1 1 1 1 1 1 1 1 1
1 1 1 1 1 1 1 1 3 1 5 1 1 1 1 1 1 1 1
1 1 1 1 1 1 1 1 1 1 1 1 1 1 1 1 1 1 1
1 1 1 1 1 1 1 7 1 1 1 1 1 1 1
1 5 1 5 1 1 5 1 5 1 1 1
1 1 1 1 3 1 1 1
17 1 3 19
1 1 3 1
1 17 1 17
1 1 1 7 1 1 1
1 1 5 1 5 1 1 5 1 5 1
1 1 1 1 1 1 5 1 3 1 1 1 1 1 1
1 1 1 1 1 1 1 1 1 1 1 1 1 1 1 1 1 1 1
1 1 1 1 1 1 1 5 1 1 1 3 1 1 1 1 1 1 1
1 1 1 1 1 1 1 1 1 1 1 1 1 1 1 1 1 1
1 1 1 1 1 1 5 1 1 1 7 1 1 1 1 1 1
1 1 1 1 1 1 1 1 1 1 1 1 1 1 1
1 1 1 1 1 9 1 11 1 1 1 1 1
1 1 1 1 1 1 1 1 1 1 1 1
1 1 1 1 13 1 11 1 1 1 1
1 1 1 1 1 1 1 1 1 1 1
1 1 1 13 1 1 1 11 1 1 1
1 1 1 1 1 1 1 1 1 1
1 1 13 1 1 1 15 1 1
1 1 1 1 1 1 1
1 17 1 19 1
1 1 1
43