# solver=cpp-400bd85f2
# cpu=AMD EPYC Processor (with IBPB)
# isolated_core=11
# strategy=basic
# n_solutions=1
# solve_time=0.00060
6
1 12
10 14
13 16
14 18 9
16 19 11
17 20 12
7 7 12 7 12
5 8 11 19
4 17 19
5 18 19
5 18 18
5 19 12 1
7 21 7 5
5 22 6 5
4 23 6 5
4 25 5 6
3 16 9 12
3 16 11 10
3 16 24
3 15 23
4 15 20
4 13 20
14 20
12 20
11 6 20
11 31
12 33
33 13
34 9
34 9
44
1 2 42
1 2 41
3 39
37
1 4 1 21
18
15
12
6
---
4
7
9
4 4
3 4 1
2 5 2
3 7 1
2 10 3
3 15
4 14
4 17
7 18
8 20
8 21
6 22
7 23
6 11 9
6 11 10
5 11 8
6 12 10
5 1 12 10
20 11
19 11
18 10
17 12
15 11
12 11
12 11
12 11
16 12
18 11
20 12
34
36
38
13 23
11 22
10 23
9 23
9 9 12
8 1 1 10 11
7 8 10 10
7 20 10
30 9
39
39
14 22
11 23
35
17 14
13 12
13 9
12 1 1
7
8
8
9
8
8
7
6
5
4
2