# solver=cpp-6b570c1b3
# cpu=AMD EPYC Processor (with IBPB)
# isolated_core=11
# strategy=basic
# n_solutions=1
# solve_time=0.00040
1
3 1
4 4
5 3
6 5
6 4
7 6
6 6
7 1 6
7 3 7
9 3 7
10 6 8
21 9
34
36
36
37
37
30 6
31 6
32 5
28 4 4
26
27
28
1 29
6 1 21 4
29 6
36
32
20
7 6 7
6 5
5 5
4 4
2 2
1
---
2
4
3 1
3 2
4 2
4 3
3 4
4 3
7
7
10
12
13
13
16
17
18
18
19
20
21
22
23
26
27
29
30
31
7 20 3
6 16 2 4
4 14 3 2
3 14 3 3
14 3 2
14 3 1
15 3
19
16 1
12 3
13 2
12
2 9
9
9
5 1
6
6
8
10
11
11
13
8 3
7 3
6 2
5 2
5 1
4
4
3
3
1
2