# solver=cpp-1e16a40
# cpu=AMD EPYC Processor (with IBPB)
# strategy=basic
# n_solutions=1
# solve_time=0.00050
# solver=cpp-298d4941
# cpu=AMD EPYC Processor (with IBPB)
# strategy=basic
# n_solutions=1
# solve_time=0.00040
1 1 1 1 1 1
1 3 5 1 5 4
1 1 1 1 1
13 3 1 1 2
1 1 1 1 1
17 1 1 2
1 1 1 1
1 3 3 7 1 1 2
1 1 1 1 1 1 1 1 1 1
3 1 1 5 3 1 1 1
1 1 1 1 1 1 1
6 1 5 5 1 2
1 1 1 1 1 1 1 1 1 1
2 1 5 5 1 6
1 1 1 1 1 1 1
1 1 1 3 5 1 1 3
1 1 1 1 1 1 1 1 1 1
2 1 1 7 3 3 1
1 1 1 1
2 1 1 17
1 1 1 1 1
2 1 1 3 13
1 1 1 1 1
4 5 1 5 3 1
1 1 1 1 1 1
---
1 1 1 1 1 1
4 5 1 5 3 1
1 1 1 1 1
2 1 1 3 13
1 1 1 1 1
2 1 1 17
1 1 1 1
2 1 1 7 3 3 1
1 1 1 1 1 1 1 1 1 1
1 1 1 3 5 1 1 3
1 1 1 1 1 1 1
2 1 5 5 1 6
1 1 1 1 1 1 1 1 1 1
6 1 5 5 1 2
1 1 1 1 1 1 1
3 1 1 5 3 1 1 1
1 1 1 1 1 1 1 1 1 1
1 3 3 7 1 1 2
1 1 1 1
17 1 1 2
1 1 1 1 1
13 3 1 1 2
1 1 1 1 1
1 3 5 1 5 4
1 1 1 1 1 1