# solver=cpp-a0f9b8019
# cpu=AMD EPYC Processor (with IBPB)
# isolated_core=11
# strategy=contra
# n_solutions=1
# solve_time=0.00340
3
7
4 4
4 4
4 4
4 5 4
4 4 4 4
4 6 6 4
4 3 3 3 3 4
4 5 3 3 5 4
4 6 2 2 6 4
3 7 2 2 7 3
1 2 5 2 2 5 2 1
1 3 4 1 1 4 3 1
1 4 3 1 1 3 4 1
1 6 3 3 6 1
1 7 2 2 7 1
1 9 1 1 9 1
1 1 5 5 1 1
1 2 3 3 2 1
1 4 4 1
1 7 7 1
1 10 10 1
1 1 1 1
1 1 1 1
1 1 1 1
1 10 10 1
1 7 7 1
1 4 4 1
1 2 3 3 2 1
1 1 5 5 1 1
1 9 1 1 9 1
1 7 2 2 7 1
1 6 3 3 6 1
1 4 3 1 1 3 4 1
1 3 4 1 1 4 3 1
1 2 5 2 2 5 2 1
3 7 2 2 7 3
4 6 2 2 6 5
5 5 3 3 5 7
5 3 3 3 3 7
5 6 6 7
5 4 4 7
5 5 7
5 7
5 7
5 7
11
7
3
---
27
2 2
2 3
2 5 2
2 4 4 3
2 6 6 2
2 3 3 3 3 3
2 5 3 3 5 2
2 6 2 2 6 3
2 7 2 2 7 2
2 2 5 2 2 5 2 3
2 3 4 1 1 4 3 2
2 4 3 1 1 3 4 3
2 6 3 3 6 2
2 7 2 2 7 3
2 9 1 1 9 2
2 1 5 5 1 3
2 2 3 3 2 2
2 4 4 3
2 7 7 2
2 10 10 3
2 1 1 2
2 1 1 3
2 1 1 3
2 10 10 4
2 7 7 3
2 4 4 4
2 2 3 3 2 3
2 1 5 5 1 4
2 9 1 1 9 3
2 7 2 2 7 4
2 6 3 3 6 3
2 4 3 1 1 3 4 4
2 3 4 1 1 4 3 3
2 2 5 2 2 5 2 4
2 7 2 2 7 3
2 6 2 2 6 4
2 5 3 3 5 3
2 3 3 3 3 4
2 6 6 3
2 4 4 4
2 5 3
2 4
2 3
29