# solver=cpp-6dc88e3e
# cpu=AMD EPYC Processor (with IBPB)
# isolated_core=11
# strategy=contra
# n_solutions=1
# solve_time=0.00050
1 1 6
1 1 4 1 1 4 4 2 2
1 1 1 1 2 1 1 1 2 1
1 1 1 1 4 1 3 1 1
1 1 1 1 1 2 1 1 1
1 1 4 1 1 4 4 1
1 1 1
1 1 5 1
1 1 2 2 2
1 1 2 1 2 6
1 1 1 1 1 2
1 1 2 1 1 2 2
1 1 1 2 1 1
1 1 1 4 1 1
1 1 1 1 1
1 1 2 2 1
2 2 1 1 1 1
1 1 2 2 1 2
2 2 2 2 2 2
6 5 6
---
17
3
2
1
1
1
1
2
3
17
0
5
1 1
1 1
5
5
5 3 3
2 2 2
2 2 1 2
5 1 1 1
1 5 1
5 1 1 1
1 1 2 1 2
1 1 2 1 2
1 1 3 3
5
5
1 1 1
1 1 1
1 1
0
7 3
2 2 2
2 1 1
1 1 1
1 1 1
1 1 1
1 2 2
2 2 2
3 7