# solver=cpp-298d4941
# cpu=AMD EPYC Processor (with IBPB)
# strategy=basic
# n_solutions=1
# solve_time=0.00040
1 1
8 8
1 1 1 1
1 7 7 1
1 1 1 1 1 1
1 1 6 6 1 1
1 1 1 1 1 1 1 1
2 1 1 5 5 1 1 2
3 1 1 1 1 1 1 3
3 1 7 1 3
3 1 1 1 3
3 3 3
3 3
3 3 3
3 1 1 1 3
3 1 7 1 3
3 1 1 1 1 1 1 3
2 1 1 5 5 1 1 2
1 1 1 1 1 1 1 1
1 1 6 6 1 1
1 1 1 1 1 1
1 7 7 1
1 1 1 1
8 8
1 1
---
1 1
8 8
1 1 1 1
1 7 7 1
1 1 1 1 1 1
1 1 6 6 1 1
1 1 1 1 1 1 1 1
2 1 1 5 5 1 1 2
3 1 1 1 1 1 1 3
3 1 7 1 3
3 1 1 1 3
3 3 3
3 3
3 3 3
3 1 1 1 3
3 1 7 1 3
3 1 1 1 1 1 1 3
2 1 1 5 5 1 1 2
1 1 1 1 1 1 1 1
1 1 6 6 1 1
1 1 1 1 1 1
1 7 7 1
1 1 1 1
8 8
1 1