# solver=cpp-298d4941
# cpu=AMD EPYC Processor (with IBPB)
# strategy=basic
# n_solutions=1
# solve_time=0.00070
1 1 1 1 1 1 1 1 1 1
1 1 1 1 1 1 1 1 1 1
1 1 1 1 1 1 1 1 1 1
1 1 1 1 1 1 1 1 1 1
1 1 1 1 1 1 1 1 1 1
1 1 1 1 1 1 1 1 1
1 1 5 1 1 1
4 6 5 1
3 1 2 2 1 2 1
2 6 4 5 5
4 4 1 4 1 4 1
3 3 1 1 6 1
4 3 1 3 3 1 4
11 1 4 1 1 2
1 4 8
7 1 1 3
5 4 1 2
1 3 3 5
4 3 4 1 1
4 2 4 1 1
2 3 2 3 4
3 2 6
1 2 3 5 3
3 7 8
1 2 3 8
5 6
4 2 4 3
7 12
3 3 17
8 4
5 3
7 19
3 2 14
5 7 9
1 2 8
4 4 7
1 2 5 7
4 6 9
1 5 6 8
5 4 7 6
---
2 2 15 1
2 2 2 1 9 1 1
2 2 2 1 1 9 1 1
1 2 2 3 4 3 1 1 2
1 2 1 2 3 2 1 3 2 1
2 1 1 1 2 1 1 1 1 1
2 3 1 2 2 4 2 3
2 6 3 1 3 1 3
1 2 2 2 2 1 1 1 3
1 2 1 1 2 2 1 1 1 2
5 1 8 2 3 1 2 2
1 1 1 2 4 1 1 3 1
6 4 1 2 2 2 1 1 1 2 2
1 3 1 2 2 1 1 1 2 3
10 1 2 2 2 2 1 2 3
7 2 3 2 2 4 3
8 1 1 2 2 2 2 2 2 3
1 1 1 1 2 2 2 2 2 2
14 2 3 2 2 2 2
4 1 2 3 2 2 3 1
7 1 3 2 2 2 3 3 1
1 3 1 2 2 3 3 1
10 1 1 2 2 3 4
1 5 3 2 3 3
8 2 4 2 2 3 4
5 1 1 2 2 3 4
15 4 2 3 3
1 6 1 3 3 3
10 1 3 1 3 3 3
4 1 3 2 1 2