# solver=cpp-b64f6aebe
# cpu=AMD EPYC Processor (with IBPB)
# isolated_core=11
# strategy=basic
# n_solutions=1
# solve_time=0.00040
0
0
0
4 4
14
10 3
14 3
16 2
18 2
19 2
20 1
24
24
25
25
6 3
6 5 5 3
6 6 9
6 3
6 4 4 3
6 2 1 1 1 1 5
7 2 2 3
7 3
7 3
7 3
8 1 3
8 4 3
9 4
10 4 5
11 5 6
11 2 2 4
9 2 2 4
9 2 2 4
9 6 3
9 4
7 3
6 3
4 3
4
0
---
0
9
19
24
27
29
31
32
11 13
11 12
12 1 1 11
12 2 2 2 5
12 2 1 1 2 1
12 2 3 2
11 2 1 2
11 2 1 1 1
12 1 2 1
2 9 1 3 1
2 9 1 3 1
2 9 2 1 2 2 2
2 8 2 1 1 2
3 7 2 3 2 1
2 6 2 1 2 2
3 5 2 2 2 4
3 4 1 1 10
27
24
20
0
0