# solver=cpp-6dc88e3e
# cpu=AMD EPYC Processor (with IBPB)
# isolated_core=11
# strategy=contra
# n_solutions=1
# solve_time=0.00060
17
2 3
2 2
2 5 2
2 3 3 2
1 2 2 1
2 1 5 1 2
2 2 3 3 2 2
2 1 2 2 1 1
2 1 2 2 1 1
2 1 2 2 1 1
2 1 2 2 1 1 2
1 2 2 4 1 2 1
1 1 2 2 1 3 1 1
1 1 3 1 2 2 1 1
2 1 1 4 2 1 1
2 2 1 2 2 2 2
1 1 2 2 1 2
1 1 2 1 1 2
2 2 2 3 2 2
1 2 3 3 2 2
2 2 5 2 2
2 2 2 2
2 2 2 2
2 5 2
2 2
3 3
7
---
1 7
2 5 5
3 4 3
1 5 5 2
1 2 4 4 2
1 2 2 2
1 3 5 2 2
1 2 2 2 2 2 2
1 1 4 2 2 2 1
1 1 2 2 1 2 1 2
1 1 2 2 2 2 1 1
1 1 2 4 2 1 1
1 1 1 1 1 1
1 1 2 4 2 1 1
1 1 2 2 2 2 1 1
1 1 2 1 2 2 1 2
2 1 2 2 2 1 2 1
1 2 2 2 3 2 2
2 3 5 2 2
2 2 2 2
2 4 4 2
3 5 2
2 2
5 5
9