# solver=cpp-b64f6aebe
# cpu=AMD EPYC Processor (with IBPB)
# isolated_core=11
# strategy=basic
# n_solutions=1
# solve_time=0.00040
0
17 22
1 1 1 1 1 1 2 1 1 1
1 1 1 1 1 1 1 1 1 1 1 3 1
1 4 1 1 3 1 1 1 1 4
1 1 1 1 1 1 1 1 1 1 3 1
1 1 1 1 1 2 1 1 1
43
1 1 1 1 1 2 1 1 1
8 1 1 1 1 1 1 1 3 8
1 1 1 1 1 1 1
7 1 1 1 1 1 1 3 1 7
1 1 1 1 1 1 2 1 1 1
4 29 4
1 1 1 1 2 1 2 1 1
3 1 1 1 1 1 1 1 1 1 1 3
1 1 1 1 1 1 1 1 1
4 1 1 1 1 1 1 1 1 4
1 1 1 1 2 1 2 1 1
1 25
1 1
1 1
1 1
29
0
---
0
9
1 1 3
1 1 1 3
1 3 1 1 1 3
1 1 1 1 1 1 3
1 1 1 1 1 1 1 1
7 1 1 1
1 1 1 1 11
1 1 1 1
1 3 7 1
1 1 1 1
1 1 7 1
9 3 1 1
1 1 1 1 1
1 1 1 1 3 1
1 7 1 1
4 1 1 1 1
1 1 7 1
7 1 3 1 1
1 1 1 3 1
1 1 2 2 1
1 3 9 1 1
1 1 1 1 1
1 1 9 1
8 2 1 1
1 3 1 1 1
1 3 1 3 1 1
2 8 1 1
3 1 1 2 2 1
1 1 1 7 1
7 1 1 1
1 1 1 1 1 1
1 1 1 1 1 3 1
1 7 1 1
1 1 1 1 1 1 1
1 1 1 1 1 1 11
7 1 1 1
1 1 1 1 1 1 1
1 1 1 1 1 3
4 1 1 1 3
1 1 1 3
1 1 3
6
0