# solver=cpp-86fd3e96b
# cpu=AMD EPYC Processor (with IBPB)
# isolated_core=11
# strategy=basic
# n_solutions=1
# solve_time=0.00030
5
1 7 1
2 1 9 1 2 1
4 3 3 4 1
1 4 1 2 3 1
1 3 2 2 2 2 3 1
1 3 2 3 3 1
1 4 3 3 4 3 1
1 3 4 1 1 4 3 1
1 4 4 3 4 4 5
1 1 4 4 2 4 2 2
2 2 4 2 2 4 1 1
2 3 5 3 4 2 2
2 1 2 17 1 5
2 1 2 15 1 1
1 1 2 13 1 1
1 1 11 1 5
4 1 9 1 2 2
5 1 9 1 1 1
5 1 9 1 2 2
5 1 9 4 4
3 1 9 5
4 9 5
5 9 5
5 9 3
---
5 3
11 5
3 5
3 5
3 11
6 2 2
6 2 3
5 2 3
6 2 3
5 10
5
3 5
6 5
9 12
3 3 12
4 1 2 12
3 1 3 14
3 1 1 13
3 1 3 14
3 1 2 12
3 2 12
8 12
7 5
4 5 3
2 5 5
5 5
4 5
5 11
5
6 3 3
3 2 2 2 2
3 1 1 1 1
3 1 1 1 1
2 2 2 2
18