# solver=cpp-6dc88e3e
# cpu=AMD EPYC Processor (with IBPB)
# isolated_core=11
# strategy=basic
# n_solutions=1
# solve_time=0.00050
2
2
4
4
4
6
2 2 2
3 2 2
3 2 2
4 2 1
4 2 1
7 1
7 2
6 1
6 2
6 5 1 6
4 7 4 3
3 4 8 2
3 5 14 2
2 7 3 9 1
1 9 2 10 1
1 10 12 1
1 3 4 5 4 1
1 2 4 4 3 1
2 2 3 4 3 2
4 2 3 4
1 2
6
1 6 1
3 1 2 3
2 3 2 3 6
2 4 12
4 12
5 13
18
4 2 4
4
4
4
2
---
7
3 2
3 1
2 4 1
2 7 3
2 5 1 5
1 4 2 3
1 4 2 3
1 4 1 3
5 2 5 2 3
8 1 5 1 2
11 5 1 2
3 10 5 2 2 2
4 9 8 2 3
21 2 9
21 16
4 1 14 3
2 10 2 5
2 11 5
2 3 8 5
5 8 6
1 5 6
1 5 6
1 5 7
1 6 1 5
2 8 3
1 6
2 3 1
2 2
7