# solver=cpp-1e16a40
# cpu=AMD EPYC Processor (with IBPB)
# strategy=basic
# n_solutions=1
# solve_time=0.00060
# solver=cpp-298d4941
# cpu=AMD EPYC Processor (with IBPB)
# strategy=basic
# n_solutions=1
# solve_time=0.00050
5 2
3 2 2
3 7 2 2
1 3 5 2 2
1 5 7 2
1 5 5 14
2 3 5 14 2
1 3 14 3
1 3 3 8 5
2 5 3 5 6
1 3 4 9 5
1 3 14 2 5
2 3 11 2 4
1 2 15 4
2 2 12 2 4
4 6 4 2 4
6 6 3
7 6 9 1
6 4 9 3
5 2 9 5
3
9 9 9 7
7 9 9 8
5 9 9 9
3 9 9 9 2
---
4 4
4 4
1 4 1 4
4 3 2 3
4 1 5 3
4 4 5 2 1
1 4 6 2 1
4 8 2
1 1 6 2
4 3 3
1 4 3
5 4 4
5 1 4
5 4
5 3 3
5 1 5 3
1 4 7 2 1
5 7 2 1
2 4 5 1 2
3 8 1 2
4 4 3
4 6 3
5 6 4
5 6 4
5 5 1 4
4 5 1 3
5 5 2 3
4 4 2 2 1
4 5 3 2 1
4 3 1 3 1 2
4 4 1 3 1 2
5 3 1 3 3
2 2 9 3 3
2 11 2 4
1 4 2 4
2 2 1 1 4
2 6 1 1 3
2 6 2 3
2 6 2 2 1
1 6 3 1 1