# solver=cpp-a0f9b8019
# cpu=AMD EPYC Processor (with IBPB)
# isolated_core=11
# strategy=basic
# n_solutions=1
# solve_time=0.00030
4 1 1 1 1
1 1 1 1 4
1 2 1 1 1
2 5 4 1
5 8 1 1 1
2 1 1 1 2 1
5 6 1 2 5
1 6 11 8
1 1 2 2 1 1
8 11 6 1
5 2 1 6 6
1 2 1 1 1 2
1 1 1 8 6
1 4 5 2
1 1 1 2 1
4 1 1 1 1
1 1 1 1 4
1 2 1 1 1
2 2 2 4 1
2 8 1 1 1
2 1 1 1 2 1
2 6 1 2 5
17 8
1 2 2 1 1
5 11 6 1
5 2 1 16
1 2 1 1 1 3
1 1 1 8 9
1 4 5 2 1 1
1 1 1 2 1 1
---
1 4 5 2
1 1 1 8 6
1 2 1 1 1 2
5 2 1 6 6
8 11 6 1
1 1 2 1 2 1
1 6 11 8
5 6 1 2 5
2 1 1 1 2 1
5 8 1 1 1
2 5 4 1
1 2 1 1 1
1 1 1 1 4
4 1 1 1 1
1 1 1 2 1
1 4 5 2
1 1 1 8 3
1 2 1 1 1 2
5 2 1 6 3
8 11 6
1 1 2 2 2
1 6 11 6
8 6 1 2 5
2 1 1 1 4
8 8 1 1 1
1 2 5 4 1
1 1 2 1 1 1
2 1 1 1 1 3
4 1 1 1
1 1 1 2