# solver=cpp-1e16a40
# cpu=AMD EPYC Processor (with IBPB)
# strategy=basic
# n_solutions=1
# solve_time=0.00060
# solver=cpp-298d4941
# cpu=AMD EPYC Processor (with IBPB)
# strategy=basic
# n_solutions=1
# solve_time=0.00050
1 3 1 1 1 3 1 3 1 1 1
1 1 2 3 2 1 1 1 2 3
1 1 2 1 2 1 1 1 2 1
1 2 2 2 2 1 2 2 1
1 3 2 2 3 1 3 2 2
1 4 3 4 1 4 3
1 5 1 5 1 5 1
1 2 2 1 2 2 1 2 2 1 1
1 1 3 1 3 1 1 1 3 1 1
2 2 1 1 1 2 3 2 1 1 1
1 2 1 1 1 2 1 2 1 1 1
2 2 1 2 2 2 2 1 1
2 3 1 3 2 2 3 1 1
2 4 1 4 3 4 1 1
1 5 1 5 1 5 1 1
1 2 2 1 2 2 1 2 2 1 1
1 3 1 1 1 3 1 3 1 1 1
1 1 2 3 2 1 1 1 2 3
1 1 2 1 2 1 1 1 2 1
1 2 2 2 2 1 2 2 1
1 3 2 2 3 1 3 2 2
1 4 3 4 1 4 3
1 5 1 5 1 5 1
1 2 2 1 2 2 1 2 2 1 1
1 1 3 1 3 1 1 1 3 1 1
---
11 12
1 2
9 2 10
1 5 2 3 5
2 3 2 2 2 3
2 2 2 3 2 2 1
2 3 5 2 3
1 2 10 2 2
1 2 1 2
3 14 4
1 2 1 2
1 2 10 2 2
2 3 5 2 3
2 2 2 3 2 2 1
2 3 2 2 2 3
1 5 2 3 5
9 2 10
1 2
11 12
1 2
9 2 10
1 5 2 3 5
2 3 2 2 2 3
2 2 2 3 2 2 1
2 3 5 2 3
1 2 10 2 2
1 2 1 2
3 14 4
1 2 1 2
1 2 10 2 2