# solver=cpp-86fd3e96b
# cpu=AMD EPYC Processor (with IBPB)
# isolated_core=11
# strategy=basic
# n_solutions=1
# solve_time=0.00030
1 22 2
6 1 1 2 2 5
4 1 1 2 3 1 1 5
3 1 1 2 1 1 2 4
1 1 1 2 1 1 1 1 1 2
1 2 1 1 1 1 1 1 2 1 2 2
1 3 2 2 1 2 1 1 2
3 1 1 2 1 1 2 1 4
4 1 3 1 1 1 1 5
7 2 3 2 9
2 26
2 1 16 4
2 2 1 1 1 2 1 3 1
3 2 2 1 3 1 1 1 2 1
4 1 3 2 3 2 1 2 1
1 2 1 1 2 1 2 5 1
1 2 3 1 1 3 1 3 1
1 3 1 2 1 1 1 2 4 2
1 4 1 2 1 2 2 1 2 2
2 2 1 2 4 2 2 2 2
2 2 3 2 1 2 2 4 2
2 4 1 1 2 2 1 1 3 2
2 2 1 2 2 1 1 2 2 3
3 4 2 2 4 1 2 3
3 5 4 3 2 4 3
3 3 2 2 1 1 4 3
4 2 1 2 1 2 3 2 3
4 4 9 4 4
4 8 2 1 7 4
4 18 4
---
1 8 15
2 7 11
5 11 7
2 2 2 9 4
2 2 4 1 8
3 2 3 5 1 8
2 2 2 1 6 7
3 2 1 2 1 1 4 3
1 3 5 1 2 1 4
1 1 4 1 5 1 1 2
3 1 3 1 8 2
1 4 2 2 1 2 4
2 11 2 1 3
1 2 3 9 1 1
1 2 5 2 1 5
1 2 3 2 2 2 1 3
6 12 1 1 1
3 4 1 9
1 1 5 2 3 1 2 1
1 3 2 1 1 2 3
4 2 2 2 1 6 2
2 1 3 6 1 2
1 1 8 2 3 4
2 1 2 2 1 1 4 3
2 2 2 1 5 5
3 1 5 5 9
2 3 5 11
3 14 3
2 9 8
1 9 13
1 5 18