# solver=cpp-b64f6aebe
# cpu=AMD EPYC Processor (with IBPB)
# isolated_core=11
# strategy=basic
# n_solutions=1
# solve_time=0.00040
28
1 1
1 24 1
1 24 1
1 24 1
1 24 1
1 24 1
1 4 19 1
1 4 19 1
1 4 19 1
1 4 15 3 1
6 15 5
22 5
22 5
22 5
5 22
9 18
1 7 16 1
1 7 16 1
1 7 9 6 1
1 7 9 6 1
1 17 6 1
1 17 6 1
1 17 6 1
1 24 1
1 24 1
1 1
2 28
6 1 1
2 1 2 1
6 5 6 1
1 2 1 4 2 2
1 2 4 6 1
1 2 1 1 2 1 1
1 2 1 1 2 1 2
1 1 1 2 3
1 1 1 2 1
6 1 1
1 1
6
---
0
1 8
1 1 1
8 1
8 1
1 1 1
1 8
1
1
2
1
1
28 2
1 6 1 1
1 24 1 1
1 24 1 1
1 24 4
1 13 10 1
1 5 14 1
1 24 1
1 24 1
1 14 5 1
1 24 1
1 24 1 1 8
1 24 1 1 1 1
1 24 1 8 1
1 24 1 8 1
1 24 1 1 1 1
1 24 1 1 8
1 24 1 1
1 24 1 2
1 17 2 1 4
1 24 5
1 24 1
1 8 11 1
1 24 1
1 24 1
1 24 1
1 6 1
28