# solver=cpp-6dc88e3e
# cpu=AMD EPYC Processor (with IBPB)
# isolated_core=11
# strategy=basic
# n_solutions=1
# solve_time=0.00030
1
3
7
4 4
4 4
4 4
4 1 3 3 4
4 2 1 1 4
4 1 3 1 4
4 1 1 1 4
4 1 3 1 4
2 2
39
1 1 1 1 1 1 1 1 1 1 1 1 1 1 1 1 1 1
39
4 4 4 4
4 7 5 7 4
2 3 2 5 2 3 2
2 3 2 5 2 3 2
2 3 2 5 2 3 2
2 2 2 2
2 3 2 7 2 3 2
2 3 2 1 1 1 2 3 2
2 3 2 1 1 1 2 3 2
2 3 2 1 1 1 2 3 2
2 3 2 1 1 1 2 3 2
2 2 1 1 1 2 2
4 4 1 1 1 4 4
6 6 1 1 1 6 6
37
1 1 1 1
1 6 21 6 1
1 6 1 1 6 1
1 5 23 5 1
1 1 1 1
---
3 1 5
3 1 2
2 5 3 3
2 1 16 3
2 18 3
2 1 3 3 3
2 3 2 3
2 1 1 4 5 1 2
2 3 4 5 1 2
2 1 1 4 5 2 3
2 5 5 1
2 1 16 1 1
2 18 1 1
2 1 3 3 1 1
2 1 3 2 1 1
2 5 1 1 1 1 1
2 3 9 1 1
2 1 1 4 1 1 1 1
2 3 1 3 4 1 1 1 1
3 1 1 1 1 1 4 9 1 1
2 1 3 3 4 1 1 1 1
2 1 1 4 1 1 1 1
2 1 3 9 1 1
2 5 1 1 1 1 1
2 1 3 2 1 1
2 1 3 3 1 1
2 18 1 1
2 1 16 1 1
2 5 5 1
2 1 1 4 5 2 3
2 3 4 5 1 2
2 1 1 4 5 1 2
2 3 2 3
2 1 3 3 3
2 18 3
2 1 16 3
2 5 3 3
3 1 2
3 1 5
0