# solver=cpp-b64f6aebe
# cpu=AMD EPYC Processor (with IBPB)
# isolated_core=11
# strategy=basic
# n_solutions=1
# solve_time=0.00050
18 2
19 4
20 6
17 2 8
15 1 3 6
14 2 2 3 7
12 4 7 9
10 6 18
8 4 18
7 2 5 1 7
6 3 1 1 4
4 2 2 3 2 3
3 3 1 5 2 3
2 3 2 1 6 2 3
2 2 3 2 9 3
3 1 2 15
4 3 2 12
5 1 3 11
6 2 8
7 2 7
8 2 5
8 2 3
9 2 1
12
11
---
25
25
13 10
12 9
11 2 8
11 3 7
10 3 6
9 2 5
8 3
8 2
7 2 2
7 1 2 2
6 2 1 2
6 2 2 2
5 1 2 2
4 3 2 2
4 5 2
3 5 1
2 3 2
2 1 2
3 1
2 4
3 5
4 7
15
17
9 10
4 4 12
4 2 1 8
4 2 2 8
4 4 2 5
7 2 3
9 3
7 3
11
10
8
6
4
2