# solver=cpp-a0f9b8019
# cpu=AMD EPYC Processor (with IBPB)
# isolated_core=11
# strategy=basic
# n_solutions=1
# solve_time=0.00040
1 1
4 4
3 2 2 3
2 1 3 1 2
2 2 2 2
1 2 3 2 1
2 1 1 3 3 1 2
1 2 4 4 2 1
1 2 1 1 5 2 1
1 1 2 2 2 1 1
1 4 1 1 1 1
1 5 2 1 1
1 4 1 1 1
1 4 1 1
1 4 1 2 1 1 1
1 4 1 1 1
1 4 1 2 1 1
1 1 3 1 2 1
1 1 1 2 3 1
1 1 1 2 4 1 1
1 1 5 1 1 1
1 1 2 1 1
1 3 1 5 1
1 3 1 3 1
3 2 3
3 1 3
1 1 1 4 1 1
1 2 3 2 1
2 3 3 2
4 11 4
1 5 5 1
2 17 2
3 11 3
4 4
13
---
7
2 2 2
21 2 1
3 1 1 2 2
2 3 1 1 1 2 2 1
2 4 2 2 2 1 1 2 1
1 2 1 3 1 1 1 2 2
2 1 1 3 4 1 1 2 1
1 1 7 3 1 1 2 1
1 1 1 3 3 1 1 2 1
2 4 2 1 1 1 2 1
1 2 2 5 7 1 2 1
1 4 6 2 3 1 2 1
1 2 2 4 2 1 1 1 2 1
2 3 2 1 3 1 2 1 2 1
1 4 1 4 1 2 1 2 1
1 1 1 2 4 1 1 1 2 1
2 1 1 1 1 1 2 1
1 2 1 1 1 2 2
2 4 1 1 1 1 2 1
2 10 1 1 2 2 1
3 1 1 2 2
21 2 1
2 2 2
7