# solver=cpp-d85c7576
# cpu=AMD EPYC Processor (with IBPB)
# isolated_core=11
# strategy=basic
# n_solutions=1
# solve_time=0.00020
10 1 10
5
5
2 1 2
2 1 2
2 1 2
2 1 2
2 1 2
2 1 2
2 1 2
2 1 2
2 1 2
1 1 1
1 1 1
1 1 1
1 1 1
1 1 1
1 1 1
23
1 1 1
1 1 1
1 1 1
1 1 1
1 1 1
1 1 1
1 1 1
1 1 1
1 1 1
2 1 2
2 1 2
2 1 2
2 1 2
2 1 2
2 1 2
2 1 2
2 1 2
7
---
1 18
1 2 1 2
1 2 1 2
1 2 1 2
1 2 1 2
1 2 1 2
1 2 1 2
1 2 1 2
1 2 1 2
4 1 1
2 1 1
37
2 1 1
4 1 1
1 2 1 2
1 2 1 2
1 2 1 2
1 2 1 2
1 2 1 2
1 2 1 2
1 2 1 2
1 2 1 2
1 18