# solver=cpp-86fd3e96b
# cpu=AMD EPYC Processor (with IBPB)
# isolated_core=11
# strategy=basic
# n_solutions=1
# solve_time=0.00020
23
1 2
23 1
1 8 1 1
1 6 6 1 1
1 3 1 6 1 1
1 10 3 1 1
1 15 1 1
1 4 4 1 1
1 2 2 1 1
1 2 1 1 1
1 1 4 3 2 1 1
1 2 1 1 2 1 1
1 2 4 3 2 1 1
1 2 1 1 1 1 1 1 2 1 1
1 2 4 3 2 1 1
1 2 2 2 1 1
1 1 3 1 1 1
1 1 1 1 1
1 1 1 1 1 1 1
1 2 5 2 1 1
1 3 3 3 1 1
1 5 4 1 1
1 6 6 1 1
1 4 7 4 1 1
1 5 8 1
1 7 9 1
10 10 1
11 11 1
23 1
1 1 1
1 4 1 5 2 3 1 1
1 1 1
1 1 1
1 1 1
1 5 5 7 1 1
1 1 1
1 1 1
1 2
23
---
38
2 3 1
1 1 4 1 1 1
1 1 5 6 1 1 1
1 1 13 8 1 1 1
1 1 7 11 1 1 1
1 1 5 1 1 10 1 1
1 1 5 1 1 1 3 5 1 1
1 3 2 1 3 3 4 1 1
1 3 2 1 1 1 1 2 3 1 1 1
1 3 2 1 5 3 1 2 1 1 1
1 2 3 2 2 1 1 1 1 1
1 3 2 1 1 3 1 2 1 1 1
1 6 1 1 1 1 2 3 1 1
1 4 1 1 3 2 4 1 1
1 4 2 1 1 1 3 5 1 1 1
1 1 5 1 1 10 1 1 1
1 1 6 12 1 1
1 1 13 8 1 1 1
1 1 6 6 1 1 1
1 1 5 1 1 1
1 1 5 1
1 38
2 1
38