# solver=cpp-1e16a40
# cpu=AMD EPYC Processor (with IBPB)
# isolated_core=11
# strategy=basic
# n_solutions=1
# solve_time=0.00040
0
4
10
18
21
23
25
26
27
29
29
8 20
7 1 19
7 2 19
6 1 4 4 8
5 1 3 3 7
4 1 2 5
4 4 4 4
4 2 2 2 2 2
4 1 2 1 2 2
4 2 6 2 5
1 1 2 2 1 2 2 2
1 2 2 2 2 1
1 4 4 1
2 2
2 3 2
2 4
6 4
7
0
---
7
12
14
16
21
11 1 2
11 5 2
9 2 2 2
8 3 1 2 1 1
8 2 1 2 1 1
9 2 2 1
11 2 2 1
13 3 2
14 1 1
16 1 1 1
15 1 1 1
13 1 1 1
14 5 1
14 2 2 2
16 2 1 1
16 2 1 1
12 2 2 2
12 2 2 1
13 3 1
14 1 2
13 1 2
19
15
8
5