# solver=cpp-1562f45ac
# cpu=AMD EPYC Processor (with IBPB)
# isolated_core=11
# strategy=basic
# n_solutions=1
# solve_time=0.00030
0
0
0
0
5
9
12
16
18
26
26
18 8
17 7
17 6
17 5
18 3
19 2
19 1
18 2
17 2 1
16 3 1
7 6 4
6 2 4 5
5 6 2 2
4 5 2
5 6 2
4 5 1
5 6 2
5 7 3
4 9 1
3 10 2
2 9 4
2 8 1
1 5 2
2 4 2
2 4 2
2 3 2
3 3 2
5 4
7 6
8 2
9 2
11 1
13 3
22
22
23
23
24
25
---
11
11
12
13
9 14
13 15
17 2 12
26 10
24 9
22 8
14 5 8
12 2 7
12 1 7
12 2 1 4 6
14 3 6 6
26 6
28 6
28 6
29 7
16 10 9
14 5 2 2 7
7 4 3 2 2 6
7 2 1 2 1 4
6 1 1 2
7 3 1
9 1 1 1 2
10 2 2 1 2 2
11 4 1 6
13 3 4 2
15 3 3
11 4 2 1
8 2 2
3
0
0