# solver=cpp-400bd85f2
# cpu=AMD EPYC Processor (with IBPB)
# isolated_core=11
# strategy=basic
# n_solutions=1
# solve_time=0.00040
16 3
13 5
10 3 3 6
8 5 3 8
6 7 3 1 1
4 9 2 1 2 2
3 4 1 2 1 4
2 2 2 1 2 2
2 2 2 1 1 4
2 4 4 4
1 7 5 5 5
6 6 10
8 10 2 6
4 12 2 4
14 4 1 5
10 4 2 5
10 4 1 5
1 12 3 1 5
1 10 4 4 5
1 11 6 5
1 11 4 2 5
2 11 4 4 5
2 12 9 5
2 11 6 4
2 6 5 5
3 5 5 5
3 5 4 10
3 4 4 11
3 5 3 12
3 4 3 13
3 4 3 14
4 4 3 15
4 4 3 16
5 6 5 16
5 6 5 17
---
11 1 18
10 1 14
7 1 10
6 2 4
5 3 2
5 4
4 5 3
4 3 1 4 4
3 2 7 5
3 2 9 7
2 2 12 6 2
2 1 19 2
2 1 18
1 18
1 3 17
1 6 16
22
5 7 1 6
4 5 2 6
3 2 3 1 7
5 4 1 13
1 1 4 2 11
1 3 1 10
5 2
5 2
4
3
2
1 1
3 1 3
2 2 4
2 1 5
2 1 6
5 2 7
2 4 3 8
1 4 5 9
1 5 5 9
1 3 3 4 9
1 2 3 3 9
2 1 2 1 9
6 3 9 10
4 1 16 10
4 18 10
4 19 10
5 16 10