# solver=cpp-1562f45ac
# cpu=AMD EPYC Processor (with IBPB)
# isolated_core=11
# strategy=contra
# n_solutions=1
# solve_time=0.00050
15
17
12 4
12 3
3 8 3
2 2 2 2
1 2 2
4 2
3 1
2 1
1 6 5 1
3 2 2 2 2 3
1 4 5 4 1
1 1 1 1 1 1 1 1
1 1 1 1 1 1 1 1
1 1 1 1 1 1 1 1
1 1 2 2 2 2 1 1
1 1 6 5 1 1
1 1 1 1 1 1
4 1 1 4
3 3 2 3
2 7 2
2 2 2 1
1 1 1 2
2 9 2
2 1 1 2
2 3 2
2 2
3 3
6
---
0
9
1 2
14
6 1 3
3 2 1 2
3 2 6 3
3 2 2 2 2
6 1 1 2
5 1 1 2
5 1 1 2
5 1 1 3 1
5 2 7 2 2
6 6 2 1 1
6 1 2 1 1 1
5 1 1 1 1 1
4 1 2 1 1 1
3 6 2 1 2
2 2 4 2 2 1
2 1 1 3 2
2 1 1 2
3 1 1 2
4 2 2 2
4 6 2
5 1 3
4 1 3
14
1 2
9
0