# solver=cpp-1e16a40
# cpu=AMD EPYC Processor (with IBPB)
# strategy=basic
# n_solutions=1
# solve_time=0.00060
# solver=cpp-298d4941
# cpu=AMD EPYC Processor (with IBPB)
# strategy=basic
# n_solutions=1
# solve_time=0.00100
3
5
2 1 2
2 1 2
2 1 2
2 1 2
2 1 2
2 1 2
2 1 2 1
2 1 2 2
2 1 2 2
2 1 2 2
2 1 2 2
2 1 2 2
2 1 2 2
17 3
3 1 3
1 2 1 3
1 2 1 3
1 2 1 3
1 2 1 3
1 2 1 3
1 2 1 3
1 2 1 3
1 4 1 3
1 2 3 1 3
1 2 3 1 3
1 2 3 1 3
1 2 3 1 3
1 2 7
3 6
40
2 1 7
2 1 8
2 1 3 1 3
2 1 3 6
2 1 2 2 1 2 2
5 5 2
3 3 2
9 2
---
17
3 3
5 5
2 1 2 2 1 2
2 1 2 2 1 2
2 1 2 2 1 2
2 1 2 2 1 2
2 1 2 2 1 2
2 1 3 9
2 1 3 1 3
2 1 3 1 2 1
2 1 3 1 2 1
2 1 3 1 2 1
2 1 3 1 4 1
2 1 7 2 1
2 1 5 3
40
2 5 1 2
2 10
2 10
2 3 5
2 3 1 2
2 3 1 2
2 3 1 2
2 3 1 2
2 3 1 1
2 3 1
2 3 1
2 3 1
2 3 1
2 3 1
4 1
2 1
2 1
2 1
2 1
2 1
2 1
2 1
2 1