# solver=cpp-1e16a40
# cpu=AMD EPYC Processor (with IBPB)
# isolated_core=11
# strategy=basic
# n_solutions=1
# solve_time=0.00040
3 5 5 3 1
2 2 2 2 2 2 2 2 1
1 1 1 1 1 1 1 1 1
1 1 1 1 1 1 1 1 1
1 1 1 1 1 1 1 1 1
1 1 1 1 1 1 1 1 1
1 1 1 1 1 1 1 1 1
1 2 2 2 2 1 1 2 2
1 3 3 1 1 5
1 1 1
1 1 1
1 1 1
1 3 3 1 1 5
1 2 2 2 2 1 1 2 2
1 1 1 1 1 1 1 1 1
1 1 1 1 1 1 1 1 1
1 1 1 1 1 1 1 1 1
1 1 1 1 1 1 1 1 1
1 1 1 1 1 1 1 1 1
2 2 1 1 2 2 2 2 1
3 1 1 5 3 1
1 1 1
1 1 1
1 1 1
3 1 1 5 3 1
2 2 1 1 2 2 2 2 1
1 1 1 1 1 1 1 1 1
1 1 1 1 1 1 1 1 1
1 1 1 1 1 1 1 1 1
1 1 1 1 1 1 1 1 1
1 1 1 1 1 1 1 1 1
1 2 2 2 2 2 2 2 2
1 3 3 3 5
0
2 3 3 1 3 3 1 3 3 3 1 3
2 3 3 1 3 3 1 3 3 3 1 3
2 3 3 1 3 3 1 3 3 3 1 3
1 1 1 1 1 1 1 1 1 1 1 1
1 1 1 1 1 1 1 1 1 1 1 1
1 1 1 1 1 1 1 1 1 1 1 1
---
19 8 6
2 2 2 3
1 1 1
2 2 2 3
7 7 7 6
2 2 2 3
1 1 1
2 2 2 3
7 19 6
2 3
1
1 6
1
2 3
7 19 6
2 2 2 3
1 1 1
2 2 2 3
7 7 7 6
2 2 2 3
1 1 1
1 1 1 6
1 1 1
2 2 2 3
19 7 6
2 3
1
2 3
19 7 6
2 2 2 3
1 1 1
2 2 2 3
7 7 7 6
2 2 2 3
1 1 1
1 1 1 6
1 1 1
2 2 2 3
8 19 6
3