# solver=cpp-1e16a40
# cpu=AMD EPYC Processor (with IBPB)
# strategy=contra
# n_solutions=1
# solve_time=0.00110
# solver=cpp-298d4941
# cpu=AMD EPYC Processor (with IBPB)
# strategy=contra
# n_solutions=1
# solve_time=0.00220
2 2
2 3
14 1
2 2 1 1
2 3 1 1 1 1
14 1 1 6
1 2 1 1 1 1 2 1
3 1 1 1 1 1 3 2
5 1 1 14
1 1 1 1 2 2 1
1 1 1 1 3 3 1 1 1
1 14 1 1
1 1 2 2 1 1 1 1 1
1 3 3 1 1 1 1 1 3
11 1 1 9
2 1 1 1 1 2 2
3 1 1 1 1 1 3 3 1
2 1 1 14 1
1 1 1 1 2 2 1 1
1 1 1 3 3 1 1 1 1
1 14 1 1 3
1 2 2 1 1 1 1 2
3 3 1 1 1 1 1 3
8 1 1 8
1 1 1 1 1 2
1 1 1 1 1 1 3
1 1 8
1 1 1 2
1 1 3
8
---
2 1 3 13
1 1 1 1 2 2 1
1 1 3 3 1 1
1 14 1 3
1 2 2 1 1 1 1
3 3 1 1 1 1
8 1 3 7
2 1 1 1 1 2 2
3 1 1 1 3 2
2 1 3 14
1 1 1 1 2 2 1
1 1 3 3 1 1
1 14 1 3
1 2 2 1 1 1 1
3 3 1 1 1 1
8 1 3 7
2 1 1 1 1 2 2
3 1 1 1 3 2
1 1 3 14
1 1 1 2 2 1
1 3 3 1 1
14 1 3
2 2 1 1 1 1
2 3 1 1 1 1
7 1 3 7
1 1 1 1 2 2
1 1 3 2
1 14
1 2 2 1
3 3 1 1