# solver=cpp-d85c7576
# cpu=AMD EPYC Processor (with IBPB)
# isolated_core=11
# strategy=contra
# n_solutions=1
# solve_time=0.00060
6 4 9
1 3 2 1
2 2 6 2
3 6 3 3
1 5 3 1
1 4 1 2 1
1 5 2 1
1 4 1 1
1 5 2 1
1 4 1 1
1 4 1 1
1 4 1 1
1 4 2 1
1 3 4 4 1 1
1 3 2 2 2 2 1
1 3 1 3 2 1
1 5 2 1 1 1
1 3 1 1 1 2 1 1 1
1 1 1 1 2 1 2 1
1 1 1 2 7 1
1 1 2 2 2 1
1 2 4 1 1
1 4 2 1
1 1 2 8 1
1 2 11 1
1 3 13 1
1 1 14 1
1 2 15 1
1 2 15 1
1 2 3 9 1
1 2 4 1 1
1 2 11 1
1 2 9 1
1 4 7 1
1 4 5 1
1 5 1 1
1 7 3 1
1 2 7 4 1
1 1 6 5 1
1 1 5 5 1
1 2 4 5 1
1 5 4 6 1
4 3 5 7 1
2 3 3 4 3 5 1
1 2 5 1 6
---
42
1 2
2 1
3 3
1 5 4 5 1
1 12 3 2 2 2
1 18 2 2 1 1
1 13 2 1 5 2
1 6 3 2 13 1
5 1 12 2
4 6 1
1 3 3 4 2
4 3 2 3 1
1 2 2 2 5 4 2
1 1 1 1 2 8 7
3 1 1 10 6
2 2 1 5 5 4
2 2 2 6 4 2
1 1 3 2 7 4 2
1 2 2 3 7 8 2
1 1 2 1 7 4 4 2
1 2 1 1 7 3 7
1 2 1 1 1 7 2 6
1 3 2 1 7 1 6
1 5 2 3 9 6
1 2 4 3 6 5
3 5 4
2 3 2
1 1
42