# solver=cpp-298d4941
# cpu=AMD EPYC Processor (with IBPB)
# strategy=basic
# n_solutions=1
# solve_time=0.00060
2 2
4 4
2 2 2 2
2 2 2 2
3 10 3
2 8 2
2 2
2 2 2 2
2 3 3 2
3 3 3 3
3 6 3
2 2 2 2
2 2 2 2
2 2 2 2 2
2 6 2
2 2 2 2
2 2 2 2
2 4 4 4 2
2 14 2
3 12 3
3 12 3
4 2 4 2 4
8 8
8 8
12
12
26
2 2 8 2 2
2 2 6 2 2
3 5 4 5 3
2 5 2 5 2
4 14 4
6 2 2 6
7 12 7
3 4 1 1 4 3
3 4 1 2 2 1 4 3
9 1 6 1 9
9 1 4 1 9
9 1 6 1 9
9 1 6 1 9
---
2 8
10 3 9
13 2 11
7 4 1 4 4
6 4 2 3 4
3 3 3 8
3 2 1 2 7
2 3 2 1 2 6
2 3 2 2 1 3 6
3 2 5 5 5
3 12 11
2 2 1 5 5 2 1
2 5 3 5 1 1 2 2
2 2 1 5 6 1 1 5
2 1 2 5 8 1 4
2 1 2 5 8 1 4
2 2 1 5 6 1 1 5
2 5 3 5 1 1 2 2
2 2 1 5 5 2 1
3 12 11
3 2 5 5 5
2 3 2 2 1 3 6
2 3 2 1 2 6
3 2 1 2 7
3 3 3 8
6 4 2 3 4
7 4 1 4 4
13 2 11
10 3 9
2 8