# solver=cpp-1e16a40
# cpu=AMD EPYC Processor (with IBPB)
# isolated_core=11
# strategy=basic
# n_solutions=1
# solve_time=0.00050
3
6
12
14
17
17
20
8 12
3 2 6 3
4 3
4 4 3 3
5 3 4 3
4 3
4 1 1 1 1 3
3 2 1 1 2 3
3 1 1 3
2 1 1 3
2 3
3 2 2 2
4 8 2
3 4 2
2 2 2 2
3 12 2
4 2 1 4
5 9 5
2 2 6 4
1 3 2 1
1 3 2 1
2 10 1
4 14 5
6 2 2 7
8 2 2 8
8 2 2 7
8 2 2 8
8 2 1 7
8 8
8 7
8 7
8 8
8 7
---
2
4
5 2 5
12 3 7
19 8
8 19
6 2 11
4 2 9
5 1 2 1 7
7 1 2 1 2 3 6
7 1 1 2 7 5
7 2 4 3 2 4
6 1 2 2 1 2 2 3
8 1 4 2 1 2 2 1 2
9 2 1 2 2 1
9 2 1 2 2
8 1 2 1 2 2
7 1 4 2 1 2 2 2
7 1 2 2 2 2 2 2
7 2 2 2 2 1 6 3
6 1 1 2 2 3 5
5 1 3 1 7
4 3 9
36
20 11
10 2 10
8
7
4
2