# solver=cpp-1e16a40
# cpu=AMD EPYC Processor (with IBPB)
# isolated_core=11
# strategy=basic
# n_solutions=1
# solve_time=0.00040
8
10
2 2
3 2
2 2
2 2
2 9
2 9
2 9
2 8
11
12
3 2
3 2
3 2
3 2
2 2
3 2
2 2
2 2
2 2
2 2
2 5 6
2 7 7
2 7 5 2
2 6 4 2
2 4 4 2
2 4 4 2
2 4 4 2
2 4 4 2
2 4 4 2
2 4 4 2
2 14 2
2 14 2
24
23
18
17
26
7 2 2 7
1 2 11 2 1
1 2 10 3 1
2 2 8 2 2
3 2 7 3 3
3 1 6 3 3
---
6
1 3
1 2
15 2
19 2
5 2 2
4 2 8
3 4 5 3
3 4 5 2
6 19 2
7 20
4 2 17 4
3 3 16 5
2 4 7 5
3 4 7 5
2 5 7 5
2 6 7 5
2 6 7 5
2 6 7 3
2 6 18 1
2 3 2 17 2
2 3 2 17 4
2 2 2 17 4
7 2 3 3 4
5 5 2 2 2
20 2
16 2
2 2
2 3
6