# solver=cpp-86fd3e96b
# cpu=AMD EPYC Processor (with IBPB)
# isolated_core=11
# strategy=basic
# n_solutions=1
# solve_time=0.00030
4 3
2 2 2 3
2 2 4 3
2 2 2 3 3
2 2 2 2 3
2 2 2 2 4
2 2 2 2 4
2 4 2 4
2 14
2 16
8 5 7
5 13
3 5 5 4
2 2 2 2
3 5 2 4
3 2 7 4
3 3 10 4
3 30
3 13 8 2
3 3 6 6
4 2 3 2 2
4 2 3 2 2
3 3 2
3 3 2 2
3 10 4
4 10 4
5 4 2 2
17 7
17 5
3 17 4
10 8
12 15
7 2 3 12
9 2 2 7 3
10 2 2 7 2
---
3 5
5 6
1 4 6
2 4 6
2 4 5
2 3 3 10
2 25
2 22 2
2 4 15 2
6 2 6 1
4 3 3 2
7 5 3 4
7 5 3 2
2 2 6 3
2 2 3 2 3 3
3 5 3 2 3 3
8 1 1 2 3 3
1 2 2 3 2 2 3 2
3 2 3 2 6 3
10 3 6 2
10 3 9
8 4 8 1
7 5 2 2 2
4 6 2 6
3 4 2 2 6
2 3 2 2 6
2 3 2 2 6
3 3 2 2 5
2 3 2 2 3
2 3 2 2 2
2 3 2 2 2
2 3 3 2 2
3 5 5 2
3 5 2 2
2 3 2
3 5 2
9 2
4
5
4