# solver=cpp-86fd3e96b
# cpu=AMD EPYC Processor (with IBPB)
# isolated_core=11
# strategy=contra
# n_solutions=1
# solve_time=0.00050
6 6 6 2 2 4
2 3 6 5 2 2 4
2 3 2 3 2 2 4
2 2 2 3 2 2 4
2 2 2 3 2 2 4
2 2 2 2 4 4
2 10 2 4 4
2 11 2 2 2 4
2 2 2 2 2 2 4
2 2 2 2 2 1 4
2 2 2 2 2 2 2
2 2 2 2 2 2 2
2 2 2 2 2 1 2
2 2 2 2 2 2 2
2 2 2 2 2 2 2
2 2 2 2 2 1 2
2 2 2 3 2 2 2
2 2 2 2 2 2 2
2 4 2 1 2 1 2
6 2 2 2 2 2
2 2 2 2 2 2
2 2 2 2 1
2 2 3 2 2 2
2 6 9 2 2
2 6 7 2
---
25
25
1 1
1 1
2 2
2 2
2 1
1 2
2 2
3 3
12
8
2
2
25
25
2 2 2
2 2 2
2 2 2
2 2 2
1
9
12
4 4
3 2
3 2
3 2
2 1
2 2
2 1
2 2
1 2
1 2
1 2
2
25
25
2
5
2 5
2 5
2 5
2 5
1 5
3
1
10
21 2
21 2
10