# solver=cpp-6b570c1b3
# cpu=AMD EPYC Processor (with IBPB)
# isolated_core=11
# strategy=basic
# n_solutions=1
# solve_time=0.00040
5
7
7
7
7
1 1
5
1 1
7
9
11
13
4 2 3 4
5 2 3 5
7 8
2 3 3 2
2 2 2 2
2 2 2 2
2 2 6 6 2 2
2 2 1 4 1 3 2 2
2 2 1 1 1 1 2 2
2 4 4 2
4 1 1 4
3 1 1 3
2 1 1 2
2 1 1 2
2 7 2
2 1 1 2
2 5 5 2
2 1 2
3 2
4 3
4 3
4 17 4
24 5
7 2 2 7
6 3 3 6
6 2 2 6
6 1 1 6
6 6
---
8 3
9 4
3 2 5
3 2 6
3 2 6
7 10 6
8 18
2 5 3
2 3 6 2
2 1 1 1 5 1
3 2 1 2 2 2
4 4 2 1 2 1 2 2
12 2 1 1 1 2
5 1 4 3 3 1 1 2
5 1 4 1 1 2
5 1 4 3 3 1 1 2
12 1 1 1 1 2 2
4 4 1 1 2 1 2 2
3 2 1 2 4
3 2 1 1 4
3 3 3 1
3 4 2
8 13 3
7 10 6
3 2 5
3 2 6
3 2 6
9 5
8 4
3