# solver=cpp-298d4941
# cpu=AMD EPYC Processor (with IBPB)
# strategy=basic
# n_solutions=1
# solve_time=0.00060
3
4 4
13
19
18 2
3 5 10 1
1 3 12 1
3 2 13 1
1 6 1 11
1 3 6 11
7 19
1 6 20
1 3 21
7 22
6 6 20 3
6 3 3 1 5
6 3 16 7
26 9
7 8 11
7 6 14
20 16
6 1 1 18
6 2 20
6 2 22
4 35
2 10 26
10 28
10 29
8 31
7 32
---
12 3
16
11 4
16
10 5
22
3 1 1 4 6
3 1 1 1 1 1 5
4 1 1 1 1 1 4 1
4 10 1 8
17 7 2
17 1 2 3
7 1 1 1 1 1 6
1 4 1 1 1 1 1 1 4
1 4 1 1 1 1 1 6
4 4 6
20 6
7 12 6
7 12 7
6 6 5 7
6 6 4 9
12 3 8
6 5 3 9
12 2 9
12 2 10
1 10 2 10
1 9 1 11
1 9 1 11
1 8 1 11
1 7 1 12
8 1 12
7 14
7 13
6 14
5 14
19
2 15
17
16
16