# solver=cpp-86fd3e96b
# cpu=AMD EPYC Processor (with IBPB)
# isolated_core=11
# strategy=basic
# n_solutions=1
# solve_time=0.00040
9
1 11
9 2
1
1
9 1
1 13 1
9 2 1
1 1
1 1
35
11 2 2 6
19 6
35
35
7 3 3 1 3 3 3 1
7 3 3 1 3 3 3 1
7 3 3 1 3 3 3 1
7 3 3 1 3 3 3 1
2 1 2 3 3 1 3 3 3 1
2 1 2 3 3 1 3 3 3 1
7 1 1 1 1 1 1 1
2 1 2 1 1 1 1 1 1 1
7 1 1 1 1 1 1 1
35
---
15
3 15
1 1 9 1 2
1 1 15
1 1 9 1 2
3 3 15
1 1 3 15
1 1 3 5 1
1 1 3 5 1
3 3 11 1
3 1 15
3 1 1 9 1
3 1 1 3 1
3 1 11 1
1 1 15
1 1 1 9 1
1 1 1 3 1
1 1 5 1
1 1 15
1 4 2 1
1 1 2 1
1 1 8 1
8 12
1 8 1
1 2 1
1 8 1
1 12
1 8 1
1 2 1
11 1
15
11 1
5 1
5 1
15