# solver=cpp-6dc88e3e
# cpu=AMD EPYC Processor (with IBPB)
# isolated_core=11
# strategy=basic
# n_solutions=1
# solve_time=0.00030
4
2 1 3
3 5 3
4 3 8
11 6 1
20 1 1
1 7 1 5 1
1 1 3 1 7 2
1 2 2 1 1 8
1 1 1 5 5
1 1 1 5
3 1 5 10
14 3 10
10 3 2 3 8
9 6 13
10 4 7 3
8 5 2 2 1 1 2
8 1 2 7 1 1
14 2 2 1 1 1
14 2 2 1 1 1
14 2 2 1 3
14 2 2 3 1
14 2 2 1 2 1
15 2 1 1 1
15 2 2 1 4
22 4
18 4
1 6 3
2 3
5
---
21
1 16
1 2 17
2 1 15 1
4 17
25 1
6 16 1
4 16 1
4 4 10 1
3 3 1 10 1
2 2 1 11 1
2 6 9 1
3 16 1
4 18
9 3 5
3 1 2 6 3
1 1 3 2 12
1 3 1 1 4 4
1 3 1 4 6 2
1 3 1 1 13
1 1 2 1 7 2
3 3 2 2 2 1
4 2 6 1 1
3 1 4 2
4 7 1 3
1 2 7 3 3
3 7 2 5
2 9 5 1
15 1 1
11