# solver=cpp-a0f9b8019
# cpu=AMD EPYC Processor (with IBPB)
# isolated_core=11
# strategy=basic
# n_solutions=1
# solve_time=0.00030
4 9 7
3 7 6
2 10 5
1 2 2 2 9
1 2 2 6 5
1 1 2 2 4 4
2 1 2 2 3
1 1 2 1 2
1 1 2 1 2
1 1 1 2 2
1 1 1 1 1 1 1 4
1 1 1 5 4 3
1 2 1 2 2 1 2 3
1 3 1 1 1 1 1 4
1 1 1 2 4
1 1 1 3 3
1 2 1 2
2 2 2 3 2
3 1 1 2 1 3
4 2 1 3
5 4 4
5 4 4 4
6 5 6 5
1 3 5 5
2 2 6 2 2
1 2 7 2 2 1
4 6 3 3 1 1
2 7 2 1 5 1
1 8 4 3 1
12 5 2
---
6 9 2
3 6 3 1
2 5 1 2 1
1 5 2 1
7 1
4 2
11 3
3 2 4
1 2 13
4 6 11
3 2 6 10
3 2 1 13
5 7 7
4 2 2
3 2 4 2
3 2 3 2 1
1 1 2 1 1 2
1 1 2 1 1 3
3 2 1 2
2 2 1 2 2
2 2 2 2
3 3 1 2 1 1
1 1 2 2 2 1
1 1 2 1 1 1 3
2 1 2 3 5
5 2 1 3 2
6 2 2 4 1 2
7 6 6 3
25 1
30