# solver=cpp-1562f45ac
# cpu=AMD EPYC Processor (with IBPB)
# isolated_core=11
# strategy=basic
# n_solutions=1
# solve_time=0.00040
22
25
26
27
27
27
5 5
6 4
4 2 3
4 2 2 3
3 3 3
3 3 2
3 2 2 2 2
3 3 2
3 3 2
2 2 2 2
2 2 3
3 1 4
4 4
4 4
3 6 6 2
3 6 6 2
3 4 4 2
3 2
3 2
3 3
4 4
4 4
3 5 3
3 8 3
3 3 3
3 2
3 3
3 3
4 3
4 4
5 5
17
15
10
---
7
8 10
26
19 7
9 9
8 9
9 5
6 2 1 4
6 4 2 4
6 2 3 3
6 4 1 3 4
6 1 4 3 1 3
6 2 3 1 3
6 4 2 2 3
6 1 2 1 3
6 2 1 3
6 1 3
6 2 2 3
6 3 2 3
6 3 2 3
6 3 2 3
6 3 1 3
6 2 4
6 4
7 5
8 9
11 4 8
19 6
25
10