# solver=cpp-a0f9b8019
# cpu=AMD EPYC Processor (with IBPB)
# isolated_core=11
# strategy=basic
# n_solutions=1
# solve_time=0.00020
4 4 1 2
1 1 1 1 1
4 1 1 2
1 1 1 1 1
4 4 1 2
0
4 4 1 2
1 1 1 1 1
4 1 1 2
1 1 1 1 1
4 4 1 2
0
1 2 4 4
1 1 2 1
2 2 4
1 1 2 1
1 2 4 4
0
1 2 4 4
1 1 1 1 1 1
3 2 1 1 4
1 1 1 1 1 1
1 2 4 4
0
20
0
4 1 2 4 4
1 1 1 1 1 1 1
1 1 2 1 1 4
1 1 1 1 1 1 1
4 1 2 4 4
---
1
1 1 5
3 1 1 1
1 1 1 1
1 5
1
3 1 3 1 5 5 1 5
1 1 1 1 1 1 1 1 1 1
1 1 1 1 1 1 2 2 2 2 1 2 2
1 3 1 3 1 1 1 1 1 1 1
1
5 5 1 1 5 1 5
1 1 1 1 5 1 1 1 1 1
1 1 1 1 5 1 1 1 1 1
5 5 1 1 5 1 5
1
5 5 3 1 3 1 1 3 1
1 1 1 1 1 1 1 1 1 1 1 1
2 2 2 2 1 1 1 1 1 1 1 1 1 1
1 1 1 1 1 3 1 3 1 1 3