# solver=cpp-86fd3e96b
# cpu=AMD EPYC Processor (with IBPB)
# isolated_core=11
# strategy=basic
# n_solutions=1
# solve_time=0.00040
9
15
2 12
1 2 7 1
9 1 4 4 1
1 1 3 2 1 2
1 1 1 1 3 2
1 1 1 1 4 5
1 1 2 1 1 1 9
1 1 1 1 1 1 7
1 1 1 1 1 1 1 7
1 1 1 1 1 1 1 7
1 1 1 1 1 1 1 7
3 1 2 1 1 1 7
17 1 1 1 1 7
21 1 1 1 1 7
21 1 1 1 7
18 1 1 7
17 1 1 7
1 1 18 1 1 7
18 1 1 7
1 1 3 2 4 1 1 7
4 2 3 2 1 7
5 2 1 2 2 1 7
7 2 2 4 7
6 2 2 3 7
5 5 2 6
3 3 3 4
5
1
---
13 1 1 4
1 4 4
1 9 1 1 4
1 4 4
1 5 5
1 12
1 13
1 2 10
5 7
13
8
7
7
7 3
12
16 2
7 2
6 1 2
6 2
7 2
11
6
4
0
1
1 18
1 1 2
2 1 2
1 1 1 2 1
1 2 1 2
2 2 20
2 1 1 2
3 1 1 3 2
3 1 1 1
4 1 2
5 1 1
6 22
5 21
5 22
3 21
3 20
2 21
1 20
1 1
3