# solver=cpp-400bd85f2
# cpu=AMD EPYC Processor (with IBPB)
# isolated_core=11
# strategy=basic
# n_solutions=1
# solve_time=0.00040
25 1
26 1
8 14 2
7 15 1
6 15 2
6 16 1
5 16 1
5 16 2
5 18 1
5 21 1
4 2 17 1
5 2 17 2
4 2 3 18 1
3 3 21 1
2 4 18 1
1 5 18 1
5 18 1
5 18 1
1 4 18 1
1 4 18 1
6 18 1
2 5 18 1
1 7 18 2
1 8 19 1
1 7 19 1
1 9 19 1
30 1
9 19 1
1 6 20 1
2 21 1
8 21 1
5 21 2
3 22 1
2 22 2
1 22 2
---
16 8 7
15 2 2 2 5
14 6 2 3 3
13 14 2
10 1 16 2
6 17 1
4 5 8 1
3 2 8 1
2 2 1 7
2 1 2 6
2 1 2 2 6
2 2 1 1 7
35
35
35
35
35
35
35
35
35
35
35
35
35
34
1 32
2 30
3 27
4 23
5 12
12 3
10
4
2