# solver=cpp-86fd3e96b
# cpu=AMD EPYC Processor (with IBPB)
# isolated_core=11
# strategy=basic
# n_solutions=1
# solve_time=0.00030
13
2 2
2 1
1 1 1 1 1 1
17
1 1 1 1 1 1
1 1
1 1
2 2
13
1 1
1 1
1 1
1 1
1 1 1
2 1 1 2
1 1 1 1
1 1 1 1
1 2 1 1
2 1 1 2
1 1 1 1
1 1 1 1
1 2 1 1
1 1 1 1
2 1 1 2
1 1 1 1
1 1 1 1
1 2 1 1
1 1 1 1
2 1 1 2
1 1 1 1
1 2 1 1
2 1 1 2
1 2 1
1 1
21
21
21
23
1 1 3
1 1 2
2 10 3 2
2 1 1 3 2
2 7 1 3
3 1 1 1 3
3 1 3 1 1 3 2
3 1 1 1 1 4 2
3 1 5 1 2
3 1 1 3
25
---
6
12
7 9
4 4 1
4 6 4 1
2 1 3 6 3 4 9
2 1 2 5 5 1 4 1 1 1
1 3 7 6 1 4 1 1 3 1
1 1 1 5 4 4 1 1 1 1 1
1 1 1 4 5 4 1 1 1 1 1
1 3 1 1 4 4 1 1 1 1
1 1 1 4 4 1 5 1
1 1 1 4 1 1
1 1 1 4 1 1
1 3 1 15
1 1 1 4 1
1 1 1 4 1
1 3 7 4 2 2 1
2 1 2 5 4 2 2 1
1 5 6 4 2 2 1
3 6 4 1 1
4 5 1 1
13 2
12
6