# solver=cpp-d85c7576
# cpu=AMD EPYC Processor (with IBPB)
# isolated_core=11
# strategy=basic
# n_solutions=1
# solve_time=0.00030
0
4 7 7
1 1 1 1 1
1 1 1 1 1
4 4 4 4
1 1 1
1 1 1
1 4 1 4 4
1 1 1 1 1 1 1
1 1 1 1 1 1 1
4 4 1 7
1
1
4 4 1 7
1 1 1 1 1 1 1
1 1 1 1 1 1 1
1 4 1 4 4
1 1 1
1 1 1
4 4 4 4
1 1 1 1 1
1 1 1 1 1
4 7 7
0
0
---
0
1 7 7 1
1 1 1 1 1 1
1 1 1 1 1 1
4 4 4 4
1 1
1 1
4 4 4 4
1 1 1 1 1 1
1 1 1 1 1 1
1 7 7 1
1 1
1 1
4 10 4
1 1 1 1
1 1 1 1
4 4 4 4
1 1 1 1
1 1 1 1
1 4 1 1 4 1
1 1 1 1 1 1 1 1
1 1 1 1 1 1 1 1
4 4 4 4
0
0