# solver=cpp-1562f45ac
# cpu=AMD EPYC Processor (with IBPB)
# isolated_core=11
# strategy=basic
# n_solutions=1
# solve_time=0.00030
1 1 1 1
4 1 1 7 1 1 7
1 1 1 1 1 1 1 1 1
4 1 1 5 1 3 1 5
1 1 1 1 1 1
5 5 1 7 1 4
1 1 1 1 1
1 7 1 1 7 1 4
1 1 1 1 1 1 1 1
1 1 3 1 1 1 1 3 1 5
1 1 1 1 1 1 1 1 1 1 1 1
3 1 1 3 1 1 1 1 7
1 1 1 1 1 1
6 7 1 1 10
1 1
6 7 1 1 10
1 1 1 1 1 1
3 1 1 3 1 1 1 1 7
1 1 1 1 1 1 1 1 1 1 1 1
1 1 3 1 1 1 1 3 1 5
1 1 1 1 1 1 1 1
1 7 1 1 7 1 4
1 1 1 1 1
5 5 1 7 1 4
1 1 1 1 1 1
4 1 1 5 1 3 1 5
1 1 1 1 1 1 1 1 1
4 1 1 7 1 1 7
1 1 1 1
0
---
1 1 1 1 1 1
1 1 7 1 1 7 1 1
1 1 1 1 1 1 1 1 1 1
3 1 5 1 1 5 1 3
1 1 1 1 1 1
6 1 5 5 1 6
1 1 1 1
6 1 5 5 1 6
1 1 1 1 1 1
3 1 5 1 1 5 1 3
1 1 1 1 1 1 1 1 1 1
1 1 7 1 1 7 1 1
1 1 1 1 1 1
1 11 11 1
1 1
5 15 5
1 1 1 1
4 1 1 11 1 1 4
1 1 1 1 1 1 1 1
4 1 1 5 5 1 1 4
1 1 1 1 1 1
5 5 1 1 5 5
1 1 1 1 1 1
1 7 1 1 1 1 7 1
1 1 1 1 1 1 1 1 1 1
1 1 3 1 1 1 1 1 1 3 1 1
1 1 1 1 1 1 1 1 1 1 1 1 1 1
3 1 1 3 1 1 3 1 1 3
1 1 1 1 1 1
0