# solver=cpp-6b570c1b3
# cpu=AMD EPYC Processor (with IBPB)
# isolated_core=11
# strategy=basic
# n_solutions=1
# solve_time=0.00030
1 1
2 2
2 2
2 2
2 3
1 2 3
2 2 4
8 2 2
9 2 2
5 2 2 2
2 2 2 2 1
1 2 2 2 1
2 2 2
2 2 6
2 2 6
0
8 2 1
9 2 2
3 2 2 2
2 8
2 8
2 4 2 2
2 4 2 2
3 1 2 2
2 1 2 2
2 1 2 2
2 1 2 2
3 1 2 2
2 1 2 2
4 2 2
3 2 2
2 2 1
1 1
0
1 1 1
2 1 1
8
1 1 1
1 1 2
1
---
3 3
3 7
3 3 3
9 3 3
10 2 3
2 2 3
2 2 2 3
2 2 2 2
14 3 2 3
15 3 12
2
2 2 17 2
2 2 16 1
13 2 5
12 2 3 1
3 2 2 5 1
2 2 2 6 5
2 7 1
2 6 3
3 3 2