# solver=cpp-6dc88e3e
# cpu=AMD EPYC Processor (with IBPB)
# isolated_core=11
# strategy=basic
# n_solutions=1
# solve_time=0.00050
1 1 4
1 1 2 2
1 1 2 2
1 1 1 1
7 1 1
1 1 2 1 1
1 1 1 1 1 1
1 1 1 2 2
1 1 1 2 2
1 1 4 4
6 2 3 3 4
7 2 5 5 5
2 2 2 3 3 3 3 2 3
2 2 2 2 2 2 2 2 2
7 2 2 2 2 2 2 2
6 2 2 2 2 2 2 2
2 2 2 2 2 2 2 2 2
2 2 2 3 3 3 3 2 2
7 5 5 5 6
6 5 3 3 5
---
10
10
2 2 2
2 2 2
2 2 2
10
4 3
10
1 10
1 10
1 2
1 2
1 2
10 6
8
1 4 3
1 4 2
1 1 4 3
1 1 8
6
6
2 2 6
2 2 8
1 4 3
1 3 2
2 5 3
2 2 8
6 6
0
10
10
2 2
3 2
9
7