# solver=cpp-1e16a40
# cpu=AMD EPYC Processor (with IBPB)
# strategy=basic
# n_solutions=1
# solve_time=0.00300
# solver=cpp-298d4941
# cpu=AMD EPYC Processor (with IBPB)
# strategy=basic
# n_solutions=1
# solve_time=0.00070
1 7
1 3 3
3 2 2
3 2 1 1 1
3 3 3
3 3 1 3 1 3
3 5 1 1 5
3 7 5 7
1 4 4 9
1 10 1 5 4
1 4 5 6 4
5 6 1 7 3
3 1 7 7 3
4 7 1 7
3 7 6 3
1 8 1 7 3
1 8 1 1 7 2
1 10 9
1 8 5 6 2
1 8 6 2
1 8 6 2
1 8 6 2
1 8 6 2
1 1 3 1 1 1
1 1 1 1 1 2
1 2 1 1 2 4
1 1 1 1 1 6
1 3 2 1 1 1 2 1
1 8 5 1 2 1
1 7 4 7
---
6 3
30
6 4
3 1
5 8
5 10 2
5 11 3
5 12 3
3 15 5
19 2 2
1 17 2
5 16 2
4 1 5 1 2
2 1 2 3
1 1 1 1 1 1 2
1 1 1 1 1 1 1 1 1
1 1 1 1 1 1 2
2 1 2 4
3 1 5 1 2
5 16 2
1 17 2
19 5
21
4 13 3
4 12 1 1
4 1 3 1 5
5 5 6
4 2 5 3 1
3 3 1 2 1
3 4