# solver=cpp-1562f45ac
# cpu=AMD EPYC Processor (with IBPB)
# isolated_core=11
# strategy=basic
# n_solutions=1
# solve_time=0.00030
2 2
4 4
2 1 1 2
1 1 7 1 1
1 2 9 2 1
1 1 12 1 1
2 1 14 1 2
26
24
24
26
26
26
26
6 6 5
5 2 4
5 4 4 4 4
6 4 1 1 4 5
6 3 1 2 3 5
6 2 2 5
6 1 1 5
6 2 2 5
6 8 5
6 2 2 5
10 10
9 6 9
8 1 1 8
9 6 9
9 9
8 8
8 4 7
7 6
5 5
18
1 10 2
5 1 1 4
7 1 1 7
9 2 2 8
1 8 1 1 7 1
1 8 2 2 7 1
---
3
9 2
7 19 3
3 25 5
2 25 5
4 26 5
30 5
8 16
8 3 10 3
9 3 10 2
10 3 2 5 2 1
11 2 4 1 5
12 1 2 1 1 2 3
12 4 1 1 1 1 2 1
14 1 1 1 1 2
14 1 1 1 1 2
12 4 1 1 1 1 2 1
12 2 2 1 1 2 3
10 4 1 5
9 2 2 5 2
9 3 10 1
8 3 10 2
7 3 10 3
11 11 4
4 26 6
2 24 5
3 24 5
7 19 4
9 2
4