# solver=cpp-1e16a40
# cpu=AMD EPYC Processor (with IBPB)
# isolated_core=11
# strategy=basic
# n_solutions=1
# solve_time=0.00070
3 8 4 1 4
1 3 2 2 1 3
2 7 4 3 2 2
2 3 4 1 1 2
3 1 2 2 2 2
3 1 2 5 1 2
3 1 6 1 1 2 1
3 1 3 1 1 2
3 2 1 2 2 1 3 1
3 2 1 2 1 2 4
3 1 1 4 3 2
2 2 1 3 2 7
2 1 4 10 1
1 1 3 5 1 1 1 1
5 2 3 1 2 1
8 4 5 1 2
4 2 2 2 2 2
1 3 1 1 2 1 2
2 2 3 8 1 3
1 2 1 2 1 1 3
1 1 2 1 1 3
1 2 2 2 3 3
1 1 3 10 3
2 1 1 4 3 3
2 1 4 1 2
3 1 2 9 2 2
3 1 1 3 7
3 1 2 4 4
3 6 9 2
2 2 14 1
---
13 3 9
11 1 1 7
1 7 2 1 4
2 4 2
3 5 1 4
11 2 2 5
2 2 2 2 2
1 3 3 3 2
1 1 2 3 1 2 4
1 1 6 2 2 4 1
1 2 2 1 3 2 1 2
1 1 3 3 4 1 1
1 1 1 2 1 6 1 2 1 1
1 2 1 3 4 1 1 2 1
1 1 2 1 2 1 2 1 1 1
1 1 6 1 2 2 2
2 1 5 1 1 1 1 2
1 5 4 1 1 1 2
1 4 1 1 1 1 1 2
3 4 1 4 1 1 2
3 2 1 4 1 1 2
1 2 1 1 2 2 1 1 2
3 4 3 1 2
2 2 3 2 2
3 2 1 8 1 1
2 1 1 3 4 1
1 2 2 1 2 3
2 1 1 2 6 2
3 1 3 14
3 2 3 17