# solver=cpp-86fd3e96b
# cpu=AMD EPYC Processor (with IBPB)
# isolated_core=11
# strategy=contra
# n_solutions=1
# solve_time=0.00080
0
3
6 3
6 3
2 7 3
4 2 4 3
1 3 4 2 3
1 3 7 1
1 3 7
1 2 10 1
1 4 3 1
1 4 1 5 1
1 5 1 9 1
1 2 2 1 6 1
1 2 1 2 1
1 2 1 2 1
1 2 1 2 1
1 2 1 2 1
2 2 1 2 1
3 1 1 2 1
3 1 1 1
3 1 1
3 1 7
10
3
---
15
3 2
1 1 2 1
1 2 2 2
1 1 2 1
1 2 9 2
2 1 9 1
1 2 2 2
1 3 1 2 1
1 3 2 2 2
1 1 2 1 1
2 1 2 2 2
1 1 1 16
2 2 1 2 2
1 2 1 1 2 1
2 3 1 2 1
1 3 1 2 1
2 1 2 1
1 2 10 2
2 1 9 1
1 1 2 1
2 1 2 1
1 1 2 1
1 1 1
16