# solver=cpp-1562f45ac
# cpu=AMD EPYC Processor (with IBPB)
# isolated_core=11
# strategy=basic
# n_solutions=1
# solve_time=0.00030
7 6
9 7
11 8
14 9
12 10
13 10
9 2 11
8 1 1 1 1 5
7 3 1 2 5
7 1 2 1 2 4
3 2 2 1 1 5
3 1 2 6
3 3 1 4
3 1 1 2 1 4
5 4 3 5
5 1 1 3
4 2 2 3
3 2 4 4
1 4 2 2 8
1 1 7 1 4
6 7 1 4
8 7 1 4
3 3 5 3
3 3 2 3 3 3
2 5 1 1 3 4
---
13 2
15 3
17 3
10 4 3 1
10 8 2
11 2 2
11 2 2
8 1 3 1
7 6
6 2 1 1 4
5 1 1 2
4 1 1 2
1 2 3 3
1 4 3 5
2 1 6
3 6
6
3 5
4 4 3
3 1 2
3 1 1 1
5 2 1 1
5 2 1
7 1 2
7 1 7
9 2 1 1 2
15 6 1
22 2
22 2
22 2