# solver=cpp-6dc88e3e
# cpu=AMD EPYC Processor (with IBPB)
# isolated_core=11
# strategy=basic
# n_solutions=1
# solve_time=0.00050
1 1 1 13
1 1 1 2 8
1 1 1 3 7
1 1 1 5 6
1 1 1 6 5
1 1 1 7 4
1 1 1 8 3
1 1 1 8 3
1 1 1 8 3
1 1 1 8 3
1 1 1 8 3
1 1 1 8 3
1 1 1 8 3
1 1 1 8 4
1 1 1 6 4
1 1 1 5 4
1 1 1 4 7
1 1 1 1 2 7
1 1 1 1 1 7
1 1 1 2 1 7
1 1 1 1 2 7
1 1 1 1 3 6
1 1 1 1 4 4
1 1 1 2 5 3
1 1 1 2 1 2 4
1 1 1 3 3 4
5 4
6 4
8 4
1 9 3
2 11 2
2 12 1
2 12 1
2 12 1
2 12 1
2 12 1
2 11 1
2 10 2
2 8 3
2 6 4
---
11
26 10
0
26
0
26 10
11
18 7 12
17 2 3 13
1 16 3 15
1 22 14
1 13 3 14
2 11 17
3 9 5 15
4 8 6 1 10
5 6 7
6 10 5 5 1
30 2
31 3
40