# solver=cpp-400bd85f2
# cpu=AMD EPYC Processor (with IBPB)
# isolated_core=11
# strategy=contra
# n_solutions=1
# solve_time=0.00040
2 3
2 10
3 2
12
1 1
1 1
1 1
1 1
1 2 2 1 1
1 1 1 1 3 2
1 1 1 2 1 1 2 3
1 1 1 1 1 1 12
1 2 2 1 1 2 2
1 1 13
1 1 1 1
1 1 1 1
1 1 1 1
1 1 3 3 3 1
2 2 1 1 1 1 1 1
14 2 3 1 1
1 1 1 1 1 1 1 1
1 1 1 1 1 1
1 1 1
1 1
1 1
1 1
1 1
2 2
15
1 1
---
2
3 3
18
3 1
1 1 5 1
1 1 1 1 1
1 1 3 1
2 1 1
2 1 5 1
2 1 1 1 1 1
1 1 1
1 1 5 1
3 1 1
18
3
2 3
20
3 1 1 1
1 1 2 3 1
1 1 1
1 1 5 1
2 1 1 1 1
2 1 5 1
2 1 1
1 1 1 1
1 1 5 1
1 1 1 1
3 1
17
3