# solver=cpp-b64f6aebe
# cpu=AMD EPYC Processor (with IBPB)
# isolated_core=11
# strategy=basic
# n_solutions=1
# solve_time=0.00030
17
2 1 1
17 1 1
1 1 1 1 1
1 1 1 3
1 1 1 1 1
1 1 1 4
1 13 1 1 1 2
1 1 1 1 1 1 1 1 1 1 3 1
1 13 1 1 1 1 2
1 1 1 2 1 1 1 1 1 2 1 1
1 13 1 1 7
1 1 1 1 1 1 1 4 1 2 1
1 15 4 1 3
3 1 1 1 1 1 1 1 5
13 4 2 3
1 1 8
3 4 1 1
7 2
1 2 1 2 2
7 5
3 4 1 1
4 1 7
8 1
4 3 4
10
3
12
5 1 1
6 1 1
---
13
2 1
3 10
1 1 1 1 1 1 1
1 1 9
1 1 1 1 1 1 1
1 1 3 5
1 1 1 3 1 1
1 1 9
1 1 1 1 1 1 1 1
1 1 9 1
1 1 1 1 1 1 1 1
1 1 9 1
1 1 1 1 1 1 1 1
1 1 10 1 2
1 1 2 1 1 1
1 12 2 1 1 1
1 1 1 3 2 1
12 1 2 4 1 2
2 1 2 2 1 1 1
2 3 3 2 1 1
2 2 1 2 4 1 1 1
2 1 1 1 2 3 10
2 6 2 6 7
2 2 9 10
2 1 1 1 2 2 2 1 1
2 1 2 1 3 1 2 1
2 1 4 3 1 1
2 2 2 1 1 1
1 1 1 1 2 1