# solver=cpp-400bd85f2
# cpu=AMD EPYC Processor (with IBPB)
# isolated_core=11
# strategy=basic
# n_solutions=1
# solve_time=0.00020
10 3 3 4
1 1 2 2 2 2 2 2
1 1 1 2 2 1 2 2
7 1 1 3 1 1 4 1
1 1 1 1 1 2 2 1
1 1 1 3 3 1 1 1 1 1
1 1 1 1 1 1 1 1 1 1 1 1
1 1 1 1 3 1 1 1 1 1 1
2 1 1 1 1 1 1 1 1 1
1 2 1 1 1 1 1 1 1 1
1 1 1 1 1 1 1 2 2 1
1 1 1 1 1 1 1 4 1
1 1 1 1 1 1 2 2
1 1 1 1 1 1 2 2
4 6 6 4
---
4
1 1
1 1
1 1
1 1
1 1 7
1 6 1
1 1
1 6
10
2
12 1
2 1
1 1
2 8 1
2 1 2
2 3
1 1
2 3
2 1 2
2 8 1
1 1
2 1
12 1
2
9
1 1
2 7 2
2 2 2 2
1 1 1 1
1 1 1 1
2 2 2 2
2 7 2
1 1
9