# solver=cpp-6dc88e3e
# cpu=AMD EPYC Processor (with IBPB)
# isolated_core=11
# strategy=basic
# n_solutions=1
# solve_time=0.00040
1 3
1 2 2
1 1 1
8 5 1 2
21 1 2
7 5 1 2
4 4 1 2
5 7 1 2
6 10 1 2
3 4 1 1 1
5 3 1 1 1
7 4 1 5
12 8 1 1
12 7 1 1
13 6 1 1
13 5 1 1
12 4 1 1
11 5 1 1
9 7 1 1
3 12 4 1 1
3 4 1 1
1 12 2 1 1
5 8 1 1
4 8 5
3 8 3
1 7 1 1
7 1 1
6 3
6 1
6 1
---
6 14
6 9 3
6 9 3
6 8 2
3 2 10 2
3 12 1
3 11 1
2 11 1
1 10 1
1 1 7 1 1
1 1 6 1 1
1 3 5 1 1
1 3 2 1 1
1 1 3 1 4
1 2 3 2 6
1 2 4 2 9
3 2 5 2 8
6 9 8
6 9 8
6 18
30
0
0
23
2 1 5
1 1 2 3
2 1 5
23
6
0