# solver=cpp-1562f45ac
# cpu=AMD EPYC Processor (with IBPB)
# isolated_core=11
# strategy=contra
# n_solutions=1
# solve_time=0.00040
0
1 1 1 1 1 3
8 1 1 1 2 1 1
1 1 1 1 4 2
1 1 1 1 1 1 2 1
1 3 3 1 1 3
1
1
1 7
1 2 9
1 2 10
10 11
2 3 3
2 2 2
2 2 2 2
1 1 1 1 1 1 2 2
2 1 1 2
1 1 1 1 1 1 2 2 3
1 1 1 1 1 1 2 3
13 2 3
1 1 1 1
15 2 2
15 4 4
1 2 2 2 2 1 2 4 2
2 1 1 1 2 1 1
1 1 1
2 2 1
19 1
17 1
1
---
1
3
9
1 2 1 2
10 1 3 3 2
1 1 1 3 2
1 1 1 3 2 1 2
1 1 1 3 2
1 1 1 3 3 2
1 1 1 2 1 2
1 1 1 1 1 3 3 2
1 5 1 3 2
2 3 1 3 2 1 2
1 1 1 3 2
5 1 3 3 2
1 2 1 2
5 9
1 3
5 2 1
7 2
5 9 1
2 4 2 2
2 4 1 1 5
5 4 1 1 1
4 1 1
5 4 1 1 5
1 1 1 4 1 2 2
1 1 5 3 1
11 2
9 7