# solver=cpp-1e16a40
# cpu=AMD EPYC Processor (with IBPB)
# strategy=basic
# n_solutions=1
# solve_time=0.00050
# solver=cpp-298d4941
# cpu=AMD EPYC Processor (with IBPB)
# strategy=basic
# n_solutions=1
# solve_time=0.00090
7 9
10 2 2
12 7 1
14 1 1 1
15 7 1 1
4 10 1 1 1 1
3 8 1 1 1 1
1 2 1 1 1 1
4 4 1 1 1 1 1
2 2 2 2 7 1 1
1 2 4 2 2 1 1 1 1
2 3 2 3 1 1 1 1
4 1 4 1 2 2 1 1
1 1 1 5 1 1
1 3 1 1 1 1
1 1 1 1 1
2 3 2 1 1 1
2 2 1 1 1
4 4 1 1 1
3 5 5 3 1 1
1 1 1 1 2 1 2 1 1
1 5 1 1 1 1 1 1
4 4 1 3 1 1
1 1 1 1 1
1 1 1 1 1 1
1 1 1 1 1
1 1 1 1 1
1 1 1 1 1 1 1
1 1 1 1 1 1
1 1 1 1 1 1
---
4 3 4 1
4 2 2 2 1
5 1 1 1 6
5 1 1 1 1 1
4 2 2 1 1
6 3 2 9
6 5 1 3
7 1 1 1 1 1 1 1
7 3 1 1 3
7 2 2 2 2
7 1 1 1 1 1
7 1 1 1 1 1
6 2 2 6 3
6 3 2 1
6 7 1
1
2
10
9
1 1 2
1 1 1 1 4
5 1 7 8
1 1 1 1 1 4
1 1 1 1 2 1
1 1 9
1 1
1 1
1 28
2
30