# solver=cpp-400bd85f2
# cpu=AMD EPYC Processor (with IBPB)
# isolated_core=11
# strategy=basic
# n_solutions=1
# solve_time=0.00020
5 6 4 4 1 1
6 5 4 3 1 1
8 6 4 2 1 1
8 6 4 2 1 1
8 6 3 1 1 1
8 5 2 1 1 1
9 4 3 1 1
11 3 2 1 1
12 3 1 1 1
13 2 1 3
12 1 1 3
10 1 5
15
7 3
7 6 2
2 2 1
2 1 2 4
2 2 1
2 1 2 4
2 1 2 1
1 3 1 4
1 1 1 3 1 1 1 1
1 3 1 9
2 2 2 3 1
3 3 2 1 1 1
4 5 2 1 1 1
5 1 6 2 1 1 1
7 9 2 3 1
19 2 3 1
19 6 1
---
6
4 12
5 3 7
6 2 1 5
7 2 4
8 2 3
8 1 3
8 1 3 2
1 8 1 1 3 1 1 2
1 7 1 3 2
3 6 1 1 3
4 5 2 1 3
5 6 2 4
5 5 2 1 5
5 5 3 7
4 6 12
1 3 6 6
2 3 6 2 5
3 2 6 3 3
4 2 6 1 3
4 2 5 1 1 1
3 2 4 1 3
1 3 2 3 1 8
2 2 5 1 8
4 2 1 1 1
13 8
2 2 3
14 8
6 1
15 9