# solver=cpp-a0f9b8019
# cpu=AMD EPYC Processor (with IBPB)
# isolated_core=11
# strategy=basic
# n_solutions=1
# solve_time=0.00070
12 3 38 1
2 12 17 12 8
5 10 2 4 15 16
17 36 4
2 8 18 7 8
10 1 14 1 5 1 7
8 3 11 3 3 1 3
5 2 2 2 2 2 2 3 1 1
5 2 1 2 2 1 2 1 1 1
3 2 3 2 1 2 3 2 2 2 2
3 3 2 2 3 3 2 2 2 2 1 1 2
2 1 1 1 1 1 1 2 2 13 2 1 2 2 1
2 3 1 1 1 1 2 2 1 1 1 1 1 1 1 1 1 1 2
2 3 1 1 1 1 2 1 2 1 1 1 1 1 1 1 1 1 1 4
1 2 3 1 1 1 2 3 2 1 1 1 1 1 1 2 1 1 2 1 1
1 2 1 8 2 2 2 3 1 1 1 1 1 2 2 2 2 1 1
1 2 1 1 2 2 2 2 6 7 1 1 2 1 1
2 1 1 1 2 3 3 6 2 3 2 2 3 1
2 1 1 1 1 2 11 2 1 2 16 1
3 1 1 1 1 1 5 1 1 1 1 2 1 3 1 1 1 1 1 1 1 1
17 1 1 5 1 1 2 1 1 1 1 1 1 1 1
1 1 3 1 1 1 1 1 1 1 2 1 1 3 1 1 1 1 1 1 3
1 1 1 5 1 1 1 1 1 1 1 2 1 1 1 1 1 1
1 1 1 2 2 1 1 1 1 1 4 1 1 3 1 1 1 1 1 1 1
1 1 1 1 1 1 1 1 1 1 1 5 6 1 1 1 1 1 1 3
1 1 1 1 1 1 1 1 1 1 1 14 1 1 1 1 1 1 2
1 1 1 1 1 1 1 1 5 16 15 1
1 1 1 1 1 1 1 1 20 1 1
1 1 1 1 1 1 1 1 3 18 5 4 1
7 7 3 18 7 6
9 4 18 2 2 2 2
1 3 6 18 2 1 1 2
4 2 9 16 3 2 1 2
7 2 4 4 14 3 5 4 2
2 4 5 1 2 1 12 4 2 4 3 1
4 1 2 2 2 2 6 5 3 2 1
3 4 4 4 2 4 3 4 1
5 4 6 3 5 3 3 1 3
1 2 3 5 4 4 4 1 2 5 1
2 5 10 10 5 3 6 3
---
7 9 13 2 4
14 2 2 3 2 1
1 2 6 13 2 2
9 2 1 2 2 2
9 2 12 3 3
2 5 2 1 2 2 3 1
7 1 2 1 12 4 1
7 5 1 1 1 2 2 4 1
6 2 2 1 1 4 3 3 1
6 2 4 1 1 1 2 3 3
5 2 1 2 1 11 2 3
4 2 8 1 1 1 2 2
3 2 2 3 11 2 1
4 2 7 2 1 1 5 1
4 2 1 1 12 6 1
1 2 2 5 2 5 1 1
2 2 1 1 14 2 1
1 6 3 3 2 2
2 1 11 5 2
3 2 1 1 2 3 3
1 6 2 10 2 7
8 2 2 3 7
2 4 2 12 2
7 2 2 1 2 1 5 3
7 2 2 3 2 7 2 2
7 2 2 1 1 11 2
7 2 2 3 11 3
2 4 2 2 1 14 3
8 2 2 2 11 2 1
8 2 3 12 1
7 2 2 11 1
6 1 3 11 1
5 8 11 2
5 3 3 11 2
4 2 6 1 12 3
4 2 2 1 3 11 2
4 2 8 13 2
4 2 2 1 3 11 2
1 2 2 13 11 3 1
4 2 2 1 3 2 7 2 1
5 2 6 1 1 5 2 1
5 3 2 3 2
6 9 4 2
2 4 1 11 4 2
7 2 1 1 4 3
7 2 9 3 3 1
6 4 2 1 2 4 1
4 3 12 2 4 3
4 3 3 1 1 2 2 1
4 3 2 1 1 2 2 3
4 3 3 1 1 2 2 1 2
1 2 3 12 2 1 1 1
5 4 2 1 2 2 1
6 2 9 5 2
7 2 1 1 3 2 2
3 4 1 11 2 2 2
7 3 2 4 2 2
6 2 9 3 4 5
5 2 2 1 2 5 1 1
6 3 2 8 2 3 4 2