# solver=cpp-1e16a40
# cpu=AMD EPYC Processor (with IBPB)
# strategy=basic
# n_solutions=1
# solve_time=0.00050
# solver=cpp-298d4941
# cpu=AMD EPYC Processor (with IBPB)
# strategy=basic
# n_solutions=1
# solve_time=0.00050
1 1
5 5 1 1 5
2 1 2 2 2 2 1 1
1 1 6 7 5
7 1 1 1 1 2 2
1 1 6 7 1 1
2 1 2 2 2 1 2 2 2
5 5 1 1 5
1
5
1
5 1 3 1 4 5
1 2 1 2 2 2 1 2 2 2
1 1 1 1 2 2 1 2 6
5 1 1 1 1 1 5 1
1 1 1 1 2 2 1 6
1 1 1 1 2 2 4 2 2
1 1 1 1 3 1 1 5
1
0
0
0
50
0
0
1
5 1 3 1 1 1 5 2 2
2 1 2 2 2 2 1 2 2 2 2
1 1 1 2 2 7 6 7
1 1 1 1 1 1 1 1 1 1
1 1 1 2 2 7 6 7
1 1 1 2 2 1 2 2 2 1
1 1 1 1 3 1 1 1 5 1
1
0
---
1
1 6
1 1 2
1 1 1
5 1 9
1 1 1
1 1 2
1 6
1
1
1
3 1 6 1 1 3 1
2 1 2 2 1 2 2
1 1 1 1 1 2 2
9 9 1 1 1
1 1 1 1 1 2 2
2 1 2 2 1 2 2
1 3 6 1 1 3 1
1
1
1 1 1 1 1
5 1 3 1 1 7
3 3 2 2 1 2 1
1 1 1 1 2 2 1 3
1 1 1 1 1 1 1 1 2
1 1 1 1 2 2 1 7
2 2 2 2 1 1 1
1 1 1 3 1 1
1
1
1 1 1 1 1 1 1
7 7 1 5
2 1 1 1 1 1 3 3
3 1 1 1 1 1 1 1 1
1 2 4 1 1 1 1 1
7 2 1 1 1 1 1
1 1 1 2 2
1 1 1
1
1
3 1 1 1
2 2 1 5 1 1 1 1
1 1 1 1 3 3 1 3 1
1 1 1 1 1 1 1 1 1 2 1
1 2 2 1 1 1 1 1 1 5
8 1 1 1 1 1 1 2 1
1 2 2 1 3 1
1 1 1 1 1 1
1
1