# solver=cpp-1e16a40
# cpu=AMD EPYC Processor (with IBPB)
# isolated_core=11
# strategy=basic
# n_solutions=1
# solve_time=0.00030
16
2 2
2 2
2 2
2 2
2 2
2 2
30
2 2
2 2 2 2
2 7 7 2
2 1 1 1 1 2
2 1 3 1 1 3 1 2
2 1 3 1 1 3 1 2
2 1 3 2 1 3 2 2
2 1 3 1 3 2
2 1 3 1 2 1 3 1 2 2
2 1 1 1 1 1 1 2
2 1 3 1 1 1 3 1 1 2
2 1 1 1 1 1 1 2
2 1 3 1 1 1 3 1 1 2
2 1 1 1 1 1 1 2
2 1 2 1 1 2 1 2
2 1 2 1 1 2 1 2
2 1 4 1 2 1 2
2 1 1 1 4 2
2 1 1 1 1 2
30
1 1
30
---
1 3
22 1
23 1
2 1 1 1
2 1 1 1
2 1 18 1
2 1 1 1 1
2 1 1 3 1 1 1 1 1
1 1 2 3 1 1 1 1 1
1 1 2 3 1 1 1 1 1
1 1 1 1 1
1 1 18 1
1 1 2 3 1 1
1 1 2 1 1 1
1 1 9 1 1
1 1 1 1
1 1 18 1
1 1 1 1 1
1 1 1 3 1 1 1 1 1
1 1 2 3 1 1 1 1 1
1 1 2 3 1 1 1 1 1
1 1 1 1 1
2 1 18 1
2 1 2 4 1 1
2 1 2 1 1 1
2 1 10 1 1
2 1 1 1
23 1
22 1
1 3