# solver=cpp-6b570c1b3
# cpu=AMD EPYC Processor (with IBPB)
# isolated_core=11
# strategy=basic
# n_solutions=1
# solve_time=0.00030
4 11
7 7 3
9 7 3
11 7 3
13 7 3
14 7 3
1 10 7 3
5 8 7 3
3 3 6 7 3
2 4 4 7 3
2 3 3 7 3
3 3 7 3
4 7 3
7 3
26 3
7 3
11 7 3
2 1 2 7 3
11 2 7 3
1 3 2 7 3
1 1 2 2 6 2
1 6 1 2 2 5 1
1 1 3 1 2 1 4 1
1 3 1 1 3 3 1 1
1 1 2 1 1 1 2 1
1 6 1 2 2 1 1
1 1 1 2 2
1 1 2 1 3
2 2 2 1 1 1
8 1 4
---
4 1
6 1 12
3 2 1 3 2
1 1 2 1 1 1 1 5 1
1 4 1 1 1 1 1 1 1 1
2 5 1 1 1 1 3 1
3 2 1 1 1 1 2 2 1
5 2 1 1 1 2 1 1
8 1 1 1 5 1
9 1 1 1 2
8 1 13
9 1 1 2
8 1 2 2
9 1 2 2
8 1 2 2
7 1 2 2
6 1 2 1
4 1 3
1
27 1
24 1 2
24 2 1
23 2 1
22 2 1
21 2 1
20 2
1 2 1
20 2 1
21 1
26 2