# solver=cpp-1e16a40
# cpu=AMD EPYC Processor (with IBPB)
# strategy=basic
# n_solutions=1
# solve_time=0.00050
# solver=cpp-298d4941
# cpu=AMD EPYC Processor (with IBPB)
# strategy=basic
# n_solutions=1
# solve_time=0.00050
11
1 1 1
1 1 1
11 1 8
2 11
1 1 2 1 1 1 1
1 1 2 1 4 1 1 1 1 1 1
1 4 1 1 1 1 1 1
1 1 2 1 1 1 1
1
29
1 1 1 1 1 1 1 1 1 1 1 1
1 1 1 1 1 1 1 1 1 1 1 1
1 1
29
1 1
2 23 2
1 1 1 1 1 1
1 1 1 1 1 1
1 1 1 1 1 1
3 3 19 2
1 1 1 1 1 1
1 1 3 1 1
1 1 1 1
1 1 1 1
1 1 1 1
1 1 1 1
1 1 1 1
1 1 1 1
3 3
---
1
13 1
2 1 1 14
1 3 1 1
1 2 1 1 1 14
1 3 1 1 1
1 2 1 1 1 7
1 2 1 1 1 1 1
1 1 1 7
1 2 1 3 1 1 1
1 1 1 1 1
1 2 3 1 1 1
5 2 1 1 1 1
1 1 2 3 1 1 1
1 1 2 1 1 1 1
1 1 1 1 1 1
1 1 2 1 1 1 1
5 3 1 1 1
1 1 2 1 1 1 1
1 1 3 1 1 1
1 1 2 1 1 1 1
1 1 1 1 1 1
5 1 1 1 1
1 3 1 1 1
1 4 1 1 1 1
1 3 1 1 1
1 4 1 1 14
1 3 1 1
1 4 1 1 14
1 7 1