# solver=cpp-d85c7576
# cpu=AMD EPYC Processor (with IBPB)
# isolated_core=11
# strategy=basic
# n_solutions=1
# solve_time=0.00030
30
1 1
1 1
1 1
1 3 2 1
1 1 1 4 1
1 3 2 1 1
1 1 1 1
1 1 5 1
1 1 4 2 1 1 1 2 1
1 1 1 1 2 1 1 1 2 1
1 11 3 1 3 1
1 1 1 3 3 4
1 1 1 1 1 1 1 1 3 1 1
1 1 1 1 1 1 1 3 3 4
1 1 1 1 3 1 1
30
1 2
30
1 2 1
1 1 1 1 1 1 2 1
1 6
25 1
24 1
1 1
1 1
1 1
1 1
1 1
30
---
30
1 1 1 2 1
1 6 1 2 1
1 1 1 1 1 2 1
1 8 2 1 1 2 1
1 1 1 1 1 1 2 1
1 1 1 3 2 1 1 2 1
1 1 1 1 1 1 2 1
1 1 1 2 1 1 1 2 1
1 3 1 1 2 1
1 1 2 1 1 2 1
1 1 1 1 2 1
1 6 1 2 1
1 1 1 1 2 1
1 1 1 2 1
1 1 1 2 1
1 1 1 1 1 2 1
1 2 1 1 1 1 2 1
1 8 1 1 2 1
1 1 1 1 2 1
1 4 1 1 2 1
1 2 1 5 1 2 1
1 13 1 2 1
1 2 1 5 1 1 2 1
1 2 4 1 1 2 1
1 1 1 1 2 1
1 8 4 1
1 2 1 1 1 2 1 1
1 1 1 3 1 1
30