# solver=cpp-6b570c1b3
# cpu=AMD EPYC Processor (with IBPB)
# isolated_core=11
# strategy=basic
# n_solutions=1
# solve_time=0.00040
1 1 1
7 9 7
1 1 1 1 1 1
1 3 1 1 1 1 1 1 1 1
1 1 1 1 2 2 1 1 1 1
1 3 1 1 1 1 1 1 1 1 1
1 1 1 1 1 1 1 1 1 1
1 3 1 1 1 1 1 1 3 1
1 1 1 1 1 1
7 9 7
0
30
16
1 1
1 2 2 1
1 2 2 1 1
1 2 2 1
1 2 2 1
1 8 1
1 2 3 1
1 2 3 1
16 2
2 3
3 2 3 1
1 2 2 3
4 4 4 4
2 2 2 2 2 2 2 2
1 1 1 1 1 1 1 1
3 3 3 3 2
1 1 1 1 1 1 1 1
---
1 1
1 1
9 1 4
1 1 1 1 2
1 3 1 1 1 4
2 1 1 1 1 1 2 1
1 1 3 1 1 2
1 1 11 4
9 2 1 1
2 1 4
2 1 2
9 2 6 1
1 1 2 8 1
1 5 1 2 2 1 1 4
1 1 1 2 1 1 2 4
2 1 1 2 1 1 1
1 1 1 2 2 4 2 4
1 5 1 2 8 4
1 1 2 1 5 1 1
9 2 1 1 1
2 1 2
9 2 1 4
1 1 11 1
1 5 1 1 4
2 1 1 1 2
1 1 1 1 2 2
1 1 1 5
9 1 1 3
1 4
1 1