# solver=cpp-6b570c1b3
# cpu=AMD EPYC Processor (with IBPB)
# isolated_core=11
# strategy=basic
# n_solutions=1
# solve_time=0.00030
5
3 3 3
3 1 2 3
3 2 3
5 2 4
11 3
9 1 4
8 3 2
5 2 3 2 1
1 1 3 3
2
0
2 2
2 2
3 4 4 3
4 13 3
24
22
16
19
7 3 3 5
3 2 1 3
1 3 3 1
1 1 1 3
3 4
6 1 1 6
9 7
11 9
12 10
26
---
2 1 3
4 4 4
5 4 4
5 4 2 4
5 1 3 3 5
7 2 3 5
4 5 6
4 6 6
3 2 15
3 6 5
3 1 6 1 3
3 2 7 2 2
3 7 1 1 1
1 7 1
1 5 1 1
1 7 1 1
1 7 2 2
7 1 3
2 1 6 5
1 2 15
2 3 6 7
2 3 6 7
5 2 3 6
3 2 2 5
5 3 4
3 2 3 3
3 2 3
2 1 3
1 2 1
0