# solver=cpp-86fd3e96b
# cpu=AMD EPYC Processor (with IBPB)
# isolated_core=11
# strategy=basic
# n_solutions=1
# solve_time=0.00030
30
8 8 6
7 3 7 6
6 17
6 1 1 4 4
6 1 2 4 3
5 3 2
4 2 3 2
4 1 4 1 1
1 1 8 2 1
1 8 2 1
2 8 2 1
4 8 2 1 3 2 1
4 8 1 1 1 1 2 1
4 1 5 2 3 1 2 1
4 5 1 1 1 1 2 1
4 6 1 1 1 1 2 1
4 8 1 1
4 8 1
1 1 8 2 3 2 2 1
1 2 4 1 1 1 1 1 1
2 1 4 2 2 2 2 1
4 5 1 1 1 1 1 1
4 7 1 1 1 2 2 1
4 8 1
4 8 1
4 8 1
4 8 1
4 9 2
30
---
30
9 8 9
9 7 8
10 8 8
7 1
6 7 5 6
3 5 4 7
2 2 1 5 4 7
1 1 1 11 8
1 1 1 21
1 1 2 22
1 23
2 25
9 2
7 1
6 5 5 1
5 1 1 1 1 1
4 1
4 4 5 1
4 1 1 1 1 1
1 1 4 2 2 1
1 1 1
1 1 1 5 1
1 1 5 1 1 1 1
4 1 1
4 5 1
5 10 1 1 1 1
6 8 1
8 2
30