# solver=cpp-400bd85f2
# cpu=AMD EPYC Processor (with IBPB)
# isolated_core=11
# strategy=basic
# n_solutions=1
# solve_time=0.00030
4 1 1
3 1 1 2 1 1 1 1 1
3 1 1 1 1 1 1 1 3
2 2 2 1 2 2 2 2 7
2 1 1 1 1 1 1 1 2 2
4 2 3 2
2 2 3 5 1 1 1 1 1 1 1
1 1 1 1 1 1 1 1 1 1 1 7 1
1 1 2 1 1 1 1 1 1 1 1 1 1 1 1 1 1 1 1
1 1 2 5 1 3 1 7 1 1 1 1 1 1
1 1 2 41
1 2 1 2 2 2 2 2 2
1 2 2 2 2 2 2 2
7 2 2 2 2 2 2
1 2 2 2 2 2 2 2
1 1 2 2 2 2 2 2
1 1 2 2 2 2 2 2
1 1 2 2 2 2 2 2
1 1 2 2 2 2 2 2
4 2 2 2 2 2 2
---
19
7 1 1
3 1 4 7
1 3 1 2 1
2 1 3 1
2 2 1
2 2
3
0
1
1
3 4
2 1 11
2 1 11
4 1 2
4
1
1
4
4 1 10
2 1 12
1 2
3 1 3
2 1 1
4
1
10
13
3 1 2
2 4
1 2
3 4
2 1 2
13
10
1
6
2 1
2 4
1 2 1
2 1 13
3 1 1 10
2 1 4
1 2 1
2 4
2 1
6
10
10
1