# solver=cpp-86fd3e96b
# cpu=AMD EPYC Processor (with IBPB)
# isolated_core=11
# strategy=contra
# n_solutions=1
# solve_time=0.00040
3 5
3 4
3 3 1
9 2 3
9 3 1
9 2
3 2
3 2 1
3 3 2
3 3 2
3 4 3
3 7
3 5
3
0
7 1
2 2 3
2 2 1 1
2 1 3 11
1 3 1 1 1 1
2 5 3 3
1 6 1 1
1 8 1 1
1 10 3 3
2 11 1 1 1 1
1 10 11
2 3 6 1 1
11 3
9 1
7
---
0
3 5
3 3 3
3 2 2
14 2 2
14 2 6
14 1 7
3 1 7
3 1 4 3
3 1 1 8
1 9
2 10
13
11
5 9
9 5
4 4
3 4
2 3
2 2 2 2
1 2 1 1 1 1
1 3 1 4 1
1 3 3 3
3 3 3 3
1 2 2 1 1 2
3 3
3 3
1 4 1
1 1 1 1
2 2