# solver=cpp-400bd85f2
# cpu=AMD EPYC Processor (with IBPB)
# isolated_core=11
# strategy=basic
# n_solutions=1
# solve_time=0.00040
1
4 1 1
4 2 1 2 2 1 1
1 5 1 1 1 1 1 1 1
1 5 1 5 5
1 1 2 1
1 1 4 4
4 1 2 3 2
6 1 1 1 1
7 3 1 1 1
7 2 1 1 1 1
7 3 1 1 2 2
7 3 1 1 2 2
6 3 1 1 2 2
8 1 1 2 2
8 5 1 3
6 5 1 1
6 5 1
6 5 1
6 5 1 3 3 3
6 5 1 1 1 1 1 1 1
6 5 1 3 2 1 1
6 5 1 1 1 1 1 1 1
6 5 1 3 3 3
6 5 1
6 5 1 3 3
6 5 1 1 1 1
6 5 1 1 3
6 6 1
6 6 1 3 3 3
6 7 1 1 1 1 1 1
6 7 1 3 1 3
6 2 5 1 1 1 1 1
3 3 2 3 3 3 3
3 1
---
0
7
26
28
5 28
2 26 1
2 27
2 5 20
2 1
0
3 17 1
2 4 19
2 5 18
5 1 17
3 24
3 5
1 4
2
35
0
5 5
3 5 1 1 1 1 1 1
1 1 2 2 5 5
1 2 1 2 1
1 1 1 2 1 1 3 1 1
3 2 2 1
2 2 1 1 1 1
2 2 1 1 1 3 1 1 1
2 1 2 5 1 1 2 2
1 1 1 2 3
2 2 2 5 3 1
1 1 5 1 1 1 1 1
2 5 1 3
0
0