# solver=cpp-b64f6aebe
# cpu=AMD EPYC Processor (with IBPB)
# isolated_core=11
# strategy=basic
# n_solutions=1
# solve_time=0.00030
2 1 1
2 2 2 3 1
3 1 1 6 1
3 1 5 3 1
3 1 1 3 3 1
3 1 1 8 1
2 1 1 7 1
2 1 2 6 1
2 4 6 1
2 1 1 6 1
2 2 8 1
2 1 10 2 1
2 1 10 1 5
1 1 5 3 4 1
1 12 4 1
12 3 1
7 9 1
6 2 9 1
10 1 6
10 1 2
10 7 1 1
9 9 2
12 1 1 3
7 1 1 3
8 2 2 2
---
24
12 10
1 4 12
2 5 11
8 1 11
2 13
2 5 7
5 5 6 1
3 7 6
1 3 9 3 1
1 11 4 1
17 1
2 10 2 1
3 10 2 5
7 3 2 2 1
6 2 3 2
3 2 4 3
5 2
4 2 2 1
4 7
3 2 1
1 1 2
3 1 1 3
11 5 3
3