# solver=cpp-6dc88e3e
# cpu=AMD EPYC Processor (with IBPB)
# isolated_core=11
# strategy=basic
# n_solutions=1
# solve_time=0.00030
1 1 1 1 1 2 1
2 3 3 1 2 1 3
1 1 1 1 1 1 3 2
1 1 2 1 1 2 1 3
3 3 3 1 2 1 3 2
1 1 2 2 1 2 3 1 2
1 1 1 1 1 1 1 4 4
2 3 3 1 1 1 2 10
1 1 1 1 1 2 1 11
1 2 1 2 11
1 1 1 1 5 5
3 13 2 5 2
5 4 1 5 6
11 1 4 3 3
11 1 1 1 2 1
11 2 1 4 2
6 3 7 5 2
4 1 4 7 3
4 1 7 9 4
3 1 6 9 2 1
2 1 5 1 9 1 2
3 2 4 3 9 1 2
2 1 5 13 1
2 15 1 8 1
7 1 1 2 7 1
---
3 3 7 1
1 1 9 3
1 12
3 11
1 5
1 1 9
3 3 3 3
1 1 4 2
1 5 2
3 6 2
1 8 3
1 1 1 9
3 3 5 8
1 1 1 1 8
1 1 1 6
3 1 1 3 1
12 1 2 1 2
1 1 2 1
1 1 2 1 1
1 1 3 1
13 1 7
1 1 1 2 1 6
1 1 1 3 6 1
14 9
12
2 9
3 11
3 6 5
3 4 4
2 5 3
2 9 3 3
25
1 10 4 3
3 4 3 1
2 1 3 2
2 5 4
7
7
6
4