# solver=cpp-b64f6aebe
# cpu=AMD EPYC Processor (with IBPB)
# isolated_core=11
# strategy=basic
# n_solutions=1
# solve_time=0.00040
12
2 3 2
2 1 1 1 1
2 6 3 2
6 7 7
3 9 5 1
1 3 8 6 2
2 7 1 1 5 1 4 1
1 1 3 2 2 2 3 4 3
3 1 4 9 2 2
1 5 1 1 2 1 2
1 4 2 6 1
1 2 1 2 2 8 1
1 3 2 3 2 9 1
4 3 2 6 3 3
1 3 3 2 1
3 3
7
11
3 2 5
---
6
3 1
2 1 1
1 2 2
1 1
1 2 1
1 3 1
1 2 2
1 1 1
1 2 2 1
1 5 1 1
2 6 2 2
2 5 2
2 2 2 2 1
1 1 1 2 2 1
1 1 3 2 1 1 1
2 6 5
2 4 3 1 4
2 5 1 2 3
1 5 1 1 1 2
1 9 2 3
1 9 2 3
1 2 5 1 2 1 1
1 1 1 1 1 1
1 6 3 1 1
1 4 1 3 2
2 4 1 5
1 5 4
8 4
2 2 1 3
1 1 2 1
2 1 1
4 2
3 1
6