# solver=cpp-6dc88e3e
# cpu=AMD EPYC Processor (with IBPB)
# isolated_core=11
# strategy=basic
# n_solutions=1
# solve_time=0.00040
11
1
13 1
1 1 1 2
1 1 1 6
1 1 3 6
1 1 1 1 1
1 1 11
1 1 1
1 6 1 11
4 5 3
1 1 1 2 7
1 2 3 1 1 1 1
5 18
1 1 1 1
5 18
1 1 1 1 1 1
1 1 8 1 3 1
1 1 2 1 1
1 1 2 9
1 1 8 1 1 1
1 1 1 1 1 1 1 3 1
1 1 8 7 1
1 1 2 1 10
1 1 2 1 2 1
1 1 4 1 2 3 1
1 1 6 1 2 1
1 1 2 1 2 1 10
5 2 2 1 2 1
1 1 1 6
---
16
2 1 1
9 1 14
1 1 2 1 2
1 8 3 2
1 2 1 1 1 2
1 1 1 1 1 2 2
1 1 4 7
1 1 4 5
1 1 1 1 1 2
1 2 1 1 1 2
1 8 3 2
1 1 2 1 2
1 1 2 1
9 1 1 8
1 1 1 1
4 1 2 1
1 1 1 1 1 1
4 1 2 1
10 1 1 1 8
1 1 1 1 1 14
1 1 1 1 3 1 1 1 1
1 1 1 1 1 1 1 1 1
1 2 1 1 1 1 1 1 1 1 1 1 1
1 4 1 1 1 1 1 1 1 1 1 1
1 3 1 1 1 1 1 1 1 1 1 1 1
1 3 1 1 1 1 1 1 1 1
1 4 1 3 1 1 1 1
1 2 1 1 16
1 1 1