# solver=cpp-a0f9b8019
# cpu=AMD EPYC Processor (with IBPB)
# isolated_core=11
# strategy=basic
# n_solutions=1
# solve_time=0.00030
9
8 6
11 6
13 6
14 9
15 10
16 11
16 11
17 12
16 13
16 15
16 16
15 17
16 18
16 18
17 17
17 17
35
6 5
6 3 4
7 3 4
7 3 4
6 4
7 6
8 7
8 7
10 9
1 23 1
2 2
5 5
25
23
19
15
9
---
9
15
19
23
22 2
23 2
15 8 3
15 5 3
16 4 4
16 3 3
17 2 4
17 2 4
17 1 4
18 1 5
18 1 5
18 1 5
12 3 1 5
10 3 1 1 5
1 7 7 1 5
2 8 1 5
3 9 1 5
18 1 5
17 1 4
17 1 4
17 2 4
16 2 3
15 3 4
14 3 4 3
14 3 5 3
14 3 4 2
14 5 2
23
19
15
9