# solver=cpp-b64f6aebe
# cpu=AMD EPYC Processor (with IBPB)
# isolated_core=11
# strategy=basic
# n_solutions=1
# solve_time=0.00040
23
1 1
23
1 1 1 1
1 1 1 1 1 1
1 1 1 1 1 1
1 1 1 1 1 1
1 1 1 1 1 1
1 2 2 1 1 1
1 3 1 1 1 1
1 1 1 1 1 1 1
1 2 1 2 3 1 1
4 1 1 1 2 1 3 3
1 2 1 1 1 2 1 2 1 1 2
1 3 1 3 2 4 1 1 4
2 2 2 2 2 6 1 1 6
2 3 1 2 8 1 1 8
3 2 2 2 10 1 10
2 1 2 2 11 11
2 1 1 2 10 1 10
3 3 11 11
7 10 1 10
11 11
9 1 9
8 9
---
16
1 1 1 2
1 1 1 2
1 1 2 1
1 1 2 2
1 1 2 2
1 1 6 2
1 1 4 2 1
1 8 7
1 1 7 1
1 1 1
1 1 1
1 1 1
1 1 1
1 7 4
1 1 4 2 1
1 1 7 2
1 1 2 2
1 1 2 2
1 1 2 2
1 1 2 2
1 1 1 2
15 6
8
9
11
13
21
1 11
1 10
1 9
1 8
1 1 1 1 1
1 1 1 1
1 1 1 1 1
1 8
1 9
1 10
1 11
21
13
11
10
8
6