# solver=cpp-400bd85f2
# cpu=AMD EPYC Processor (with IBPB)
# isolated_core=11
# strategy=basic
# n_solutions=1
# solve_time=0.00030
30
30
30
30
30
30
30
10 16
10 7 6
10 2 5
11 5
11 5
12 5
11 4
3 5 4
3 3 5 5
3 2 6 8
3 2 3 9
3 1 4 9
4 9
5 8
5 3 4
5 3 4
5 2 5
5 2 5
5 5 6
6 7 7
6 16
7 17
8 2 9
8 14
9 12
11 10
12 9
14 9
16 10
30
30
30
30
---
40
40
40
14 21
14 20
15 14
18 12
19 11
16 9
15 8
7 4 8
7 1 7
7 1 6
7 2 2 6
8 2 1 3 5
8 2 1 3 5
9 4 3 1 4
9 3 3 1 4
9 2 4 2 4
9 4 2 4
10 4 3 5
10 3 15
9 10 13
8 9 14
9 7 15
13 6 17
40
40
40
40