# solver=cpp-6dc88e3e
# cpu=AMD EPYC Processor (with IBPB)
# isolated_core=11
# strategy=basic
# n_solutions=1
# solve_time=0.00040
35
1 1 1
1 3 1 5 1 1
1 4 2 1 2 2 3 1
1 6 2 1 2 1 2 6
1 4 3 1 1 1 1 1 1 2
1 3 2 1 1 1 3 1 1 1
1 2 2 1 1 1 1 1
1 6 2 1 2 1 2 1 1
1 8 2 1 3 3 1 1
1 12 1 9 1 1
1 11 1 2 2 1 1
1 2 7 12 1 1
1 2 6 12 1 1
1 2 6 1 1 1 1
1 2 6 1 7 1 1 1
1 2 6 1 3 3 1 1 1
18 7 1 1 1
1 1 3 3 1 1 1
1 1 1 1 1 1 1 1 1
1 1 1 1 1 1 1 1 1
1 1 1 1 1 1 1 1 1
1 3 1 1 1 1 1 1 1 1
1 14 1 1 1 1 1 1 1 1
1 2 6 2 1 1 1 1 1 1 1 1 1
1 4 1 2 1 1 1 1 1 1 1 1
1 2 1 1 1 1 1 1 1 1
1 1 1 1 1 1 1
1 1 1 1 1 1 1 1
1 1 1 1 1 1 1
1 1 1 1 1 1 1
1 1 7 1 1 1
1 1 2 2 1 1 1
1 1 7 1 1
35
---
35
1 1 1
1 1 3 1
1 8 5 1
1 9 2 2 1
1 1 4 1 4 1
1 1 10 2 1
1 3 10 3 1
1 16 2 1
1 16 3 1
1 5 10 3 1
1 9 1 1
1 1 3 1 3 1
1 9 1 2 1
1 8 1 1 1
1 1 2 1
1 1 1
35
1 2 1
1 10 20
1 2 6 4 4
1 2 1 2 2 10 1 1 2
1 1 1 2 1 1 1 2
1 1 3 1 1 2 12 1 1 2
1 1 1 1 2 4 4
1 2 1 2 2 20
1 2 6 1
1 31
1 2 1
1 2 1
1 2 1
1 31 1
1 2 1
1 2 1
35