# solver=cpp-6dc88e3e
# cpu=AMD EPYC Processor (with IBPB)
# isolated_core=11
# strategy=basic
# n_solutions=1
# solve_time=0.00040
16
5 2
2 3 2
1 4 2
1 2 12
1 1 1 1 1
1 1 1 3 1
4 1 1 2 1
1 3 1 1
1 3 11
1 6 2
2 3 1 2
4 3 3 3
5 4 2 2 2 4
1 5 2 2 3 2
1 3 4 2 1 1 2 1
5 1 1 1 2 2 1 2
3 3 1 1 1 1 1 1
1 2 2 3 2
1 4 4 4 2
---
5
12 2
2 1 7
2 1 6
2 2 4
2 1 1
3 6 2
1 3 1 1 3
1 2 2 3
1 1 1 2 3
1 2 1 2 2
1 7 1 1
1 1 3 1 2 1
1 1 5 1 1
1 1 1 2 1 1
1 1 1 1 2 2 1
1 1 2 1 1 1
1 1 1 1 3 1
2 3 1 2 2 1
2 1 1 2 1
3 1 2 1
8 2 1
2 2 2 1
2 3 1
1 1 1
2 2 1
1 1 1
1 1 1
2 2 1
3 1