# solver=cpp-1562f45ac
# cpu=AMD EPYC Processor (with IBPB)
# isolated_core=11
# strategy=basic
# n_solutions=1
# solve_time=0.00030
0
5 4
2 4 2
2 2 2
2 2 2
1 4 1
1 8 1
2 10 2
16
16
3 11
3 10
3 1 6
2 2 4
2 3
1 3 3 2
1 2 3 3 2 1
2 2 2 2
2 3 3 2
2 3 3 2
2 2
2 3
2 3
2 3
3 1 1 3
3 2 2 3
2 8 3
2 8 3
2 2 2 3
2 1 4 1 3
2 3
3 2 4
6 7
5 6
6 7
20
20
20
20
20
---
6 5
4 29
2 8 17
2 5 1 1 2 9
2 3 2 1 8
1 3 1 2 2 8
1 4 2 1 3 1 6
1 5 3 4 5
2 6 2 3 1 5
10 2 1 5
11 2 1 5
2 7 1 2 3 1 1 5
1 6 1 3 4 2 6
1 7 2 1 3 8
1 6 1 2 2 8
1 6 2 1 9
2 7 1 1 17
2 9 19
4 29
6 5