# solver=cpp-a0f9b8019
# cpu=AMD EPYC Processor (with IBPB)
# isolated_core=11
# strategy=basic
# n_solutions=1
# solve_time=0.00030
60
2 3 37 1 2
3 3 41 1 4
3 1 1 1 1 1 2 1 1 1 4
3 1 2 2 1 4 1 2 1 2 2 1 1 1 1 1 4
3 2 3 1 1 1 2 1 2 5 3 4
3 1 1 2 2 1 1 1 2 1 2 2 3 3 1 4
3 1 1 1 1 1 1 1 1 2 2 1 4
3 3 6 5 19 7 1 4
2 3 5 5 19 11 3
2 51 3
1 53 2
1 55 2
60
60
---
15
11 2
1 7 3
1 4
1 5
3 9
5 7
3 9
1 5
1 5
1 7 5
1 1 3 7
3 7
3 7
3 1 1 7
3 3 7
3 1 5
15
3 7
3 7
3 3 7
3 1 7
3 1 5
15
3 7
3 7
3 2 8
3 7
3 7
15
3 3 7
3 7
3 7
3 3 7
3 7
4 7
15
3 3 7
3 7
3 7
3 1 1 7
3 3 7
3 1 5
15
3 10
3 3 7
3 7
3 7
3 3 7
1 1 10
1 6 6
1 6
1 6
5 9
1 5
1 4
1 7 3
1 9 2
15
15