# solver=cpp-400bd85f2
# cpu=AMD EPYC Processor (with IBPB)
# isolated_core=11
# strategy=basic
# n_solutions=1
# solve_time=0.00040
3 8 3
2 3 3 2
2 3 2 3 2
2 2 2 2
1 2 14 2 2
6 1 1 6
1 1 1 1 1 1
1 1 1 9 1 1 1
1 3 1 1 1 1 1 3 1
1 1 1 1 1 1 1 1 1 1 1
3 1 1 1 1 1 1 1 1 1 3
1 1 1 1 1 3 1 1 1 1 1
1 1 1 1 1 1 1 1 3 1
1 3 1 1 1 1 1 2 1
1 2 14 1 1
1 1 1 1 1 1
1 1 2 4 2 1 1
1 1 1 2 2 1 1 1
1 1 2 1 1 2 1 1
1 1 1 2 1 1 1 1 1
1 3 1 1 2 3 1
1 2 1 1 2 1
1 1 4 3 1 1
1 1 13 1 1
3 22 3
4 13 4
2 1 1 1 1 2
1 1 1 1 1 1
1 1
1 1
---
1 1 1 2
1 1 3
21
3 1
2 21
2 2 1 2 2 1
2 2 6 3 1
1 2 3 1
1 1 13 7
2 1 1 4
1 1 8 6
2 1 1 1 4
1 1 1 1 9
1 1 1 1 1 2 1 3
1 1 1 8 1 1 3
1 1 1 1 1 1 1 1 3
1 1 1 1 2 1 3
1 1 1 1 9
2 1 8 6
1 1 1 4
2 1 1 7
1 1 13 1
1 2 3 1
2 2 5 3 1
2 2 1 2 2 1
2 21
3 1
22
1 1 3
1 1 1 2