# solver=cpp-86fd3e96b
# cpu=AMD EPYC Processor (with IBPB)
# isolated_core=11
# strategy=basic
# n_solutions=1
# solve_time=0.00030
7 1
7
7 1
6
5 1
1
1 1
0
0
2 2 2 2
5 7 4 6 4
0
0
0
30
0
6
2 2
1 1
2 2
1 1
10
1 1
1 1
1 1 5 3
1 1 1 2 2 1
1 1 1 6 1 1
1 1 1 1 1
1 1 1 8 1
10 5 3
---
5 1 1
5 1 1 1
5 1 1
5 1 1 1
5 2 1 11
4 1 1 1 3 1 1
3 1 1 2 1 1
1 1 1 1 1 1
1 1 1 1 1 1 1
1 1 1 1 1
1 1 1 1 1
1 1 2 1 1
2 1 3 1 1
1 1 11
1 1
1 1 6
1 1 1 1
2 1 1 1
1 1 1 1
1 1 2 2
1 1 2 1
1 1 1 1
1 1 1 1
1 1 1 1
2 1 1 1
1 1 2 1
1 1 2 2
1 1 1 2 1
1 1 1 1
1 1 4