# solver=cpp-298d4941
# cpu=AMD EPYC Processor (with IBPB)
# strategy=contra
# n_solutions=1
# solve_time=0.00100
14
18
21
13 9
14 10
14 11
15 10
10 9
6 4
4 3
3 3 2 3
3 3 3 3
2 2 1 1 4
1 1 1 1 2
3 3 4 1 1 4 1
2 4 8 7 4
1 2 3 3 3 2 1 1
1 2 2 2 5 7 2 1
2 2 3 2 1 2 1 1
1 2 2 4 3 3 2
2 1 6 1 1 5 1
2 2 1 1 2
2 2 1 1 3
2 2 4 3 3
3 2 2 2 1 3
4 1 4 1 4
5 2 1 4
6 1 2 5
6 1 9 1 5
7 1 11 1 6
7 1 1 6 1 1 6
7 2 1 5 1 1 6
8 1 2 3 2 8
9 2 2 2 8
10 2 2 8
11 5 8
13 8 1
1 13 9 1
2 14 10 2
3 27 3
---
4 8 3
2 3 11 2
1 1 2 13 1
4 2 2 18
7 1 2 18
13 3 16
7 4 2 11
7 3 2 2 8
7 2 1 2 7
7 1 3 3 6
7 2 2 2 6 5
8 1 2 1 3 5
8 1 3 1 1 4
8 2 1 1 4
7 2 1 5 4 3
7 7 1 2 2 2
7 6 1 3 2 2
7 2 2 2 4 2 1
7 4 2 5 1 1
3 1 5 1 1
6 4 1 5 1 1
7 2 2 4 2 1
7 4 2 2 2 2 2
8 6 1 2 2 2
8 2 1 5 4 3
7 1 2 1 1 4
7 2 3 1 6
6 1 3 1 13
6 2 4 5 8
5 2 1 2 11
15 18
6 1 1 2 15
3 1 3 14 1
5 11 2
7 4