# solver=cpp-1e16a40
# cpu=AMD EPYC Processor (with IBPB)
# isolated_core=11
# strategy=basic
# n_solutions=1
# solve_time=0.00050
6
2 8
3 3 1 2
3 2 1 3
1 2 2 3
1 2
2 21
12 1
2 4
10 2
3 4 2
2 2
2 1
2 6 1
2 2 3 1 1
1 6 3 1 1 4 1 1
1 1 2 12 9
2 1 1 2 1 1 1
5 2 11 9
1 4 2 1 4 1 1
1 9 1
2 11 2
2 10 5
16
15
17
31
12 10
9 9
8 19
24
7 7
7 7
7 7
7 7
---
1 4 1 1
2 1 2 2 1 1
3 1 2 4 8
3 1 2 1 1 2 8
1 2 2 1 2 9
1 1 7 1 10
1 2 1 1 1 12
1 1 1 1 1 12
1 1 1 2 2 12
7 1 1 3 9
4 2 1 2 8 1
3 4 2 8 1
2 1 3 13 1
2 1 2 12 1
2 1 2 1 1 8 1
2 6 1 1 9 1
6 1 1 1 11
1 1 1 1 15
1 2 3 17
1 2 1 1 2 12
1 2 1 1 2 11
1 6 1 1 10
1 4 1 9
1 2 1 1 9
1 1 1 2 1 1
1 1 3 1 1
3 1 4 1 1
3 1 1 1 1 1
2 1 1 1 1 1
1 1 1 1 1
1 1 1 1 1
1 1 1 1 1
1 2 2 1 1
1 1 1 1 1
1 5 1 1