# solver=cpp-d85c7576
# cpu=AMD EPYC Processor (with IBPB)
# isolated_core=11
# strategy=basic
# n_solutions=1
# solve_time=0.00030
11 10
3 4 3 3
3 3 2 3
1 1 1 1
1 2 2 1
4 1 1 3
6 5
9 8
7 6
6 3 3 5
2 3 5 5 1 1
1 3 5 5 3 1
2 3 4 4 2 1
2 3 2 3 1
1 3 4 2 1
9 4 8
9 8
7 1 1 6
5 1 2 2 1 4
4 1 3 1 3 1 3
1 1 8 1 1
1 3 1 1 2 1
3 4 3 3
3 6 5 3
25
---
25
3 6 2 5 3
3 5 5 3
1 9 5 1
1 13 1
3 14 4
5 2 11
3 1 3 2 4
2 1 4 5 3
1 4 3 2
1 4 2 2
2 2 2 1
3 2 1
3 1 1
2 2 2 1
1 4 2 2
1 4 3 2
2 1 4 5 3
3 1 3 2 4
5 2 11
1 14 1
1 4 3 4 1
3 5 1 1 5 3
3 5 5 3
25