# solver=cpp-d85c7576
# cpu=AMD EPYC Processor (with IBPB)
# isolated_core=11
# strategy=basic
# n_solutions=1
# solve_time=0.00030
35
1 1 1 1 1 1 1
1 1 1 1 1 1 1
1 1 8 1 1 10 1
1 1 1 1 9 1 1
1 1 8 1 1 9 2 1
1 1 1 1 1 1 9 3 1
1 1 8 1 1 1 4 1
1 1 1 1 1 6 4 1
1 1 8 1 1 1 1 1 4 1
1 1 1 1 1 1 1 1 2 1 4 1
1 1 1 1 1 1 1 1 1 2 1 4 1
1 1 1 3 1 1 1 1 1 1 4 1
1 1 1 1 1 1 1 1 6 3 1
1 1 1 1 1 1 1 1 2 1
1 3 1 3 1 10 1
1 1 1
35
1 1 1
16 1 1
1 1 1 1 1 1 1 1 1 1
1 1 1 1 1 1 1 1 1 1
1 1 1 1 1 1 4 1 1 1
1 1 1 1 1 1 1 2 1 2 1
1 1 1 1 1 1 2 1 1 2 3 1
1 1 1 1 1 1 2 1 5 4 1
1 1 1 1 1 1 2 1 16 1
1 1 1 1 1 1 1 1 13 2 1
13 2 5 1 1 2 1 1
1 1 1 1 1 1 1 2 1 2 1 1 3 1
1 1 1 1 1 1 4 1 3 2 1
16 1 1 1
1 1 1
1 1 1
35
---
35
1 1 1 1 1 1
1 1 13 1
16 1 1 1 1 1
1 1 1 13 1
4 3 7 1 1 1 1 1
1 1 1 1 1 1 13 1
1 1 1 1 1 1 1 1 1 1 1
1 1 1 1 1 5 1 13 1
1 1 1 1 1 1 1 1 1 1 1
1 1 1 1 1 1 13 1
1 1 1 1 1 1 1 1 1 1
4 3 7 1 13 1
1 1 1 1 1 3 2 1
16 1 1 2 4 1
1 1 13 1
1 1 1
35
1 1 4 1
1 1 6 1
1 10 1 6 1
1 2 1 1 4 1
1 3 6 1 1 2 1
1 4 1 1 1 1 4 1
1 4 1 2 1 1 1 2 1 1
1 4 1 2 1 1 1 2 1 1
1 4 1 1 1 1 2 1 1
1 4 6 1 1 4 1
1 4 1 1 2 1
1 3 9 1 4 1
1 2 9 1 3 2 1
1 1 9 1 5 2 1
1 10 1 10 1
1 1 1
35