# solver=cpp-b64f6aebe
# cpu=AMD EPYC Processor (with IBPB)
# isolated_core=11
# strategy=basic
# n_solutions=1
# solve_time=0.00040
1
1 1 1 1
1 4 1 1 1 1
1 1 1 1 1 2 1 1 1
1 1 2 1 1 2 2 1 2
1 1 2 2 2 2 2 2
2 2 2 2 2
2 1 2
0
3 3 3 1 1 2 1 3 3
1 1 1 1 2 1 1 1 1 1 1 1 1
3 1 3 4 1 1 2 3 3
1 1 1 1 1 2 1 1 1 1 1 1
3 1 1 1 1 1 2 3 3
0
35
0
6
1 1
8 4
10 1 2
10 4 2
2 1 1 1 1 1 2 1
1 1 1 1 1 2 1 1
12 2 1
12 2 2
31 2
2
32
12
12
12
12
1 1
8
---
1 1 1
2 3 1 1 1 1
5 1 1 1 1 1 1
1 3 1 1 1
1 1 1 1
1 1 1 1
2 5 1 1 1
5 1 1 5 5
1 3 3 6
5 1 3 4 5 1
2 1 1 1 6 3 5 1
5 5 1 1 3 4 5 1
1 1 4 3 5 1
5 1 1 3 4 5 1
2 2 1 1 4 3 5 1
5 2 1 5 4 5 1
1 5 1 4 3 5 1
1 2 1 2 4 6
5 5 1 5 5
1 1 1 1 1
3 1 1 1
2 1 1 1
5 1 1 1 1
1 1 1 1
1 1 1
2 2 1 1 1
5 1 1 1
5 1 1 1
1 1 1 1 2 1 1
2 5 1 1 1 1 1
5 1 1 1 2 1
5 1 1 2 2 2
2 1 1 1 1 2 3 2
5 5 1 2 2
1 5