# solver=cpp-1e16a40
# cpu=AMD EPYC Processor (with IBPB)
# strategy=basic
# n_solutions=1
# solve_time=0.00050
# solver=cpp-298d4941
# cpu=AMD EPYC Processor (with IBPB)
# strategy=basic
# n_solutions=1
# solve_time=0.00050
3 3 3 1
1 1 1 1 6 1 1
1 1 1 1 3 1 1 1 1 2 1
1 1 1 1 3 1 2 2 1 2
1 1 1 1 3 2 1 2 2 1
1 3 1 4 2 2 2
1 1 2 2 2 2
1 3 1 2 1
1 1 1 1 1 1
1 1 1 1 1 1 1
1 1 1 1 1 1 1 3
1 1 1 1 1 8 4
1 1 1 1 1 1 2 5
3 3 8 4 1 4
1 1 1 1 1 1
7 1 1 1 8
1 1 1 2 1 2 1
3 3 1 1 1 2 1
1 1 1 1 2 1 2 1
1 1 1 2 1 1 2 1
1 1 1 3 2 1 2 1
1 1 1 1 1 1 1 2 1
1 1 1 1 2 1 1 2 1
1 1 1 1 1 1 1 8
1 1 1 1 1 1 9
1 1 1 1 3 1 1
1 1 1 1 1 2 10
3 3 3 4 1 1
1 1 1 2 3
7 4
---
14 3 3
1 1 1 1 1 1
6 7 1 11 1
1 1 1 1
6 7 1 11 1
1 1 1 1 1 1
14 3 3
0
7
2 2 17
5 3 1 1 1
5 1 1 12
3 1 1 1 2 2
2 3 6 3
5 6 1 3 6
1 1 1 3 1 1
1 2 2 8
5 4 2
1 1 1
2 1 3
2 1 14 1
5 1 1 3
14 1
1 1 10 1
2 1 1 2 1
5 1 1 2 1
1 4 2 1
2 1 1 2 1
5 1 1 4
1 11