# solver=cpp-b64f6aebe
# cpu=AMD EPYC Processor (with IBPB)
# isolated_core=11
# strategy=contra
# n_solutions=1
# solve_time=0.00080
11 18 3
10 16 4
9 14 4
8 12 4 1
7 10 4 2
6 8 4 3
5 6 4 4
4 5 4 5
3 4 3 6
2 2 7
1 10
12
11
2 10
2 9
4 2 8
6 2 7
3 2 5 6
5 1 1 3 5
2 3 4 2 4
2 2 5 2 3
3 2 9 2
3 2 7 1
3 2 1 3
5 1 3
5 2 3
7 3
1 7 4
2 5 3
2 1 1
3 2
3 3
6
5
4
---
10 4 8
10 6 7
9 2 3 5
8 3 3 3
7 2 3 3
6 3 4 3
5 12
4 7
3 4
2 3
1 3
3 3
1 8
2 4
3 8
4 3 5
5 2 5
6 2 2 3
7 3 2 3
8 6 3
9 1 4 3
10 6 2
11 4
9 1
6 2
5 2 4
4 3 5
3 4 6
2 4 8
1 4 10
4 12
4 14
4 16
3 18
2 20