# solver=cpp-1e16a40
# cpu=AMD EPYC Processor (with IBPB)
# strategy=basic
# n_solutions=1
# solve_time=0.00070
# solver=cpp-298d4941
# cpu=AMD EPYC Processor (with IBPB)
# strategy=basic
# n_solutions=1
# solve_time=0.00060
7 13 5
3 4 4 3
4 6
5 3
9 9
16 9 3 5
8 14 3
4 15
2 18
7 3 5
7 1 5
2 3 3 4 6
1 4 2 2 3 1
6 5 1 4 5
1 7 2 1 1 6 1
1 1 17 1 1
2 7 6 1 1
8 2 2 8
6 3 7
8 9
8 10
9 10
10 2 2 11
12 7 12
13 13
10
40
1 1 1 1 1 1 1 1
1 1 1 1 1 1 1 1
1 1 1 1 1 1 1 1
1 1 1 1 1 1 1 1
1 1 1 1 1 1 1 1
1 1 1 1 1 1 1 1
3 3 3 1 3 3 1 3
3 3 3 1 3 3 1 3
3 3 3 1 3 3 1 3
3 3 3 1 3 3 1 3
3 3 3 1 3 3 1 3
3 3 3 1 3 3 1 3
3 3 3 1 3 3 1 3
---
1 4 1
1 4 1 7
1 3 14
1 3 1 7
1 3 2 1
2 3 3 1
2 3 4 1 7
6 5 14
4 7 6 1 7
4 3 1 2 6 1
5 2 4 1 6 1
1 3 7 9 1 7
1 2 17 14
2 1 18 1 7
1 6 11 1
1 5 7 4
1 3 1 6 1 3
1 4 1 1 2 2 15
1 4 5 1 1 2
1 5 4 2 1 2
1 6 1 1 1 2
1 5 4 2 1 2 7
1 4 2 1 1 1 15
1 4 1 4 2 2 7
1 4 1 1 5 1 3
2 4 1 8 2 1
1 4 12 1 7
1 7 11 14
2 1 17 1 7
1 2 6 8 1
1 1 16 1
1 1 2 1 1 6 1
3 6 6 14
4 5 1
1 3 5 1
2 2 4 1
1 2 3 1 7
1 3 14
1 2 1 7
1 1 1