# solver=cpp-1562f45ac
# cpu=AMD EPYC Processor (with IBPB)
# isolated_core=11
# strategy=basic
# n_solutions=1
# solve_time=0.00030
1
1 1 1 1
1 1 1 1 2
1 1 1 1 3
3 1 1 1 1 1
1 1 3 1 3 1 2
3 1 1 3 1 1 1 1
3 1 1 3 1 2
3 1 1
2 1 2
8 1 1
1 8 7
10 1
1 1 12
1 1 1 1
1 1 2 2
8 2 2
8
2
3
4
22
3 1 1 1 1 1 1
3 1 1 1 1 1 1
22
---
3 7
1 1 1 1 1
7 1 1 1
2 1 1 7
3 2 1 1 7
1 1 1 1 1 6
7 1 1 1 2 1
7 4
3 2 1 1
1 1 2 4
7 1 1 1
1 4
3 1 1 1
1 1 1 3 4
7 1 1 2 1 1
1 2 4
1 1 1 1
13 1 4
2 1 1 1 1 1
3 1 1 1 1 1
3 1 1 1 1 1
3 1 1 1 1 1
3 1 2 1 1
1 1 2 1 1
3 1 1