# solver=cpp-400bd85f2
# cpu=AMD EPYC Processor (with IBPB)
# isolated_core=11
# strategy=basic
# n_solutions=1
# solve_time=0.00030
1 1 1 1 1
1 1 3 1 3 1 3 2 1
1 1 4 5 1 4 6
5 2 1 2 1 1 2 1 2
1 2 2 1 2 1 1 2 1 2
30
1
1 1 1
1 3 1 1 1 1 3
1 25
1 1 1
1 1 3 3 3 1
1 1 3 3 3 1
1 1 5 5 5 1
1 1 1 1 1 1
1 1 1 1 1 1
30
1 1 1
3 3 3
3
5
1 1
3 3
3 3
1 4 4 1
22
2 2
7 5
1 1
1 1
---
12
6 1
1 1 1 1
2 1 8 3
3 2 1 3
4 2 1 1 1
2 1 2 1 1 1
4 1 1 1 1 1
5 1 3 1 1 1 1
2 1 1 8 3 1
5 3 3 1 1 4 3
1 1 1 1 1 6
2 1 1 1 2 1 2
4 1 1 2 1
5 1 1 1 2 1 2
2 1 2 3 1 1 6
5 1 8 4 3
1 2 3 1 1 3 1
1 1 1 1 1 1
4 1 1 1 1
2 1 1 1 3
4 1 1 1 2
5 3 3 1 1 2
2 1 1 8 1
5 2 3 1 1
1 1 2 1 1
2 1 2 1
2 1 8
4 1
6 1