# solver=cpp-b64f6aebe
# cpu=AMD EPYC Processor (with IBPB)
# isolated_core=11
# strategy=contra
# n_solutions=1
# solve_time=0.00060
4 14
3 5 2 2
3 5 2 2
7 2 1
3 6 1 1
3 9 1 1
3 4 1 1
2 3 9 1 1
10 19
8 2 1 2
6 3 2 3 1 3 1 3
2 2 2 1 2 2 1
2 2 2 1 13 1
3 2 2 1 1
8 2 1 1 1 1 1 1 1 1
6 2 1 1 1 1 1
2 2 1 2 1 1
1 2 2 2 1 15 1
2 2 3 2 1 1 1 1
3 3 3 3 1 1 1 1 1 1 1 1 1 1
3 3 2 2 1 1 1 1 1 1 1 1
2 4 3 2 1 1 1 1
3 6 1 15 1
2 5 2 2
2 17
---
2 2 1 3
3 2 2 2 4
5 2 4 4
6 1 2 3
5 2 2 2 3
2 1 3 15
1 1 2 2 13
2 2 2 1 2
3 1 2 2 1 4
2 2 2 2 1 4
2 2 2 1 3
2 2 2
1 2 13
2 15
1 2 4
2 3
1 2
3
4
4
0
21
2 1 1 2
2 1 2 6 1
2 1 2 1 1 1 1
1 1 1 1 1 1 1 1
1 1 1 1 1 1 1 1 1
1 1 1 1 1 1 1
1 1 1 1 1 1
1 1 1 1 1 1 1 1 1
1 1 1 1 1 1 1 1 1
1 1 1 1 1 1 1 1 1
1 1 1 1 1 1
1 1 1 1 1 1 1
1 1 1 1 1 1 1 1 1
1 1 1 1 1 1 1 1
1 1 2 1 1 1 1
2 1 2 6 1
2 3 2
22