# solver=cpp-d85c7576
# cpu=AMD EPYC Processor (with IBPB)
# isolated_core=11
# strategy=basic
# n_solutions=1
# solve_time=0.00030
1 3 1 3 3 1
3 5 3 4
1 4 4 4 1
3 3 4 3
1 3 3 4 1
2 7 4
4 1 4 1
1 5 3
4 4 1
1 3 1 1
7
1 1 1
2 1 2
1 1 1
1 3
4
3
1 1
7
2 2 1
1 2 1 2 1
1 1 1 1 1 1 3
9 1 1 1
1 1 1 1 1
1 1 1 1 1 1 1 1 1
9 9
1 7
1
1
1
1 3
1 1 3
3 1 15
1 3 1 16
2 1 1 16
4 1 16
4 1 16 2
5 1 16 2
6 1 16
7 1 1 1
---
7
6
2 5
9
2 3
2 2 2
1 1 1
2 2
1 1
20
1 1
2 2
3 1 1
1 2 2 2
4 1
1 5
3 1 3
6 2
2 1 4 3 6
5 4 4 2 2 1
3 4 2 2 2 2 3
1 4 12 1 2 3
4 4 1 3 2 4 4
1 4 3 3 3 2 5
5 3 3 1 7 6
1 1 4 1 2 1 2 7
6 2 8 7
3 2 7
2 3 7
2 7
7
7
7
8
9
8
7
4
3 2
2 2