# solver=cpp-6dc88e3e
# cpu=AMD EPYC Processor (with IBPB)
# isolated_core=11
# strategy=basic
# n_solutions=1
# solve_time=0.00040
2 4 4
2 1 1 1 1 3
2 5 2 3
1 1 6 5
2 10 5
5 4
3 1 4
3 1 1 2
3 3 4
2 2 4
2 3 1 2 4
2 7 2 1 4
2 4 4 3 3
7 1 3 2 1 4
1 2 3 2 2 1
2 3 1 4
1 3 1 5
2 5 2 3 2
1 6 2 1 4 2
3 5 4 2 4 2
1 6 6 1 2 1 3
1 10 4 2 5
1 9 2 1 6
1 7 5 3 6
2 8 3 2 6 1
1 14 2 1 1 2
3 2 1 1 6 3 1 4
5 4 2 6 7
3 3 9 1 1 1
7 3 2
---
2 2
2 3 4
6 3 1 4 3
5 3 1 1 2
3 2 12
3 17
3 18
4 6 13
2 4 1 9 3
2 2 3 9
1 1 3 1 7 3
2 4 5 3 1
3 1 3 7 5
1 3 1 3 3 7
5 1 4 2
1 3 3 6
4 1 2 1 1 5
2 3 3 1 3
1 3 2 1 4 3
3 4 2 3
1 2 1 5 4
7 1 4 3
8 4 3
6 3 14
16 4 2
7 2 8 1
5 10 4
1 2 7 3
4
2