# solver=cpp-d85c7576
# cpu=AMD EPYC Processor (with IBPB)
# isolated_core=11
# strategy=contra
# n_solutions=1
# solve_time=0.00040
2 1
2 1
2 1
2 1
2 1
2 1
2 1
1 1
3 5 4 1 2
2 7 7 4
5 3 4 1 2 1
4 7 10 1 2
6 2 2 4 2 3 1 2
5 2 1 1 2
3 4 2 4 3
1 1 2 2
1 1 2 2
1 1 2 1 1
3 2 1 1 1
2 2 2 1 1
3 1 2 4
3 2 2 3
2 4 2 2 2
2 1 8 1 2
2 7 2
2 4 3
3 3 3 3
2 12 3
2 9 4
2 5
2 8 3 2
2 7 3 2
2 5 3 2
2 3 4
2 3 3
2 4 3
6 4 3
10 4 4
23 4
25 5
---
1
1
1
2
2
11 2
7 3 3
9 12 3
7 5 7 3
3 2 9 4
2 2 1 7 4
2 1 1 4 4
2 2 1 2 1 2 4
2 2 1 2 2 6
3 4 2 5
10 3 2 2 3
9 3 2 3 2
3 2 3 2
3 2 3 2
3 2 3 2
3 2 2 3 2
3 2 2 2 2
5 3 2 2 1 2
5 2 1 2 3
2 1 1 2 2 4
2 2 1 2 1 4
2 2 1 2 1 3
1 1 1 3
4 3
2 7
1 9
11
10
15 4 2
2 3 2 2
2 10 2 1
6 2 3
7
7
7