# solver=cpp-a0f9b8019
# cpu=AMD EPYC Processor (with IBPB)
# isolated_core=11
# strategy=basic
# n_solutions=1
# solve_time=0.00030
14
2 1 10 3
2 9 1 2
2 7 10 3
2 1 1 10 3
3 1 1 14
3 1 1 3 3
3 1 1 2 6 2
4 1 1 1 2 5 1
4 1 1 1 2 1 2 3 2
14 2 1 3 2 2
2 10 2 1 1 1 2 2
3 8 2 1 1 1 1 2
3 8 14
3 2 2
10 15
3 6 2 1 1
6 2 2 4 2 1
5 2 2 2 2 1
3 1 1 2 2 1 2 1
3 2 2 2 2 3 1
3 1 2 2 2 1 1
3 4 2 1
3 2 4 1
3 2 2 2 1
4 1 2 3 1
2 2 2 2 2 1
2 3 2 2 1
2 1 1
15
---
1 1
28
28
6 14
3 1 2 2
4 1 1 2
15 1
1 7 1 2
1 4 2 3 3
1 1 4 2 2 1
1 7 1
1 5 2 2
11 2 2
2 3
2
15
14 13 1
8 5 1 1
7 1 1 1 5 1
6 6 1 5 5 1
6 2 1 1 5 1 1 1
6 1 5 1 1 1 1
6 4 1 1 2 1
6 2 4 1 2 1
6 3 1 1 2 1
2 3 5 1 1 2 1
1 1 1 6 1 2 1
2 4 1 3 1
8 5 1 1
14 15