# solver=cpp-400bd85f2
# cpu=AMD EPYC Processor (with IBPB)
# isolated_core=11
# strategy=basic
# n_solutions=1
# solve_time=0.00040
10
1 1
1 10
2 1 1 1 1 1
11
2 2
2 1
1 1
2 2
12
0
25
0
1 1 1 2 3
1 3 1 1
1 1 1
7
2 1 1
3 1 1 1 2 1
1 1 6
7 11 1
1 1 1 1 1 1
1 1 1 6 1
7 1 1
14
---
1 1 4
1 1 1 1
1 1 4
1 1 1
1 4
1 3 1 1 1
2 2 2 1 4
2 1 1 1
5 1 1 1 1
1 1 1 1 1 1 1
1 3 1 1 2 1
1 1 1 1 1 1 8
1 3 1 1 1 1 1
1 1 1 1 1 5 1
1 3 1 1 1 1 1 1
1 1 1 1 1 1 1 1 1 1
1 3 1 1 1 1 1 1
3 2 2 1 3 1 1 1
4 1 1 1 1 1
1 7 1
1 3 1
1 1 2 1
1 1 1 1
1 1 1 1
1 7