# solver=cpp-400bd85f2
# cpu=AMD EPYC Processor (with IBPB)
# isolated_core=11
# strategy=basic
# n_solutions=1
# solve_time=0.00030
2 2 1
1 1 17
2 2 1
1 1 1 2 2 1
2 2 1 1 2 2
1 1 1 1 1
2 2 1
1 1 1 1
2 2 1
1 1 1 1
1 2 18
1 1 1 1
1 2 18
1 1 1 1
1 5
1
1 13
1 13
1 2 2
20
22
1 2
1 11 3 2
1 1 1 1 5 2
1 11 5 2
3 5 13
1 2 2 2 3 2
1 2 2 2 2
3 5
21 2
3
4
24 2
23 2
3 2
---
1 1 2
1 1 2
10 2
1 1 2
11 3 1 2
2 1 1 2 1 2
5 1 1 2 1 2
5 3 1 2
2 2 1 1 1 2
2 2 1 1 2 1 2
2 2 1 1 2 1 2
2 2 1 1 1 2
2 2 1 1 1 2
2 2 1 1 2 1 2
15 2 2 3 2 1 2
1 1 1 1 1 1 1 1 2 2 1 2
1 1 1 1 1 1 2 2 2 3 1 2
1 1 1 1 1 1 1 1 5 5 1 2
15 5 5 1 2
1 1 1 2 5 1 2
1 1 1 1 2 3 1 3
1 1 1 1 2 1 3
1 1 1 1 11 3
1 1 1 1 10 2
1 1 1 1 1 1 2
1 1 1 1 7
1 1 1 1 7
1 1 1 1
11 1 1
1 1 1 1
1 1 1 1 1
1 1 1 1 1
1 1 1 1 1
1 1 1 1 1
1 1 1 1 1