# solver=cpp-6dc88e3e
# cpu=AMD EPYC Processor (with IBPB)
# isolated_core=11
# strategy=contra
# n_solutions=1
# solve_time=0.00040
6 3 3
2 2 2 3 2
1 1 1 1 1 1 1
1 1 1 1 1
1 1 1 1 3 2 2
1 2 1 1 1 2 2
2 2 1 1 2 2
12 3 3 3 2
10 1 10
8 5 8
11 1 11
1
9
6 5
7 6
7 7
7 7
8 8
14 2
15 2
2 12 2
2 12 2
2 12 3
4 4 4
8 8
4 5 3 5
4 1 1 5
4 5 9
4 1 1 1 5
4 1 5
---
1
2
9
2 4
1 1 1 3
1 1 4
1 1 4
1 1 1 4 7
2 5 11
10 13
2 1 6 7
1 1 10 1
1 10 2 1
1 11 2 2
1 11 2 1
2 12 1 1
4 1 12 5
2 6 6
4 1 12 2
2 11 1 1
1 11 2 2
1 11 1 1
1 10 1 1
1 1 4 7
2 1 15
4 13
4 3 8
2 2 3 6
1 2 3
2 5
2 3
2 4
1 2 2
2 2 2
4 1