# solver=cpp-1562f45ac
# cpu=AMD EPYC Processor (with IBPB)
# isolated_core=11
# strategy=basic
# n_solutions=1
# solve_time=0.00030
6 9
2 2 2 2
3 11 2
2 1 1 1 3
2 1 1 4
2 1 1 1 3
1 5 1 4
1 1 12
1 5 5
1 2 11 2
1 1 1
1 2 2
1 19
1
1 3 3 2 2
1 2 1 2 2 8
1 1 2 3 1 1 1
1 1 3 1 1 1 1
1 2 2 2 2 2 1 1 1
1 2 3 3 1 1 1
---
1 2
1 2
1 2
1 2 1
3 1
20
1
3 2
2
3
2 2 4
1 1 2 2
1 1 1 1
1 1 2 2
9 1 2
3 1 1 1 2
1 1 1 1 1 4
1 1 1 1 1 2 2
1 1 1 1 1 1 1
1 1 1 1 1 2 2
1 1 1 1 1 4
1 1 1 1 1 1
1 1 1 1 1 2
3 2 1 1 1
9 1 6
5 1 2
4 1 1 5
3 1 1 2
3 2 2 2
1 3 5