# solver=cpp-400bd85f2
# cpu=AMD EPYC Processor (with IBPB)
# isolated_core=11
# strategy=backtrack
# n_solutions=1
# solve_time=0.00700
1 1 3 1 1 3 1 3 2 3
1 1 1 1 1 1 1 1 1 1 1 1
4 3 1 1 1 1 1 1 4 1
1 1 1 1 1 1 1 1 1 1 1
1 1 3 3 3 3 1 3 1 1 1 1
2
0
0
0
0
3 3 3 3 1 1 1 1 3 3 2 3
1 1 1 1 1 1 1 1 2 2 1 1 1 1 1 1
4 1 1 1 3 2 1 1 1 1 1 1 1 3 3
1 1 1 1 2 1 1 1 1 1 1 1 1 1 1
4 1 3 1 1 1 1 1 1 1 3 3 3 3
2
0
0
0
0
1 1 1 1 1 1 3 3 1 3 3 1 1
1 1 1 1 2 2 1 1 1 1 1 1 1 1 1 2 1
2 1 1 1 1 1 3 3 1 1 1 1 1 1 2
1 1 1 1 1 1 1 1 1 1 1 1 1 1 1 1
1 1 3 1 1 1 1 1 1 3 3 3 1 1 1
2
0
0
0
0
4 4 3 3 3 3 1 1 1 1 1 1 3
1 1 1 1 1 1 1 1 1 1 1 1 1 2 2 1
2 3 3 3 3 1 3 1 1 1 1 3
1 1 1 1 2 1 1 1 1 1 1 1 1 1
4 4 3 1 1 1 1 1 1 1 1 1 1 1 3
2
0
0
0
0
3 3 3 4 3 1 1 3 3 1 1 3 1
1 1 1 1 1 1 1 1 2 1 1 1 1 1 1 1 1
1 1 3 3 1 2 3 1 2 1 1 2 1 3 1
1 1 2 1 1 1 1 1 1 1 1 1 1 1 1 1
3 1 1 3 4 1 1 1 1 3 1 3 1 3 1
2
0
0
0
0
---
0
5 2 1 5 1 2 5
1 1 1 1 1 1 1 1 1 1
1 1 1 1 2 2 1 1 1 5
5 1 3 2 1
5 5
5 1 1 5 1 2
1 1 1 5 1 1 1 1 3 1
1 1 1 1 1 1 1
5 1 1 5
5 5 1 1 1
1 1 1 5 5 1 1 1
1 5 1 1 1 1
1 1 1 1 5
5 5 1 1 1 1 1
1 1 2 5 1 1 1
1 3 1 5 1 3
5 1 2
5 5 1 1 3 1 5
1 1 1 3 1 1
5 2 2 5 5
5 1 1
3 1 1 1 1 5 5
2 5 1
1 1
5 2 5
1
3 1 5
1 1 5 1 1 1
1 1 1 5 5 5
1 1 1 1 1 1
1 5 1
4 5 5 2
1 1 5 1
1 1 5 1 1 5
4 1 1 5
5 2 5
1 5 3 1 1 1
5 5 1 2 2 2
1 1 1 1
1 5 5 5 1
2 1 4
2 1 1 1 1
1 1 1 2 1
1 3 5 5
1 1 1
5 5 1 1 1
1 1 1 1 1 1
1 1 1 1 1 1 3 1
0