# solver=cpp-d85c7576
# cpu=AMD EPYC Processor (with IBPB)
# isolated_core=11
# strategy=basic
# n_solutions=1
# solve_time=0.00030
30
6 1 2 1 2 3 2
9 5 8 5
8 5 13
23 4
8 6 7 4
30
0
5
2 1 1 4
2 8 1 1 2
1 9 7 1
2 1 9 2
11 1 2
11
0
30
5 7 1 5
5 1 1 1 3
5 2 2
4 1 1
4 2 2 1 1
4 1 1 1
5 2 1 2 2 1 1
6 3 2 2 1
8 2 2 1 1
6 5 1 1 1
5 13 2
4 1 1 3
4 1 1 4
---
7 1 14
7 2 14
7 3 14
7 1 14
7 4 1 4 5
7 1 2 1 1 3
1 5 1 2 1 2 1 1 1
1 5 1 2 1 3 1 1 2 2
3 1 1 1 2 1 2 1 1
1 3 3 1 2 3 1
1 5 2 1 2 1 1
1 5 2 1 3 1 1 4
7 1 1 2 1 1 1 1
7 2 1 2 1
1 5 1 4 2 1
1 1 1 1 1 5 3
3 3 2 1 2 1
1 5 1 1 1 2 1
1 5 1 1 1 1
7 2 1 1 1
7 2 1 1 1
1 5 3 1 1 1
1 5 1 2 1 1 1
4 1 1 2 1 1 1
2 1 1 1 2 1 1 2
4 1 4 1 2
1 5 1 2 1
1 5 2 3 2
7 3 4 3
7 1 14