# solver=cpp-a0f9b8019
# cpu=AMD EPYC Processor (with IBPB)
# isolated_core=11
# strategy=basic
# n_solutions=1
# solve_time=0.00040
35
1 1 1
1 12 1 4 1
1 1 1 1 6 1
1 1 1 1 1 1 1 1 1 2 1 1
1 1 1 1 1 1 1 1 2 2 2 1
1 1 1 1 10 1
1 1 1 1 1 1 1 1 10 1
1 1 1 1 1 2 1 1
1 12 7 6 1
1 2 11 2 1
1 2 10 2 2 1
1 2 3 2 2 1
1 2 2 3 4 1 2 1
1 2 3 1 1 1 1 4 1
1 2 1 1 7 1
1 1 1 1 1
11 2 11
1 1 2 1
1 10 6 2 1
1 1 2 1 1 2 1
1 1 8 1 1 2 1
1 1 9 4 2 2 1
1 1 2 3 4 1
1 1 12 3 6 1
1 1 1 6 6 1
1 1 8 1 1 6 1
1 1 1 1 7 1
1 1 8 1 1 3 3 1
1 1 1 1 3 1 1
1 1 8 1 1 3 1
1 1 1 1 3 1
1 12 1 3 1
1 1 2 1
35
---
35
1 1 1
1 8 1 14 1
1 1 1 1 1 1 1
1 1 2 1 1 1 1 2 1 1 1 1 1 1
1 1 1 1 1 2 1 1 1 1 1 1
1 1 2 1 7 1 1 2 1 1 1 1 1 1
1 1 7 1 1 2 1 1 1 1 1 1
1 1 2 1 1 1 1 2 1 1 1 1 1 1
1 1 1 1 1 2 1 1 1 1 1 1
1 1 2 1 1 9 1 1 1 1 1 1
1 1 1 3 4 1 1 1 1 1 1
1 1 1 4 3 1 1
1 11 10 1
1 2 1 1
1 2 1 3 2 1
1 3 2 1 1 1 1
12 1 1 1 10
1 3 1 1 1 1 1
1 3 5 1 1 1 1
1 3 1 3 2 1
1 3 2 2 3
1 2 1 3 4
1 3 3 6 3 1
1 5 11 3 1
1 1 2 1 1 1 1 3 1
1 2 2 1 2 1 3 3 1
1 14 1 7 1
1 14 1 6 1
1 2 2 1 2 1 6 1
1 1 2 1 1 1 6 1
1 5 1 4 1
1 3 1 2 1
1 1 1
35