# solver=cpp-86fd3e96b
# cpu=AMD EPYC Processor (with IBPB)
# isolated_core=11
# strategy=basic
# n_solutions=1
# solve_time=0.00040
23
26
29
31
31
32
2 29
2 30
2 30
2 30
2 30
3 29
33
4 28
4 14
3 13
3 13
3 13
2 13
2 12
2 8
2 4 7
2 5 14
2 7 15
2 6 2 2 9
2 2 2 3 11
2 2 3 7
2 3 3 6
2 3 6
2 3 4 2
1 2 5 1
3 8
3 6 1
3 6 1
5 8
2 8
8
7 6
7 4 3
2 4 4
5 2 2
2 2
2 2
2 2
9
---
12 1
16 1
5 18 1
11 18 1
13 2 1
14 2 1
14 2 1 2
14 5 1
14 3 2
14 4 1
14 3 1
14 2
14 1 1
14 2
14 1 2
14 1 1 1
14 1 1 1
14 6 1 1 1 1
14 12 1 1 1
15 2 11 2 1 1
19 2 5 3 1
20 4 1 2 1
20 5 2 2
20 3 1 1 2
20 5 2
21 4 2
26 2
39
38
39
35 2
24 8 1
23 7
1 1 3
7