# solver=cpp-6b570c1b3
# cpu=AMD EPYC Processor (with IBPB)
# isolated_core=11
# strategy=basic
# n_solutions=1
# solve_time=0.00040
1 1
3 2 2 2 3 1 3 2 3 3 3 1 3 2 1
2 2 2 2 2 2 2 2 2 2 2 2 2 2 5 2 2 1 2
2 2 2 2 2 2 2 2 2 2 2 2 2 2 2 2 2 1 1
2 2 2 2 2 2 2 2 2 2 2 2 2 2
4 2 2 2 5 2 2 2 4 2 2 2 2 8
2 2 2 2 2 2 2 2 2 2 2 2 2 2 2 6 1
2 2 2 2 2 2 2 2 2 2 2 2 2 2 2 2 2 8
2 2 2 2 2 2 2 2 2 2 2 2 2 2 2 2 2 6
8 2 3 3 4 3 3 7 7 4
---
0
2 3
3 5
1 1 1
9
8
1
1 1
9
8
1
9
8
1
9
8
1
7
9
1 1 1
5 3
4 2
0
1 1
8
9
1 1
3
2
1
2 6
2 6
0
7
9
1 1
3 3
2 2
0
2 3
3 5
1 1 1
9
8
1 1
9
9
1
9
8
1
8
9
1 1
9
7
0
4
5
3 5
2 5
2 5
3 4
1 1
3