# solver=cpp-6b570c1b3
# cpu=AMD EPYC Processor (with IBPB)
# isolated_core=11
# strategy=basic
# n_solutions=1
# solve_time=0.00040
0
6 6 7
9 3 2 3 4
11 1 2 3 4
7 2 2 2 3 3
6 2 1 1 2 3
6 2 2 6 2 3 3
5 2 1 8 1 2 4
6 3 2 1 1 3 3 2 2 4
10 5 2 2 2 1 4 2 5
5 2 1 4 5 1 5 9
4 2 1 4 4 1 2 1 9
5 3 1 2 2 1 1 1 4 1
6 2 3 2 1 3 1 1 1 4 1
6 4 3 1 2 1 3 1 2 2 1 3 1
7 3 5 1 3 4 3 1 2 6 4 2
9 4 2 5 5 2 15
10 2 4 1 4 4 1 14
20 2 4 2 1 3 7
19 2 2 2 2 1 2 6
19 2 1 2 1 1 1 2 3 7
6 11 2 2 2 1 1 12 2
6 10 1 1 14 2
6 10 2 2 13
6 10 1 1 14
---
8
17
19
21
22
9 13
8 8
6 1 7
5 2 7
4 2 10
3 2 2 7
3 3 8
3 2 8
2 2 2 7
3 2 10
4 1 13
19
16
3 2
3
4
5
4 7
3 11 2
3 5 4
1 5 3
2 3 2 1 3
1 2 1 2 2 1
1 2 1 1 1
1 2 1 1 1
1 2 1 3 2 1
2 3 2 2 3
2 5 5
2 12 2
3 14
3
9
7 1
10 3
8 11
4 2 9
3 2 5 4
3 8 5
2 3 5
1 3 5
1 1 5 4
1 3 10
2 3 9
3 2 10
3 16
23
18
9 2 2
5 2 2
5 1