# solver=cpp-d85c7576
# cpu=AMD EPYC Processor (with IBPB)
# isolated_core=11
# strategy=basic
# n_solutions=1
# solve_time=0.00020
1 9 1 1 1 7 1
1 8 1 1 3 6 1
16 13
1 8 4 7 1
1 10 9 1
1 9 2 1 1
1 9 2 1 1 1
10 4 2 6
8 2 2 8
5 3
4 2 2 2 4 2
3 23 1
2 1
1 2 2 1 1 1 1 2 1 1
1 1 1 1 2 2 1 1 1 1
1 1 2 2 1 1 1 1 2 2 1
1 1 1 1 1 1 2 2 1 1 1 1 1
1 1 2 2 2 1 1 1 1 2 2 1 1
1 1 2 1 1 1 3 1 1 1 1 1 1
1 1 2 1 2 2 1 1 1 2 2 1 1 1
1 1 2 1 1 1 1 1 1 1 1 1 1 2
2 1 2 1 1 2 2 1 2 2 1 1 1 2
2 1 2 1 2 1 2 2 1 1 1 1 1 2
2 1 2 1 1 1 2 3 2 1 1 1 1 2
2 1 2 1 4 1 1 1 3 1 1 1 2
2 1 2 1 3 1 2 2 1 2 1 1 1 2
2 1 2 1 6 1 5 1 1 1 2
2 1 2 1 5 1 1 4 1 1 1 2
2 1 2 1 8 7 1 1 1 2
2 1 2 1 16 1 1 1 2
1 1 1 1
2 1 2 1 16 1 1 1 2
2 1 2 16 1 1 2
2 1 25 1 2
2 25 2
---
1 23 4
1 6 9 4
1 5
11 19
1 3 1
1 2 2 14 4
1 2 1 1 13 4
9 2 1 2 2
8 1 2 1 13 2
8 1 1 2 2
7 1 1 2 1 9 4
7 1 1 1 2 1 6 4
8 1 1 2 1 7 4
8 1 2 1 1 2 1 4 4
9 2 1 1 2 1 5 4
1 1 5 2 2 1 1 2 1 2 4
1 1 1 1 1 2 1 3 4
1 1 1 2 1 2 1 2 4
1 1 1 2 1 2 1 1 4
1 1 1 2 1 2 1 2 4
1 1 1 1 1 2 1 3 4
2 1 1 2 1 1 2 1 2 4
2 5 2 1 1 2 1 5 4
1 7 2 2 1 1 2 1 4 4
5 1 1 2 1 7 4
5 1 1 1 2 1 6 4
5 1 1 2 1 2
5 1 1 2 1 2 12 2
5 1 2 2 1 2
9 2 1 2 12 4
1 2 1 1
1 2 2 18
1 3
11 10 4
1 23 4