# solver=cpp-86fd3e96b
# cpu=AMD EPYC Processor (with IBPB)
# isolated_core=11
# strategy=basic
# n_solutions=1
# solve_time=0.00040
0
0
0
8
14
18
20
4 12 4
3 8 3
4 4 4
4 2 4
3 3
3 3
2 2
2 2 2 2
3 2 2 2 2 3
1 4 2 3 4 1
2 3 4 4 3 2
2 2 5 5 2 2
2 3 6 6 3 2
2 9 9 2
3 2 3 3 2 3
4 4
3 3
6 4
9 2 2 4
12 4 5
10 2 2 3
10 1 1 2
10 1 6 1 2
11 1 4 1 3
11 1 4 1 2
11 8 2
10 2 2 2 3
9 6 2
9 2
9 4 4
10 5
12 2 4
11 6 5
14 5
16 5
16 6
17 6
17 6
17 7
18 6
18 7
18 7
19 8
---
7 9
7 10
3 9 10
1 2 10 11
2 4 12 12
1 4 26
9 29
14 28
7 33
6 3 26
3 1 1 2 20
3 2 3 2 17
4 7 3 15
4 6 14
6 4 4 2 10
6 4 1 1 3 2 9
7 2 2 4 1 1 1 7
8 1 6 1 1 4
8 1 6 1 1 1
7 2 2 4 1 1 1
6 4 1 1 3 2
6 4 4 2
4 6 2
4 7 3 5
3 3 3 2 10
3 1 1 2 5 10
6 3 10 12
7 14 11
14 6 10
9 4 8
1 4 7
2 4 5
1 2 3
3 1
0