# solver=cpp-d85c7576
# cpu=AMD EPYC Processor (with IBPB)
# isolated_core=11
# strategy=basic
# n_solutions=1
# solve_time=0.00030
0
10
6 6
4 4
3 3
2 2
2 2
1 1
1 1
1 1
2 1 6 1 2
2 1 2 2 1 2
2 1 6 6 1 2
11 11
10 10
26
2 20 2
2 18 2
2 14 2
2 10 2
2 6 6 2
2 7 7 2
2 1 1 2
2 2
4 4 4 4
2 3 6 6 3 2
1 3 2 2 3 1
1 2 2 2 2 1
2 1 1 1 1 2
1 2 2 1
2 3 3 2
2 1 2 2 1 2
3 1 1 3
2 1 1 2
10 1 1 10
10 3 3 10
10 6 10
10 1 10 1 10
11 7 7 11
11 4 4 11
3 6 12
1 4 4 13
1 6 2 14
10 3 3 10
8 3 3 2 3 3 8
6 6 10 6 6
4 9 8 9 4
2 9 2 6 2 9 2
12 2 4 2 12
15 2 2 2 15
---
14 1
7 5 1
7 4 2
5 6 4 2
2 2 4 6 3 3
2 2 2 3 6 3 3
1 2 1 2 7 2 4
2 1 12 2 7 2 4
1 18 9 2 5
1 3 19 5
2 4 2 5 6
1 6 2 1 2 3 6
1 6 2 1 3 2 9
1 7 2 2 2 2 2 2
1 7 2 2 2 2 2 2 1
2 10 4 3 2 2
1 11 3 2 3 3 2
1 2 8 4 3 1
1 1 5 4 1 4
1 1 5 2 2 6
1 1 5 2 2 6
1 1 5 4 1 4
1 2 8 4 3 1
1 11 3 2 3 3 2
2 10 4 3 2 2
1 7 2 2 2 2 2 2 1
1 7 2 2 2 2 2 2
1 6 2 1 3 2 9
1 6 2 1 2 3 6
2 4 2 5 6
1 3 19 5
1 18 12 5
2 1 12 2 11 4
1 2 1 2 11 4
2 2 2 3 12 3
2 2 4 12 3
5 13 2
13 2
14 1
14 1