# solver=cpp-6dc88e3e
# cpu=AMD EPYC Processor (with IBPB)
# isolated_core=11
# strategy=basic
# n_solutions=1
# solve_time=0.00040
5 1 1
2 1 2 1 3 1 1 2 1 1 3 3 1
2 1 2 1 1 2 1 1 1 1 1 1 1 1 1 1
1 1 1 1 3 1 2 1 1 1 1 1 3 2 1
1 3 1 1 1 1 1 1 1 1 1 1 1 1 1 1 1
1 1 1 1 1 1 3 1 1 2 5 1 1 1 1 1
2 1 2 1 1
2 1 2 31
5 1
1 1
1 1
1 1
1 1
1 1
4 2 4 2 3
8 2 4 3 2 4 2 1
4 3 5 4 1 1 4 4 1 5
1 4 1 6 7 3 2 2 2 3 6
3 4 1 2 9 5 4 10
5 1 3 9 23
22 23
23 4 19
18 21
6 5 13 4
4 4 3 3
---
1
1
2 2
5
6
7
7
1 6
2 4
4 3
4 3
2 6
3 1 3
4 4
3 5
1 1 4
4 3
5 3 4
2 2 2 6
2 1 2 10
1 1 1 11
15 4 2
1 1 1 5
2 1 2 5
2 2 4
5 5
5 1
1 2 1
3 2 2
8 5
1 2 3
5 1 6
1 1 1 1 7
1 1 1 1 8
1 7
5 1 2 6
1 1 3 5
1 1 3 5
5 1 1 1 6
1 2 7
5 1 2 7
1 1 1 1 1 5
3 1 3 4
1 3 4
1 3 5
5 9 6
1 1 7
3 1 7
1 1 7
5 1 8
1 5 2
5 1 5
1 1 1 6
5 1 1 3
1 4
5 1
1 1 1
2 2 1
1
8