# solver=cpp-d85c7576
# cpu=AMD EPYC Processor (with IBPB)
# isolated_core=11
# strategy=basic
# n_solutions=1
# solve_time=0.00020
5
1
1
1 3 2
1 3 4
1 4 4
1 3 4
2 2 1 4 4
4 3 1 6 7
19 3
1 3 2
1 1 3
1 5
1 3 3
1 8
1 7
2 1 6
4 1 6
20
12
17
19
20
22
22
22
23
23
4 15 2
6 9 4
19
1
2 2 1
4 4 1
4 4 1
4 1 1 1
2 2 2 2 1
2 2 2 2 1 2 2
6 6 1 3 4
1 19
1 1 1 1 1
2 2 2 2 1
4 4 1
1
1
1
1
1
17
29
---
2 6 1
1 1 3 6 2 1
2 2 4 4 1 1 1
1 1 5 4 1 1 1
1 1 5 1 6 2 1
2 2 5 2 6 1
1 1 6 1 1 2
1 1 7 1 6 2
1 1 1 8 1 7 2 2
3 1 9 1 3 2 1 2
2 1 9 1 3 2 1 2
2 1 9 1 7 2 2
1 1 1 11 6 2
1 1 13 1 2
50
1 1 13 1 2
1 2 13 1 2
3 2 13 2 2
7 13 2 2
8 13 3 2
7 14 1 1 2
4 14 1 1 2
2 1 16 1 1 2
3 2 16 2 2 1
3 1 16 1 1 1
5 2 4 5 1 1 1
4 6 2 2 1
4 4 1 1 1
4 2 1
3 1