# solver=cpp-a0f9b8019
# cpu=AMD EPYC Processor (with IBPB)
# isolated_core=11
# strategy=basic
# n_solutions=1
# solve_time=0.00040
7 2
3 3
2 3
2 2
3 2
4 1
6 1
6 2
7 2
7 3
8 2
8 3
8 4
9 3 7
9 5 7
9 2 2 1 2
9 8 8
9 3 2 2 1 2 3
10 1 2 3
9 1 2
9 1 3
9 2 4
9 1 3 5
8 9 5
8 2 2 5
9 1 1 3 5
11 9
11 7 2 5
9 1 2 5
9 1 5 5
8 2 1 6
8 2 7
8 2 2 8
8 2 2 9
9 2 2 1 9
10 2 10 6
4 5 9 4
1 2 2 2 11 3
2 2 2 2 7 2
2 1 1 2 5 4
---
18 2
21 2
25 1
29
29 2
30
34
36
20 5 3
17 2 3 2
2 10 9 2
1 2 2
2 2 2
1 1 1 1
1 2
1 3 1
1 3 2
1 2 2 1 1
1 2 2 1 4
2 1 2 1 5
5 1 1 5
3 2 1 5
1 1 1 5
2 1 1 1 1 5
1 1 1 1 1 2 5
2 6 2 1 1 1 4
1 2 1 9 3 2 4
2 2 2 9 3 3
2 1 3 2 3 5 1
11 1 1 8 1
12 17
27
21
16
12