# solver=cpp-a0f9b8019
# cpu=AMD EPYC Processor (with IBPB)
# isolated_core=11
# strategy=basic
# n_solutions=1
# solve_time=0.00040
1 5 1 1
5 1 2
5 1 3
5 1 3
5 1 3
5 1 3
5 1 3
5 1 3
5 1 3
3 1 1 1 3
11 1 3
15 1 3
30
3
30
3
3
4 3
2 2 3
1 2 3
3 5
4 3
5 3
5 2
5 2
5 2
5 2
1 5 2
1 5 2
1 5 1
5 2
1 9
8
1 5 1
1 1
---
2 1 3 1 1
2 1 6
2 1 2 5 1
2 1 1 5
3 1 1 5
3 1 2 5
3 1 2 5 1 1
3 1 2 5
1 4 1 2 5
4 1 3 5
13 1 4 5
9 3 1 3 2 5
13 1 3 2 5
9 3 1 3 2 3
13 4 2 4
1 3 2 3
16 2 3
3 6
4
3 1
4 1
3 1 1
3 1 1
3 1 1
3 1 1
3 1 1
3 1 1
3 1 1
3 1 1
3 1 1