# solver=cpp-d85c7576
# cpu=AMD EPYC Processor (with IBPB)
# isolated_core=11
# strategy=contra
# n_solutions=1
# solve_time=0.00060
5 3
7 3 1
2 2 2 2
1 1 1 1 3 1
2 1
3 1 1 5
4 1 2 7
5 1 3 3 3 2 2
4 2 2 4 4 1 1 1
7 5 5 7 7
1 2 4 4 3
1 3 3 4
1 1 3 1 5
1 1 4 1 4
2 1 7 5 5 7 7 7 7
2 1 1 1 1 4 1 1
2 1 3 1 1 3 1 1
2 3 2 1 1 1 3 1 1
2 3 2 1 1 1 4 1 1
85
2 1 2 2 1 1 1 4 1 1
2 2 2 2 1 1 1 3 1 1
2 2 2 2 1 1 1 1 1 1
2 3 2 2 1 1 1 1 1 1 1
85
2 3 2 1 2 1 1 1 1 1 1
2 2 2 7 1 1 1 1 1 1
2 2 2 2 1 1 1 1 1
2 1 2 4 1 1 1 1 1
85
2 3 2 2 1 1 1 1 1
2 3 2 2 1 1 1 1 1
2 1 3 2 25
2 1 1 2 1 25
85
1 2 1 1 1 1
7 1 1 1 1
2 25
4 25
85
---
1 1 1 1 1
1 1 1 1 1
21 1
21 1
1 1 1 1 1
21 1
3 7 3 1 1
4 3 4 1 1
2 1 1 1 3 1
2 1 3 1 2 1 1
15 1 1
5 1 5 1 1
1 1 1 1 1
1 1 1 1 1
1 3 1 3 1
1 3 1 1 3 1 1
6 1 7 1 2
3 8 6
1 7 7
1 1 1 2 1 1 2
1 1 1 1 1 1 1
1 1 1 1 1
2 1 1 1 1 1
2 1 1 1 1 1 1 1
2 20 1 1 1
2 4 1 1 1 1 1 1
2 1 5 1 1 1 1 1 1
2 5 1 1 1 1 1 1
2 3 1 1 1 1 1 1 1
2 1 1 1 1 1 1 1
2 1 1 1 1 1
1 1 1 1 1
1 1 1 1 1 1 1
2 1 1 1 1 1 1
3 1 1 1 1 1 1
8 1 1 1 1 1 1
1 1 1 1 1 1 1 1 1
1 1 1 1 1 1 1
1 1 1 1 1 1 1 1 1
2 1 3 1 1 1 1 1 1
1 1 4 1 1 1 1 1 1
8 1 1 1 1 1 1 1
1 1 1 1 1 1 1
1 1 1 1 1
1 1 1 1 1
1 1 1 1 1 1 1
31
4 1 1 1 1 3 3
5 1 1 1 1 3 3
4 1 1 1 1 3 3
3 1 1 1 1 3 3
1 1 1 1 1 3 3
1 1 1 3 3
1 1 1 1 3 3
26
4 1 1 1 3 3
5 1 1 1 3 3
4 1 1 1 3 3
3 1 1 1 3 3
1 1 1 1 3 3
1 1 1 3 3
1 1 1 3 3
21
4 1 1 3 3
5 1 1 3 3
4 1 1 3 3
3 1 1 3 3
1 1 1 3 3
1 1 1 3 3
1 1 1 1 1 3 3
31
4 1 1 1 1 1 1
5 1 1 1 1 1 1
4 1 1 1 1 1 1
3 1 1 1 1 1 1
1 1 1 1 1 1 1
2 1 1 1 1 1
2 1 1 1 1 1 1
2 20 1 1
2 4 1 1 1 1 1
2 1 5 1 1 1 1 1
2 5 1 1 1 1 1
2 3 1 1 1 1 1 1
2 1 1 1 1 1 1
2 1 1 1 1 1