# solver=cpp-86fd3e96b
# cpu=AMD EPYC Processor (with IBPB)
# isolated_core=11
# strategy=basic
# n_solutions=1
# solve_time=0.00040
7 2
4 6
7 3 1
11 5
3 5 1 2 3
2 4 1 5
1 3 10
1 3 8
1 3 6 3
2 3 1 1 7
3 4 10
10 1 1 3 6
10 7 2
6 3 10
8 8
8 7 8
2 5 2 5
9 5 9
10 10
6 3 10
1 7 1 4 3
1 6 1 1 8
1 1 3 6 1
1 3 1 1 6 1
1 2 1 1 5 1
1 2 1 1 2 1 2
1 2 1 1 2 1 1
1 1 2 1 1
6 1 1 1 1 7
2 1 2 2 1 1
5 1 6
1 2 2 2 1 3
3 3 3 3 2 3
1 1 1 1
2 1 4 3 1
---
20 1 1 2
3 11 1 1 1
2 6 4 1 1 1 1
1 18 2 1
2 11 3 1
1 2 11 2 2 1
1 3 3 5 8 2
1 4 18 1 1
14 7 1 1 1 1
14 1 2 1 1 2 1
9 1 1 2 2 1 2 2 1
2 1 1 1 1
2 1 1
2 1 1 1 1
9 1 1 1 2 1 2 2 1
13 1 2 1 1 2 1
3 9 8 1 1 1
1 1 23 1
1 1 6 17 3
1 1 10 8 3 1 1
1 2 11 8 2 1
1 2 15 1 2
1 1 2 9 3 3
1 1 16 1 1 1
1 10 1 1 1 2