# solver=cpp-400bd85f2
# cpu=AMD EPYC Processor (with IBPB)
# isolated_core=11
# strategy=basic
# n_solutions=1
# solve_time=0.00030
5 8 6 2
3 3 4 4 3
1 2 5 2 5
1 2 6 1 5 1
1 4 3 1 3 2
2 4 1 3
1 1 1 4 4
3 2 7
1 2 1 3 1
1 2 1 2 1 2
2 1 1 2 2 3
1 2 2 3 1 3
1 1 2 1 3 3
2 2 2 2 1 4 2
3 2 1 1 2 2 1
3 4 5 2
2 5 2 3 1 2
2 2 3 5 1
2 2 1 4
5 2 2
1 2 3 2
2 3 1 2
4 3 1
2 4 1
2 2 2 2
1 1 2 3
2 1 2
2 4 2
3 1 5
4 2 1
3 1 4
1 1 2 3
2 1 2
2 1 3
2 1 4
---
4
2 7
3 1 1 5
1 3 4 4
2 3 4 4
2 4 3 1 5
2 2 3 1 1 2 3
1 2 2 2 1 2 2 3
1 2 2 1 1 2 2 1 1
1 3 2 1 1 1 1 2 2
2 2 2 2 2 2 1 1 1 3
2 2 3 2 2 2 2 2 3
2 1 4 2 1 3 2 2 2 2
2 1 19 1 4
1 2 3 6 2 2
2 2 1 5 3 2 2
2 2 1 1 3 3 1 1
2 2 2 2 3 3 1
2 2 1 1 3 2 1
1 2 2 1 1 1 2
1 2 1 2 3 1 1
1 2 2 2 2 3 2
2 1 1 2 4 3 2 2 1
3 1 2 7 2 2 2 1
2 1 2 1 1 2 1