# solver=cpp-86fd3e96b
# cpu=AMD EPYC Processor (with IBPB)
# isolated_core=11
# strategy=basic
# n_solutions=1
# solve_time=0.00040
1 2 3
3 5
5 3
1 2 1 1 5
1 1 3 2 1 3
5 4 3
1 3 2 1 5
7 4 1 1 4
4 1 2 1 4 3
1 4 1 8 2
7 1 2 3 3
5 2 1 5
9 2 2
6 4
6 2 1
6 4
2 3 4 3
1 2 2 3 1
1 1 2 2 5
4 1 3 6
1 1 1 1 3 1 2
1 1 1 1 5
2 1 1 1 2
3 1 1
2 1 2
1 1 1 1
1 4 1
1 2 2
2 1 1
4 6 2
3 2 4 4
5 2 6
8 3 2 6
10 2 2 7
10 4 7
---
2
2
3
3
2 3
2 3 4 4
6 2 2 4
3 9 3 2 5
11 1 2 2 6
14 2 7
2 1 3 1 18
2 2 3 7 2
5 5 1 2
1 1 1 2 2 1 1 1 2
2 6 1 2 1
8 2 2 2 2 2
2 2 3 3 2 2 2
2 2 1 2 2 2 1
2 3 2 2 1
3 2 2 2 2
2 7 5 1 2
4 3 3 2
5 3 2 2 2
2 3 3 2 1 8
6 3 2 2 4 6
10 7 5
4 6 4
3 3
3
2