# solver=cpp-d85c7576
# cpu=AMD EPYC Processor (with IBPB)
# isolated_core=11
# strategy=backtrack
# n_solutions=12
# solve_time=0.00040
1 1 3 1 1 3
1 1 1 1 1 1 1
3 3 1 1 3
1 1 1 1 1 1 1
1 1 1 1 1 3
0
3 1 1
1 1
3 1 1
1 1 3
1 1
0
4 3 3 3 3
1 1 1 1 1 1 1
1 2 3 3 3 1
1 1 2 1 1 1 1
4 1 1 3 1 1 1
0
3 3 1 1 1 1 1 1 1
1 1 1 1 3 1 1 1 1 1
1 1 3 1 1 1 1 1 1
1 1 1 1 1
3 1 1 3 1 1 1 1 1
---
5 5 5
1 1 1 1 1
5 1 1 1 5
1 3
5 5
1 1 5 1 1
5 1 2 5
5 3 1
2 1 1 2 1
2 5 5 1 1
1 1 1 1 5
2 1 1 1
2 3 1
5
5 1 1 3 1
1 1 1 5
1 1 1 1 3 1
1 1 1
1 5 3 1
1 1 1
1 3 1