# solver=cpp-1562f45ac
# cpu=AMD EPYC Processor (with IBPB)
# isolated_core=11
# strategy=basic
# n_solutions=1
# solve_time=0.00030
9
12
1 1 6
4
1 2 3 1
3 7 2
7 2 2
7 4
6
1 10
1 11
2 16
3 18
3 18
3 8 10
2 5 10
1 1 9
1 4 8
3 6 7
1 1 6 1
2 7 4 2
3 5 1 2 4
1 3 5
4 6 6
5 1 1 7
7 1 1 1 10
23
8 1 1
6 4
5 4
---
1 3
2 4
2 5
3 6 5
3 6 2 6
1 4 1 3 3 5
1 2 1 2 4
1 2 3 7
3 1 4 1 4
2 3 5 1 1
2 3 5 1 1 2
2 1 5 1 1
2 1 5 2 1 3
3 2 5 2 2 1
3 1 6 2 2 2
5 5 3 2 1 1
4 7 2 4
3 9 3 1 2
2 11 1 1 2
15 2 5
15 3 2 2
13 1 3 2
13 6
13 4
11 3
7 4
4
4
4
4