# solver=cpp-b64f6aebe
# cpu=AMD EPYC Processor (with IBPB)
# isolated_core=11
# strategy=basic
# n_solutions=1
# solve_time=0.00030
1 1
1 1 1 1
1 1 1 1
1 6
3 3 3
3 3 1 1
2 1 2 2 2
11 1 1
2 1 1 2 14
11 3 2 3
1 1 1 2 2 4 2 2
3 3 3 1 1 1 1 1 1
2 3 3 2 1 1 1 1 1 1
1 1 1 1 1 1 1 1 1 1
1 1 1 1 1 1 1 1 1 1
1 1 1 1 1 1 1 1 1 1
1 1 1 1 1 1 1 1 1 1
1 1 1 1 1 1 4 1 1
1 1 1 1 1 3 2 3 1
1 1 1 1 3 6 3
13 1 1
2 2 12
1 1 1 1 1 1 1 1
15 3 4 3
1 1 1 1 1 1 1 1 1 1 1 1 1
2 1 1 1 1 2 12
11 2 2
1 1 2 2
3 3 1 1
5 16
---
3
1 10 3
3 2 1 1 2
2 3 1 2 3
3 1 2 1 1 2 1
1 3 9 2 1 2
2 2 1 1 2 1 1 2 1
1 2 2 3 1 2 1 1
2 2 1 1 2 1 1 2 1
1 3 9 2 1 2
3 1 2 1 1 2 1
2 3 1 2 3
3 2 1 1 2
1 10 3
1 3 3
12 2 1
4 8 1
3 3 2 1 1 1 1
1 1 9 5 1
2 1 2 1 1 1
1 1 8 1 5 1
3 3 3 1 1 1 1
1 1 3 3 1 1 1 1
3 1 8 1 5 1
2 1 2 1 1 1
1 1 9 5 1
3 3 2 1 1 1 1
4 8 1
12 2 1
1 3