# solver=cpp-b64f6aebe
# cpu=AMD EPYC Processor (with IBPB)
# isolated_core=11
# strategy=basic
# n_solutions=1
# solve_time=0.00030
13
13
13
13
11
9
7
5
6
9
16
5 5
5 4
5 4
4 3
4 6 3
4 1 1 3
4 1 1 3
4 1 1 3
4 6 3
4 1 1 1 1
4 1 3 1 3 1 1
2 1 1 1 1 1 1 1
1 1 6 1 1
1 1 1 1
1 1 1 1
1 1 1 1
1 5 1
1 1
15
13
13
13
13
6 6
6 6
6 6
6 6
6 6
6 6
---
11
11
12
20
4 4 11
5 4 9 11
6 3 1 1 1 11
7 3 1 1 1 1 11
11 1 1 6 11
11 1 1 1 1 1 11
11 1 1 1 1 5
11 3 3 1 11
11 1 11
7 2 1 1 11
6 2 6 11
5 3 1 11
4 4 11
20
9
10