# solver=cpp-6b570c1b3
# cpu=AMD EPYC Processor (with IBPB)
# isolated_core=11
# strategy=contra
# n_solutions=1
# solve_time=0.00040
3 2 3 27
2 3 3 16 8
1 3 4 17 1 7
1 3 1 4 17 3 5
1 1 1 1 25 6 4
2 3 9 4 8 1 2 2 2
2 1 1 9 2 8 4 1 3
2 1 2 8 7 1 3 2
1 1 1 1 7 4 6 2 1 1 2
1 1 1 1 7 1 2 1 5 1 1 1 1
1 1 1 1 6 1 2 1 5 1 1 1 1
1 2 1 4 4 3 2 2 2 1
1 1 1 2 2 1 2 1 1 1 1 1 1
1 1 1 1 5 5 2 1 2
1 2 1 2 3 1 3 1 1 1
1 1 2 4 9 4 2 3
1 2 1 2 1 3 1 2 2 1 1
1 1 2 3 1 3 2 2 2
1 2 3 3 1 2 1
1 1 1 2 2 2 2 1 1
1 1 2 3 2 3 1 1 1
1 2 2 4 4 7 2 1 1
1 1 1 4 2 7 2 1
2 1 2 4 3 4 10 1 2
2 2 1 4 1 1 11 2 3
3 1 1 4 1 4 1 11 1 3
4 9 1 6 1 11 4
5 8 1 6 1 10 6
13 1 6 1 16
14 8 17
---
5 5 11
2 3 5 7
1 8 4 5
3 4 4 4
12 3 2 3
3 1 2 3 2
3 2 3 4
3 2 1 2 5
5 3 2 3 4
7 3 1 2 4
8 3 2 4
8 2 10
9 2 10
9 2 7 1
8 2 5
8 2 1
8 6 4
6 1 1 2 1 1
5 2 1 1 2 1 4
6 1 1 1 2 1 1 1 5
7 5 4 4 5
7 6 2 5 5
6 1 1 1 1 2 1 1 5
5 2 1 1 2 1 4
8 6 1 1
11 2 5
12 2 1
13 2 3
12 2 7 1
11 3 10
9 3 11
7 2 11
5 2 9
3 3 1 9
1 3 3 9
1 3 1 2 7
1 9 2 1 7
2 3 1 5 3 7
3 1 2 2 2
3 2 2 2 2 3
4 2 2 2 3 3
5 1 3 1 3 4
5 2 3 3 6
6 2 2 3 7
6 3 11