# solver=cpp-a0f9b8019
# cpu=AMD EPYC Processor (with IBPB)
# isolated_core=11
# strategy=basic
# n_solutions=1
# solve_time=0.00040
4 4 3
5 8 5
5 11 4
3 5 2 5 3
1 2 2 2 5
2 2 4 5
1 7 6
2 8 2 2
5 5 2 1
5 9 1
2 2 9 2
1 2 2 4 1
1 2 5 2 1
1 8 6
1 8 7
2 4 2 7
1 2 8 2
2 2 7 1
5 7 2
5 2 3 1
9 2 2
2 6 2 1
1 6 2 2 2
4 4 2 3
3 7 4
2 6 5
3 2 8 7
7 2 2 8
7 1 1 8
8 2 2 8
8 1 1 3
6 1 1
2 6
4
4
---
5 6
4 6 7
4 4 3 7
3 5 3 5
2 2 2 4 6
2 9 6 6
1 16 2 4
6 13 2
4 2 4 8
3 3 3 3 4 1
3 3 3 3 1 6
27 3
27 3
3 3 3 4 6
3 3 3 9 1
4 3 7 4
5 3 5 2
10 6 2 3
14 2 4
2 3 7 3 4
2 2 3 3 5
3 2 6 7
3 4 4 8
3 6 9
2 8