# solver=cpp-b64f6aebe
# cpu=AMD EPYC Processor (with IBPB)
# isolated_core=11
# strategy=basic
# n_solutions=1
# solve_time=0.00030
1
2
2 1
3 1 2
4 2 2
5 1 5
6 8
7 8
2 9 8
15 9
17 9
17 9
17 10
2 17 9
19 10
19 9
18 10
18 10
16 10
31
32
32
29
26 3
31
27
27
22
20
21
26
27
24
20
10
5
5
10
19
25
---
6 3 1
6 4 2 1
5 4 2 2
13 2
13 1 5
12 2 5
12 3 6
15 6
15 6
14 2 6
17 6
18 6
17 6
19 6
25
24 1
24 1
23 1
22 1
21 1
19 1
17 2
16 2
15 2
14 2
14 2
14 2
15 2
15 2
17 2
18 3
21 3
23 3
24 3
22 3
15 3 3 4
15 7 4
12 6 4
12 3 1 4
11 1 1 4