# solver=cpp-400bd85f2
# cpu=AMD EPYC Processor (with IBPB)
# isolated_core=11
# strategy=basic
# n_solutions=1
# solve_time=0.00030
1 1 1 1 1 1 1 1 1
2 11 8
1 1 1 1
1 1 1 1
2 11 8
1 1 1 1 1 1 1 1 1
1 1 1 1 1 1 1 1 1
8 1 1 1 4 1
1 1 1 1 1
1 1 1 1 1
11 1 7 2
1 1 1 1 1
2 8 8 2
1 1 1 1 1
2 7 1 11
1 1 1 1 1
1 1 1 1 1
2 4 1 1 1 8
1 1 1 1 1 1 1 1 1
1 1 1 1 1 1 1 1 1
8 11 2
1 1 1 1
1 1 1 1
8 11 2
1 1 1 1 1 1 1 1 1
---
1 1 1 1 1 1 1 1 1
8 11 2
1 1 1 1
1 1 1 1
8 11 2
1 1 1 1 1 1 1 1 1
1 1 1 1 1 1 1 1 1
2 4 1 1 1 8
1 1 1 1 1
1 1 1 1 1
2 7 1 11
1 1 1 1 1
2 8 8 2
1 1 1 1 1
11 1 7 2
1 1 1 1 1
1 1 1 1 1
8 1 1 1 4 2
1 1 1 1 1 1 1 1 1
1 1 1 1 1 1 1 1 1
2 11 8
1 1 1 1
1 1 1 1
2 11 8
1 1 1 1 1 1 1 1