# solver=cpp-a0f9b8019
# cpu=AMD EPYC Processor (with IBPB)
# isolated_core=11
# strategy=basic
# n_solutions=1
# solve_time=0.00070
5
14
8 11
6 3 2 2 7
5 2 2 2 2 2 6
2 2 2 2 2 2 2 6 3
2 2 2 2 2 2 2 2 4
4 2 2 2 2 2 2 2 2 3 1 2
4 2 2 2 2 2 2 2 2 1 2 1 2
2 2 2 2 2 2 2 2 2 2 1 2 1
2 4 2 2 2 2 2 2 2 2 2 2
1 2 1 2 2 2 2 2 2 2 2 3 1
2 2 2 2 2 2 2 2 2 2 1 2
1 2 2 2 2 2 2 2 2 2 2 3
5 2 2 2 2 2 2 2 2 3
2 2 2 2 2 2 2 2 2 2 3
2 2 2 2 2 2 2 3 2
3 2 2 2 2 2 3 2 2
3 2 2 2 2 2 2 2
2 2 2 2 2 2 2 2
2 2 2 2 2 2 3 2
2 2 2 2 2 2 2 2 4
2 2 2 2 2 2 2 3 7
2 2 2 2 2 2 3 2 2 3
2 2 18 3 2 2 1 2
4 25 3 2 2 2
13 2 2 4 2 2 3 2
2 8 2 2 6 2 6
3 1 2 4 2 2 5 2 2 3
2 2 1 2 7 2 2 3 2
2 1 2 2 1 1 8 1 2 2 2
3 1 6 1 1 9 3 2 3
3 1 1 1 1 5 1 1 2 2 2 3 3
4 6 3 1 3 2 13 1 4
3 1 2 3 1 4 1 1 12 2 1 2
2 3 1 1 2 3 10 4 6
2 11 1 7 8 2 2 1 1
2 2 2 1 8 11 2 2 2
5 2 2 2 12 2 2 2 2
8 2 2 9 3 2 2 2
11 2 2 5 2 1 2
2 15 5 2 2 2
1 2 17 2 2 3
1 2 2 2 15 2 2 2
2 2 2 2 26
2 2 2 2 16
1 2 2 2 6 1
3 2 2 6 6 13
2 2 2 5
23 22
---
1 2 1 1 12 3 2 1
1 3 2 1 16 2 2
1 2 1 2 4 4 3 2 3
3 1 3 3 2 1 1 3 2 1 1
1 2 2 6 1 2 6 2 1
1 1 1 2 3 2 1 3 3 2 1
1 3 2 5 1 1 3 2 2
1 4 3 4 4 2 3
4 2 4 3 4 2 1
11 10 2 1 2 3 2 1
1 28 1 3 2 2
2 5 5 1 3 6 3
4 2 1 5 1 2 3 2 1
11 7 2 1 1 3 2 2 1
1 20 2 3 1 3 2 1
2 7 2 1 2 3 6 1 1
3 2 2 1 2 3 3 1 1
12 5 6 2 3 1 1
30 1 2 1 4 1 1
2 8 8 5 2 2 1 1
2 2 4 1 3 2 2 1
2 8 2 3 2 1 1
12 11 5 2 1 1
26 2 4 2 2 1 1
2 10 2 3 2 2 3 1 1
2 2 2 2 2 2 1 1
9 4 2 2 2 2 1
25 2 2 2 1 2 1
2 12 2 7 1 2 1
1 4 3 2 1 2 1 1
6 10 3 2 1 2 1 1
20 2 3 2 2 2 1 1
2 10 5 2 2 1 2 1 1
1 9 2 2 1 2 1 1
7 9 2 2 2 1 2 1 1
18 5 2 2 2 2 1
2 7 10 2 1 2 1
2 7 4 4 2 1 1
8 8 2 3 2 1 1
19 8 2 1 1
1 6 10 1 5 1 1
1 4 8 1 12 1 1
1 1 3 3 8 4 1
2 1 1 2 7 5 1 1
1 2 1 2 2 9 11 1 1
2 2 1 1 2 1 2 9 2 1 1
1 1 1 1 1 2 2 2 1 2 1 1
3 1 1 1 7 4 5 1 1
1 2 1 1 6 2 6 1 1 1
1 2 1 1 5 1 1 1 1