# solver=cpp-1e16a40
# cpu=AMD EPYC Processor (with IBPB)
# isolated_core=11
# strategy=contra
# n_solutions=1
# solve_time=0.00040
2 2
1 1 2 2 1 1
2 2 2 4 2 2 2
4 2 6 2 4
2 2 2 2 2 2
4 2 2 2 2 4
2 2 2 6 2 2 2
1 1 2 4 2 1 1
2 2
30
30
2 2
4 2 1 1 2 2 2
6 2 2 2 2 2 2
2 2 2 4 2 3
2 2 2 2 2 3
6 2 4 2 2 2
4 2 2 2 2 2 2
2 2
30
30
2 2
4 2 1 1 2 4
6 2 2 2 2 6
2 2 2 4 2 2 2
2 2 2 2 2 2 2
6 2 4 2 6
4 2 2 2 2 4
2 1 1 2
2 2
---
2 2
2 2
2 2 2 4 2 4
2 2 2 6 2 6
3 2 2 2 2 2 2
3 2 2 2 2 2 2
2 2 2 6 2 6
2 2 2 4 2 4
2 2
30
30
2 2
4 2 2 1 2 2 2
6 2 2 2 2 2 2
2 2 2 3 2 3
2 2 2 3 2 3
6 2 2 2 2 2 2
4 2 2 1 2 2 2
2 2
30
30
2 2
2 2 2 1 1 2 4
2 2 2 2 2 2 6
3 2 4 2 2 2
3 2 2 2 2 2
2 2 2 4 2 6
2 2 2 2 2 2 4
2 1 1 2
2 2