# solver=cpp-d85c7576
# cpu=AMD EPYC Processor (with IBPB)
# isolated_core=11
# strategy=basic
# n_solutions=1
# solve_time=0.00040
4
6
11
3 4
2 2
2 3
2 3
2 2
2 6 2
7 8 5
6 7 6
2 3 4 6 3 2
2 2 1 2 8 2 2
2 2 5 5 2 2
2 2 2 1 2 2
2 2 1 1 2 3
3 2 2 1 2 3
5 2 5 5
5 3 2 4
2 2 2 2
2 2 1 2
2 13 2
2 1 2 2 2
2 2
3 3
4 4
2 2 2 2
2 10 2
23
8 2 1 1 8
9 2 1 2 9
3 21 2
2 3 4 4 1
2 3 2 4 1
3 5 2 6 2
12 2 12
6 4 2 4 6
5 3 2 3 5
5 3 2 3 5
6 4 4 6
---
11
7 11
10 3 6
2 3 2 5
3 2 3 5
18 4 3 1
31
3 1 12
2 2 1 2 2 1 7 1
2 1 1 1 2 2 1 1 6
1 1 3 4 3 1 5
1 1 3 3 1 3 1 5
2 1 1 6 1 5
3 2 3 1 1 2 3
3 1 1 1 2 2 8
3 4 1 2 12
3 6 1 1 2 2
2 5 4 1 2 2
1 5 3 1 5 5
2 5 4 3 1 5
1 5 2 2 1 1 6
2 1 2 1 7 1
4 1 12
31
19 9 1
2 2 4 6
2 4 3 5
9 2 5
7 3 6
11