# solver=cpp-86fd3e96b
# cpu=AMD EPYC Processor (with IBPB)
# isolated_core=11
# strategy=contra
# n_solutions=1
# solve_time=0.00040
2
1
2
2
2
3 2 6
3 4 9 1
1 8 7 2 3
2 8 2 2 5
2 8 2 2 7
6 6 2 2 9
2 2 4 2 2 10
3 1 1 2 10
1 3 5 10 1
1 11 10 3
1 10 5
1 10 7
1 9 9
1 7 10
1 5 10
1 3 10 2
1 1 10 4
1 1 10 6
1 11 8
1 9 10
1 7 10
1 5 10
1 3 10
1 1 10
1 1 10
1 10
2 8
2 6
3 4
11
---
22
3 2
1 2 2
2 1 1
3 2 2
2 2 1 1
1 1 1
4 1 1
6 3 1
8 2 1
2 5 2 1
6 2 1
1 1 7 2 1
1 2 6 1 1 18
2 4 1 5 5 5
5 5 5
1 1 5 5 5
3 2 5 5 5
1 3 5 5 5
1 1 5 5 5
1 1 5 5 5
1 1 5 5 5
1 1 5 5 5
2 1 5 5 5
1 1 5 5 5
1 1 5 5 5
1 1 5 5 5
1 1 5 5 5
3 5 5 5
3 5 5 5
2 5 5 5
2 5 5 5
1 5 5 5
1 5 5 5
5 5 5