# solver=cpp-6b570c1b3
# cpu=AMD EPYC Processor (with IBPB)
# isolated_core=11
# strategy=basic
# n_solutions=1
# solve_time=0.00040
7
9
3 4
3 3
14 6 2
14 2 1 1 4
2 2 4 3 3
2 2 4 3 2
2 2 2 2 2 1 2
2 2 2 2 9
2 2 4 10
2 2 4 13
2 2 2 2 4 8
2 2 2 2 4 10
2 2 4 7 11
2 2 4 8 7 3
2 2 2 11 8 3
2 2 2 3 6 5 3 3
2 13 3 3
2 14 3 2
2 2 2 3 2 6
2 2 2 3 2 4
5 12
3 12
13
4 13
3 2 13
5 2 14
2 1 4 10 2
1 1 2 3 2 6 2
3 2 1 1 2 3 2 8 1
4 1 2 2 2 2 8 1
2 5 2 2 3 4 2
2 3 2 2 3 3 2
1 4 2 2 13 3
2 2 2 12 3
3 2 2 3 3
5 3 3 2 2 3
7 8 5 4
9 8 14
---
2 2 2 2 4 6
2 2 2 2 2 3 5
4 2 2 2 5 4
4 2 2 4 1 2 3
2 2 2 2 3 2 1 1 3
2 2 2 2 1 1 2 3 2
4 2 2 2 1 4 2
4 2 2 5 2 1
2 2 2 2 3 2 1
2 2 2 2 4
4 2 2 3
4 2 2 5
16 2 2
15 2 3
2 2 13
2 2 15
4 3 2 5 2
7 8 6 3
4 4 29
3 2 1 31
2 1 12 9
2 2 3 6 8
2 3 7 12
2 3 17
3 1 4 10 4
4 15 7 2
7 11 9 2 1
5 10 10 2 1
15 2 2 2
12 2 2 2
6 2 2 3
6 2 2 3
3 3 3 2 2
2 3 7 1
3 3 7 1
3 3 6 1
3 2 2
3 2 6
5 8
3 10