# solver=cpp-1562f45ac
# cpu=AMD EPYC Processor (with IBPB)
# isolated_core=11
# strategy=basic
# n_solutions=1
# solve_time=0.00050
12
16
19
21
23
24
26
28
18 8
15 6
9 6
6 6
5 5 5
4 3 3 5
4 7 4
4 5 6 4
4 9 4
4 5 4
4 4
5 4
5 6 6 4
5 8 8 5
6 8 9 6
7 2 1 3 2 7
7 5 2 5 7
7 5 2 5 7
2 3 2 3 2
2 2 3 3 4 2 2
2 2 2 4 2 2 2
3 3 3 2 3
6 3 6
6 4 5
4 5 4
3 4 3
4 4
3 2 2 4
4 3 3 5
4 8 5
4 6 5
5 6
7 7
19
18
20
3 18
3 20
5 13 7
6 12 8
7 10 8
6 8 6
---
7 2
9 3
15 3 3
18 2 4
25 4
27 5
9 7 6 5
9 7 4
9 3 1 13
10 1 4 1 2 10
10 1 3 2 1 10
11 1 3 2 1 10
10 2 3 2 10
10 2 3 2 2 10
10 1 1 3 1 3 10
10 1 1 3 1 3 9
10 2 1 2 2 9
10 1 1 2 2 9
9 1 1 6 3 2 9
9 1 1 11 2 9
9 1 2 3 6 3 10
9 1 1 1 3 1 4 3 9
8 1 2 1 3 2 2 9
7 1 1 1 3 2 9
7 1 1 1 3 2 1 9
7 2 1 3 2 1 10
7 1 1 4 1 1 7 4
7 1 1 3 2 6 4
8 1 6 4
9 5 7 4
29 4
26 4
19 2 4
16 3 3
9 3
7 2