# solver=cpp-6b570c1b3
# cpu=AMD EPYC Processor (with IBPB)
# isolated_core=11
# strategy=basic
# n_solutions=1
# solve_time=0.00020
6 5 7
5 2 4 3 3
5 1 6 3
5 2 4
5 3 3
5 1 1 1 3
4 2 3 3 4
4 2 1 1 4
4 2 3
4 2 2 2 4
3 3 6 3
3 3 4 3
2 7 5
2 2 3 4 5
2 1 1 2 1 3
1 2 2 1 1 2
1 4 2 1 2
1 7 2 2 2
2 2 1 1 1 1 6
2 3 1 5 3
2 1 2 1 1 5
2 1 2 1 1 6
2 3 1 8
3 5 9
12 10
---
18 6
15 7
12 2 2
10 1 1 1
6 1 3 1
1 3 3 1
3 2 4 2
2 2 4 1 2 2
1 1 7 3 3
1 3 4 2 1 4
2 5 1 5
3 1 1 2 1 2 1
2 3 2 1 2 1
2 1 2 3 1
1 2 2 3
2 2 1 1 2 1
2 1 2 1 1 2
2 3 2 2 3 4
1 1 1 1 1 2 1 3
1 2 1 4
1 3 3 7
1 5 5 7
12 2 7
4 5 6 5
3 3 4 5