# solver=cpp-86fd3e96b
# cpu=AMD EPYC Processor (with IBPB)
# isolated_core=11
# strategy=basic
# n_solutions=1
# solve_time=0.00040
4
7
8
9
10
10
4 10
6 10
7 10
10 9
7 2 9 1
8 4 9 2
2 8 9 3 3
1 10 8 5
16 9 5
24 5
20 4 1
14 3 2
2 12 2 1
5 14 1
22
24
25
27
28
30
14 8 5
13 6 5
11 5 5
10 5 2 2
8 5 1 1
7 5
6 5
6 5
5 2 2
5 1 1
4
4
3
2
---
5
7
8
9
1 1 9
2 3 10
3 2 11
3 2 12
3 2 13
3 4 13
8 13
9 11
2 5 11
2 6 9
11 9
11 9
3 17
4 15
2 14
2 12
1 11
13
17
21
23
25
27
29
13 8 5
12 6 5
10 5 5
9 5 2
7 5 2
7 1 1 3 5 2
6 3 3 5
5 6 5
5 4 2
4 6 2
3 3 1 2 2
2 3 2