# solver=cpp-400bd85f2
# cpu=AMD EPYC Processor (with IBPB)
# isolated_core=11
# strategy=basic
# n_solutions=1
# solve_time=0.00040
2 15
1 18
19
4 9
1 3 5
2 4 2
2 5 1
2 7 2
3 7 1
4 7 2
5 8 1
5 9
5 6
6 6
6 4
6 1 2 6
6 4 1
6 3 2 4
8 1 2
4 2
6 8 1 4
2 2
2 3 5 1
8 6 2
2 2 1
8 2
8 3 1
2 1 3 6 2
4 15 1
4 4 1
2 7 1
2 2 2 1
2 2 2 1
2 2 2 1
2 4 1 5 2 5
---
1 1 2
6 1 2 2 2
9 1 2 1 3
11 1 3 1 2
2 14 1 1 2 2 1
1 17 1 2 3 2 1
3 10 2 2 2 1
5 1 2 2 2 1
7 2 1 4 2
2 5 1 1 3 1 1 2
3 6 2 1 4 1 2
3 6 1 1 1 3 3 1
3 8 1 1 1 2 2 1
3 8 1 2 2 1 1 1
3 9 2 2 4 1
4 7 2 2 5 1
4 7 1 2 4 2
4 4 3 1 4 3
4 1 3 3 2
5 3 1 3 2
5 3 1 3 1 1
8 1 1 1 3 1
6 1 1 1 3 1
5 1 2 2 8
1 1 2 2 1