# solver=cpp-400bd85f2
# cpu=AMD EPYC Processor (with IBPB)
# isolated_core=11
# strategy=basic
# n_solutions=1
# solve_time=0.00060
9 2 14
9 2 16
10 2 2 18
10 2 2 20
3 2 9 9
4 3 3 4 2 8
5 10 3 7
4 12 2 7
3 7 3 5 2 7
7 2 5 2 8
8 1 2 3 3 3
10 2 3 3 2 2
6 3 1 3 3 2
6 2 1 2 2 3
6 4 4 4
6 4 3 4
6 2 3 3
6 4 3 3
7 5 6 3
15 6 3
3 5 3 3
2 4 2 4
2 5 5 3 3
2 6 7 3 3
3 2 17 3 2 3
3 2 16 2 2 3
3 2 6 6 3 1 2
3 4 4 3 2 2
3 9 2 2 2 2
2 3 8 3 2 2 2
2 3 7 3 2 2 2
2 2 2 4 4 3 2
3 2 9 11 2
4 2 7 11 2
4 2 3 3 3
7 6 2 4
17 3 8
12 4 12
5 20
5 20
---
2 3 6 14
3 4 7 16
4 4 11 5 4
4 3 10 4
4 2 11 3
4 12 2
4 5 3 1 3
5 7 2 2 3
14 3 3 3
14 3 3 2 1
1 5 10 4
3 10 4
2 2 1 5 3 4
2 2 2 2 3 2 4
2 2 4 2 3
1 4 2 3 3 3 3
12 2 2 2 10
5 6 5 2 9
7 2 2 2
4 3 2 3
3 6
3 5
3 2
3 2
3 2
2 2
2 3
3 2
5 3
6 3
6 2 5 2
8 3 4 4
6 2 3 6 7
6 8 4 8
5 5 3 3 3
5 3 4 3 2
6 3 8 2
6 3 12 2
5 2 10 3 3
4 2 6 2 3
4 3 2 3
5 2 3 3
6 3 1 7 4
12 7 4
11 3 4
10 7 4
10 9 5
10 4 6 6
14 19
12 17