# solver=cpp-298d4941
# cpu=AMD EPYC Processor (with IBPB)
# strategy=basic
# n_solutions=1
# solve_time=0.00070
11
17
22
26
11 15
11 2 15
11 4 15
11 6 14
22 14
2 20 12
3 7 13 2 5
2 6 13 5
2 6 14 7
3 7 20 3
4 7 8 2 3 2 2
5 8 7 3 3 3 1
2 3 9 4 2 3 3 2
2 3 10 4 2 3 2 2
2 15 4 2 5 2
2 16 3 2 5 2
2 3 11 4 2 5 2
2 2 11 4 3 3 2
2 2 4 7 3 3 3 1
2 2 2 8 4 3
2 2 2 15 2
2 2 2 10 4 3
2 2 2 2 2 3 2
2 2 3 2 3 3 2
2 2 2 2 3 3 2
2 2 3 2 3 3 1
2 2 3 2 3 3
2 2 2 2 3 2
2 2 2 2 2 2
2 2 2 2 3 2
2 2 2 2 3 2
2 2 2 2 2 2
2 2 2 2 2 2
3 2 2 2 2 2
3 2 2 2 2 2
2 2 2 2 2 2
3 2 2 2 2 2
4 3 2 2 2 2
12 2 2 2 2
14 2 2 2 2
7 6 6 2 6 2
6 8 6 3 6 3
5 11 3 3 3 2 3
4 12 2 3 3 3 2
19 9 11 3
19 8 10 3
---
6
7
8
8
6 2
6 2
7 3
7 4
26 2 4
28 2 5
8 8
4 3 9
3 35
4 34
6 4 7
8 2 6
12 2 5
19 4
21 2
22
23 4
24 5
7 2 10 3 2
6 3 8 2 2
5 5 13 2 2
4 7 15 2 2
4 10 7 19 2
4 11 6 16 3
4 11 5 3
5 11 4 3
5 11 25 2
6 13 23 3
5 7 5 2 4
6 8 4 2 5
6 4 2 3 4 3 2
6 4 2 2 6 2 2
7 5 2 1 2 5 2 2
7 5 2 3 7 2 2
7 2 3 1 3 16 2
7 2 3 5 12 3
8 3 11 3
7 4 4 7 2
6 2 6 21 1
6 3 6 19 2
11 4 5
13 3 3
7 5 4
8 3 4
4 3 2 4
2 3 2 3