# solver=cpp-400bd85f2
# cpu=AMD EPYC Processor (with IBPB)
# isolated_core=11
# strategy=basic
# n_solutions=1
# solve_time=0.00060
6
9
5 3
7 3
3 11
3 2 4 3
2 4 6
2 14
2 2 10 4
3 2 17
3 3 5 7 4
3 3 11 4
2 3 11 7
2 2 3 4 12
2 3 2 3 7 3
2 3 2 8 3 7
2 2 2 7 12
2 2 2 15 3
2 2 2 2 5 6 2 4
2 2 5 9 12
2 2 4 3 3 6 3
3 2 2 1 6 9 3
3 2 1 4 3 6 7
4 2 2 6 5 12
7 1 11 8 3
8 8 10 2
7 3 8 11
3 2 2 2 1 3 18
4 5 11 3 3
10 21 2
4 3 3 4 7 1 12
4 2 12 2 3 5
4 4 8 2 8 2
6 5 3 21 3
3 3 3 3 1 8 2 7
3 3 3 4 8 4
4 4 3 5 2 5 2
2 6 3 9 7 2
2 7 2 3 5 4 3
2 7 1 3 3 6
2 6 2 3 4 4
2 7 2 9 2
2 2 7 4 4 2
1 2 5 2 3 2
2 7 4
2 7 3
2 4 4
2 7
2 4
1
---
1
2
2
3
2
3 2 3
4 4 2 1
4 3 2 2
3 3 2 3
3 3 2 3
4 3 4 3
4 7 3
4 10
7 7 7
5 2 11
6 4
5 3
4 3 3
3 5 3
3 5 5 2
4 5 6 3
13 19
3 2 4 6 15
4 2 5 6 5
4 3 2 13 3
3 3 8 2 3 2 3
3 2 5 6 3 3 2
3 2 3 4 6 1 4 2
2 2 6 2 6 2 5 2
2 3 6 4 7 2 4
2 3 6 1 6 3 2 4
2 8 1 2 6 7 4
3 11 1 1 14 3
3 12 1 2 1 7 1 3 2
3 7 4 2 2 1 1 4 2 3 2
9 2 1 2 5 1 2 4 2 5
10 2 2 3 5 1 1 2 2 9
5 4 4 6 8 2 8 3
2 15 3 16 2 3
2 2 5 9 2 9 2 3 3
2 2 4 12 2 3 1 2 2 2
3 2 4 2 2 5 2 2 1 2 3 3
4 5 4 5 2 2 2 2 3 2
3 2 2 2 2 1 2 2 1 2 3 5
5 2 2 2 2 3 2 2 1 3 3
6 2 14 2 2 7
27 3 6
16 15
9 10
3