# solver=cpp-b64f6aebe
# cpu=AMD EPYC Processor (with IBPB)
# isolated_core=11
# strategy=basic
# n_solutions=1
# solve_time=0.00040
14
17
20
22
22
24
24
26
2 3 18
2 1 16
5 6 9
4 3 7
4 2 3 7
5 2 3 6
2 2 3 2 5
2 3 6 2 6
14 5
15 7
25
27
28
30
31
33
33
5 18 8
4 13 5 8
4 14 6 8
3 15 6 8
3 17 6 6
3 18 8 5
3 19 9 3
2 5 15 10 3
3 5 16 10 4
2 4 17 8 3
2 4 4 12 8 3
2 3 3 14 11
1 3 2 14 8
1 2 3 16 7
1 4 26
4 23
7 20
16 14
3 12 12
3 3 4 9
3 3 5 6
3 3 3 2 3
3 3 3 3 2
3 3
3 3
---
0
6
7
7 3
7 4
7 5
7 7 5
10 8 6
4 4 10 6
5 5 9 6
9 12 6
8 10 6 1
8 20 2
8 20 3
8 2 21 3
9 2 25 3 1
9 30 2
11 22 6 3
37 4 3
38 6 1
13 24 4 2
11 23 3 3
11 2 23 3 3
10 2 22 2 3 1
10 8 12 5 2
11 11 10 4 3
11 12 9 7
12 16 8 6
30 10
31 9
22 7 8
21 6 7
9 9 6 5
4 9 6 4
9 6 5
8 6 5
8 6 5
7 5 5
6 6 5
5 5 6
5 10
6 9
16
14
13
11
10
7