# solver=cpp-86fd3e96b
# cpu=AMD EPYC Processor (with IBPB)
# isolated_core=11
# strategy=basic
# n_solutions=1
# solve_time=0.00040
7
11
6 8
6 10
21
22
24 8
25 12
8 13 14
8 25
7 24
6 5 23
6 11 23
4 14 23
3 30 9
1 30 2 5
32 2 4
34 1 4
36 4
38 4
19 16 3
17 17 4
12 7 11 4
14 7 12 3
14 6 12 3
15 6 13 2
4 4 4 6 4 8 1
3 4 4 6 3 9
3 4 3 6 3 9
2 4 6 3 10
2 4 6 2 10
1 5 6 1 12
4 6 12
5 6 8 4
5 6 8 4
6 7 9 3
6 6 8 3
5 6 9 2
6 9 2
6 10 1
6 10
6 9
7 7
7
9
12
18
24
34
37
---
1
9 2
10 2
10 2
9 2
4 9 3
5 16 3
6 20 3
7 22 4
7 23 4
8 12 7 4
8 13 5 4
8 14 3 5
8 15 2 5
8 10 5 1 6
7 11 3 8
7 11 3 11
7 11 2 15
2 4 11 1 17
2 4 10 19
2 5 9 21
2 6 9 23
9 8 14 6
10 7 13 5
10 7 11 4
11 6 10 1 4
28 2 3
25 3 3
23 3 3
22 4 2
20 4 5 2
18 6 6 2
24 7 2
19 9 2
19 11 2
19 12 1
34 1
34
9 23
8 20
8 17
9 13
11 12
12 12
9 10
9 5 8
20 6
17
13
6