# solver=cpp-86fd3e96b
# cpu=AMD EPYC Processor (with IBPB)
# isolated_core=11
# strategy=contra
# n_solutions=1
# solve_time=0.00040
16
18
20
22
7 7
7 2 2 7
7 2 2 7
7 2 3 7
8 3 2 7
10 3 2 3 7
12 3 3 3 7
14 3 3 7
7 7 2 3 3 7
6 7 2 3 3 6
5 6 2 3 3 5
4 7 3 2 4
4 27 4
4 28 4
4 3 7 4 4
4 3 7 4 4
4 3 7 4 4
4 3 7 4 4
4 28 4
4 27 4
4 7 4
5 7 5
6 7 6
7 7 7
7 14
7 12
7 10
7 8
7 7
7 7
7 7
7 7
22
20
18
16
---
16
18
20
22
7 7
7 7
7 8 7
7 8 7
8 8 7
10 2 2 7
12 2 2 7
13 2 2 7
7 9 2 7
6 8 2 6
5 7 2 5
4 1 7 2 4
4 2 7 2 4
4 1 3 7 2 4
4 2 2 9 4
4 2 1 1 8 4
4 1 2 8 4
4 2 2 9 4
4 1 3 1 2 7 4
4 3 3 2 7 4
4 4 3 2 7 4
5 4 3 2 7 5
6 3 5 8 6
7 3 4 9 7
7 3 3 2 14
7 3 2 2 12
7 11 10
7 10 8
7 8 7
7 6 7
7 7
7 7
22
20
18
16