# solver=cpp-6b570c1b3
# cpu=AMD EPYC Processor (with IBPB)
# isolated_core=11
# strategy=basic
# n_solutions=1
# solve_time=0.00050
3 10
4 2 14
5 4 18
6 1 2 1 20
3 2 2 4 14
2 3 2 4 12
2 3 4 3 9
2 3 6 3 8
2 4 6 9 7
2 4 6 10 7
1 3 4 3 4 6
2 2 2 3 6
3 2 4 2 2 6
2 2 4 2 2 6
2 2 2 2 5
2 2 2 2 5
10 2 2 3 5
10 2 3 4 5
2 10 4
2 2 5 4
2 5 3
2 4 5
4 5 15
5 7 15
4 17 7
5 16 5
8 7 3 3
8 5 2 4
2 2 5 3 3 2 3
2 3 6 10 4 2
10 2 21 2
10 2 6 13 2
2 2 2 2 9 2
2 2 2 2 8 3
10 2 2 16
10 2 2 15
2 2 2 2 5 3
2 2 2 3 3
10 2 18
10 2 16
2 3 2 3
2 2 2 2
2 2 2 2
2 2 4 2
2 14
2 15
2 3 3 2
2 2 3 3
2 16
2 16
---
8 2 2 2 2 6
8 2 2 2 2 6
4 2 10 2 2
4 2 10 2 2
10 2 5 6 2
11 2 4 6 2
8 2 7 2 2
6 2 6 2 2
6 11
4 10
1 3 4
1 5 6
49
49
1 5 8
1 3 9
4 4
2 3
3 8 2 2
17 2 2
9 2 5 2 10 4
4 2 2 1 3 2 12 5
4 2 1 11 10 2
3 2 14 8 2
4 2 2 3 5 6 3 2 2
5 2 2 2 4 7 2 2 3
5 3 3 3 8 2 6
5 4 4 2 9 2 7
6 10 2 9 9 2
6 8 2 8 8 2
6 3 7 2 3 2
7 4 8 2 2 2
8 6 5 2 2 2 2
10 9 4 2 3 2 3
25 3 2 12
19 4 2 2 13
17 5 6
16 5 6
13 12
9 9