# solver=cpp-6b570c1b3
# cpu=AMD EPYC Processor (with IBPB)
# isolated_core=11
# strategy=basic
# n_solutions=1
# solve_time=0.00060
0
0
16
18
3 2 3
3 3 3
3 3 4 3
3 2 4 3
7 2 4 3
7 2 4 2
3 8 2
3 8 2
4 2 4 2
4 2 4 2
2 2
2 2
2 3 2
3 4 3
2 6 3
3 6 2
11 2
10 2
2 4
3 5
10 4
11 3
6 3
7 2
3 2 2
3 2 2
6 3 6
7 3 6
5 2 3 2 2
5 2 3 3 2
2 2 2 3 3 2
2 2 2 3 3 3
4 2 5 4 2 3 3
4 2 6 5 2 3 3
10 3 4 2 3 5
8 3 4 2 2 4
3 10 2
3 10 3
6 2 3
7 2 3
10 10 3
12 12 2
2 2 2 2 2 2 2 2 2
2 2 2 2 2 2 2 2 2
36
36
---
0
0
0
0
6
9
4 5
5 3
3 4 4 4
2 4 6 5
2 2 3 2 4 2 2
2 2 2 2 4 2 2
2 2 2 2 4 2 6
3 2 2 2 5 2 6
3 2 2 3 4 2 2
3 2 2 2 4 3 2
3 2 2 2 2 8
3 2 2 3 2 9
3 2 2 6 3 6 2
2 2 2 8 2 7 2
2 2 2 4 7 2 5
2 3 2 2 5 2 4
5 2 2 3 2
4 2 2 1 2
2 4 2 2 2 4
2 4 2 2 3 5
2 2 4 6 2 2
2 2 4 7 2 2
2 8 4 10
2 8 5 10
2 4 3 4 2 2
2 4 3 4 2 2
2 3 2 2 6
3 4 2 2 6
3 2 3 4 2 2
3 2 5 2 2
3 7 3 5
3 8 3 4
12 3 3 4 2
10 3 3 5 2
10 2 3 2
8 3 3 2
2 3 7
2 3 6
7
6
0
0
0
0