# solver=cpp-b64f6aebe
# cpu=AMD EPYC Processor (with IBPB)
# isolated_core=11
# strategy=basic
# n_solutions=1
# solve_time=0.00050
7
7
5
5
6
6
8
10
6 13
8 16
3 4 10 4
3 5 10 4
3 7 10 4 5
2 9 10 2 2 6
5 18 2 2 5
4 17 4 4
3 7 7 5
2 4 8 7
7 20
8 20
6 5 13
5 4 11 1
5 4 8 2
5 3 6 2
4 3 6 2
4 2 6 1 3
4 2 7 2 3
4 3 7 2 2 1
7 7 2 2 2
7 7 3 6
6 6 3 4
4 5 1 1 2 2
3 5 2 2 2 3
2 4 2 2 2 4
4 2 2 3 3
2 3 3 4 2
1 7 3 2
6 2 2
---
6
7
3 3
3 2
3 2 7
2 2 9
2 3 11
2 5 13
8 5 6
8 5 7
8 4 7
7 3 5
8 3
6 2
11
12 3
7 2 7
1 7 3 7
2 13 7
2 12 6
2 13 6
3 14 5
21 5 2
22 6 3
11 6 5 6
9 2 6 4 7
7 4 9 2
6 1 1 8 3
4 1 1 7 6
3 4 6 4
3 2 7 4
3 8 6
14 7
12 7
10 4 4
8 6 3
3 3 5 5
1 1 5 6
3 6
3 5