# solver=cpp-298d4941
# cpu=AMD EPYC Processor (with IBPB)
# strategy=basic
# n_solutions=1
# solve_time=0.00060
3
5
7
8
10
1 1 5 2
8 1 3
1 6 1 1 1 2
2 5 3 1 1 3
3 3 5 1 1 1 1 1 1 1
4 9 1 1 1 1 1 2
13 3 1 1 1 1 1 2
14 5 1 1 1 1 1
5 8 6 1 1 1 2
4 7 9 1 3
4 4 14 1
4 4 13 2
4 4 13 2
5 4 12 3
5 5 11 3
6 6 6 5
6 6 4 2 4
6 6 3 4
6 6 3 4
6 6 3 4
6 5 3 4
6 5 3 4
4 3 3 5
3 2 3 5
3 2 3 5
---
6 7
21
5 20
4 3 20
10 19
5 4 2 9 1
10 3
8 5
6 6 6
4 19
2 22
1 1 22
1 1 19 1
2 1 1 3 7
2 3 4
1 1 10
1 1 9
2 1 9
2 11
1 1 10 1
1 1 9 2
1 1 8 3
1 1 8 7
1 1 6 7 1
1 1 1 5 6 2
1 1 7 3
1 1 1 3 10
1 1 2 12
2 2 13
17