# solver=cpp-86fd3e96b
# cpu=AMD EPYC Processor (with IBPB)
# isolated_core=11
# strategy=contra
# n_solutions=1
# solve_time=0.00050
13
2 4
1 8 2
2 2 2
2 1 4 3 2
2 3 1 3 1 1
1 2 3 1 1
1 2 1 1 3 1
1 1 2 2 1 1 2
1 1 3 6 1 1
2 2 5 3 3 1
2 2 1 5 2 1
1 2 1 5 1
2 2 6 1 2
2 2 1 1
2 7 1
2 1
5 1
3 2
11
---
0
0
6
2 2
2 3
3 4 2
2 2 2 2
1 1 1 2
1 2 2
1 2 1 3 1
1 1 2 4 1
1 1 3 2 1 1
1 1 1 1 4 2
1 1 1 1 2 2 1
1 1 1 2 2 2 2
1 1 3 1 1 1 1
1 1 3 1 1 1
1 2 2 1 1 1
2 2 4 2 1 1
1 2 1 2 1 1
1 1 2 1 2 1 1
2 1 1 3 1 1
2 1 5 1
2 1 1
10 2
6
0
0
0
0