# solver=cpp-1562f45ac
# cpu=AMD EPYC Processor (with IBPB)
# isolated_core=11
# strategy=basic
# n_solutions=1
# solve_time=0.00030
1 2 2 1 2 2 1 2 2 1
1 3 1 1 3 1 1 3 1
1 1 1 1 1 1 1 1 1 1 1 1 1
1 1 1 1 1 1 1 1 1 1 1 1
1 1 1 1 1 1 1 1 1
1 1 1 1 1 1
1 5 1 5 1
1 1 1 1 1 1 1
1 5 1 5 1
1 1 1
5 7 5
5 5
0
5 5
5 7 5
1 1 1
1 5 1 5 1
1 1 1 1 1 1 1
1 5 1 5 1
1 1 1 1 1 1
1 1 1 1 1 1 1 1 1
1 1 1 1 1 1 1 1 1 1 1 1
1 1 1 1 1 1 1 1 1 1 1 1 1
1 3 1 1 3 1 1 3 1
1 2 2 1 2 2 1 2 2 1
---
1 1 1 1 1 1
1 1 1 1 1 1
1 1 1 1 1 1 1 1
2 1 1 1 1 1 1 2
2 1 5 5 1 2
2 1 1 1 1 1 1 2
1 1 1 3 1 1 3 1 1 1
1 1 1 1 1 1 1 1 1 1
1 1 1 1 1 1 1 1 1 1
1 1 1 1 2 2 1 1 1 1
1 1 1 3 1 1 3 1 1 1
2 1 1 1 1 1 1 2
2 1 5 5 1 2
2 1 1 1 1 1 1 2
1 1 1 3 1 1 3 1 1 1
1 1 1 1 2 2 1 1 1 1
1 1 1 1 1 1 1 1 1 1
1 1 1 1 1 1 1 1 1 1
1 1 1 3 1 1 3 1 1 1
2 1 1 1 1 1 1 2
2 1 5 5 1 2
2 1 1 1 1 1 1 2
1 1 1 1 1 1 1 1
1 1 1 1 1 1
1 1 1 1 1 1