# solver=cpp-b64f6aebe
# cpu=AMD EPYC Processor (with IBPB)
# isolated_core=11
# strategy=basic
# n_solutions=1
# solve_time=0.00030
4
8
2 5
3 5
4 5
6 5
7 4
9 4
4 6 4
3 6 4
4 6 3
4 6 3
4 5 5 3
6 5 5 3
4 3 6 5 3
3 2 12 2
2 3 13 3
3 2 13 3
6 19
4 21
11 2 2 2 4
10 2 2 2 2 2
8 18
8 18
12 10 3
11 4 3 3
7 3 3 3
6 2 3 3
7 2 3 3
8 5 3
8 4 3
8 4 3
7 7
6 7
11
8 4
27
3 11 5
5 11 2
22
---
4 4 2
6 7 3
4 13 4
3 13 1 2
2 14 1 2
3 1 14 1 2
3 6 13 1 1
6 4 13 2 1
2 6 2 2 6 2 1
2 7 3 2 6 4
2 9 3 2 10
2 10 2 3 9
2 3 10 3 8
3 3 9 3 7
2 4 12 6
3 4 8 3 7
2 5 6 18
3 5 5 19
2 19 6 1 2
3 12 4 7 1 2
3 10 3 3 2 1 1
4 9 8 3 2 1
4 15 3 2 1
4 6 5 3 4
5 4 3 3 4
6 2 3 4 3
18 2
8 6 1
10
4