# solver=cpp-b64f6aebe
# cpu=AMD EPYC Processor (with IBPB)
# isolated_core=11
# strategy=basic
# n_solutions=1
# solve_time=0.00030
8 5 3
2 5 5 4 4
7 5 5 4 3
9 4 5 6 3
9 4 5 6 4
3 3 4 5 6 3
2 3 2 4 5 7 3
2 1 1 2 4 5 7 3
2 3 2 4 5 7 4
3 3 4 5 7 4
8 4 5 7 4
6 5 5 7 4
1 4 4 5 7 4
2 5 6 7 4
4 4 6 7 3
3 4 6 6 4
1 4 5 6 4
1 1 3 4 5 2
2 2 2 1 1
1 1 1 1 1 1
---
0
7
9 3
5 3 3 1
4 3 3 3
1 3 1 1 3 2 1
1 3 3 3
1 4 4
1 10 1
2 8 6
3 8
18 1
17
13
1 10 2
2 5 1
19
19
18 1
16
1 12
2 4 1
19
18
17 1
16
1 14
1 12
2 8 1 1
4 3
16
14 1
12
6
0