# solver=cpp-298d4941
# cpu=AMD EPYC Processor (with IBPB)
# strategy=basic
# n_solutions=1
# solve_time=0.00050
7 1 1 2 7
1 1 1 6 1 1
1 3 1 6 1 1 3 1
1 3 1 3 2 1 3 1
1 3 1 1 1 2 1 3 1
1 1 2 1 1 1
7 1 1 1 1 1 7
2 2 1
2 1 2 1 1 1 3 2
5 1 2 2 1 1 1 1
1 2 3 2 3 2
1 1 2 1 1 5 1
5 2 4 3
1 3 1 1 3 1 1
1 1 1 1 1 1 1 2 2
2 1 1 2 4
7 2 2 5 1
1 1 3 1
7 2 1 1 1 2 2
1 1 3 1 2 5
1 3 1 4 1 5 2
1 3 1 1 3 1 2
1 3 1 7 3 2 1
1 1 1 3 3 1 2
7 1 2 1 1 2 2
---
7 4 1 1 7
1 1 2 2 1 1
1 3 1 1 1 2 1 3 1
1 3 1 2 1 1 1 3 1
1 3 1 1 2 2 1 3 1
1 1 3 1 1 1
7 1 1 1 1 1 7
1 1 1
2 4 5 2 1 2
1 2 1 1 1 3 1
2 1 3 2 2 2 1 1
3 1 1 1 1 6
3 2 4 4
2 1 1 1 1 2 2 3
1 1 1 4 1 2 1 1 1
5 1 1 1 2
2 1 4 11 2
3 2 1 2
7 9 1 1 1
1 1 1 4 2 3
1 3 1 2 1 2 6 1
1 3 1 1 1 2 3
1 3 1 1 1 2 2 1
1 1 2 1 1 3 2
7 4 1 2 3