# solver=cpp-86fd3e96b
# cpu=AMD EPYC Processor (with IBPB)
# isolated_core=11
# strategy=basic
# n_solutions=1
# solve_time=0.00040
0
0
7
4 1
3 4
3 8
2 6 2
2 1 3 1 1
2 3 1 1 8
2 2 8 1 1 4
2 1 2 4 1 4 1 1
2 1 1 4 1 4 1 2
2 1 2 1 1 5 2
2 1 1 3 2 2 2
2 2 2 2 1 2 2
2 2 2 2 1 1 2
2 1 1 2 1 1 2
2 1 1 2 1 1 2
2 1 1 2 1 2 2
2 1 2 2 1 1 2
2 2 5 1 1 1
1 2 6 1 2 2
1 1 4 2 1 2 1
1 2 3 3 3 2
1 4 2 2 2
2 1 2 6
2 2 5
3 5 2 4
6 2 2 3
1 4 4 3
4 2 3
4 2 2 3
4 1 7
4 1 7
5 3 5
8 4
12
11
9
7
---
4 6
16 8
19 11
2 11 10
1 1 8 7 6
1 6 8 4 5
1 3 1 5 2 5
4 2 3 6
4 2 2 2 4
3 2 1 1 5
6 1 1 2 3
1 4 2 2 4
4 4 2 2 4
1 1 9 6
5 4 8
6 2 7 3
4 14 2
16 3
1 4
4 7
1 18
6 6
3 2 3
3 2 2
6 4 2
1 7 2
3 3
1 8
10
3