# solver=cpp-1562f45ac
# cpu=AMD EPYC Processor (with IBPB)
# isolated_core=11
# strategy=basic
# n_solutions=1
# solve_time=0.00020
30
1 1
1 1
1 1
1 1
1 1
1 1
1 1
1 1
1 9 1
1 9 1
1 2 2 1
1 2 2 1
1 2 11 1
1 2 2 2 1
1 2 2 2 1
1 2 2 2 1
1 2 11 1
1 2 2 1
1 2 2 1
1 2 2 1
1 2 2 1
1 2 2 1
1 2 2 1
1 2 2 1
1 2 2 1
1 2 2 1
1 2 2 1
1 2 2 1
30
---
30
1 1
1 1
1 1
1 21
1 21
1 2 1
1 2 1
1 2 1
1 2 1
1 2 1
1 21
1 21
1 1 1 1
1 1 1 1
1 1 1 1
1 1 1 1
1 1 1 1
1 1 1 1
1 1 1 1
1 1 1 1
1 2 2 1
1 3 1
1 1 1
1 1
1 1
1 1
1 1
1 1
30