# solver=cpp-298d4941
# cpu=AMD EPYC Processor (with IBPB)
# strategy=basic
# n_solutions=1
# solve_time=0.00040
30
30
2 2
2 2
2 2
2 2
2 2
2 2
2 2
2 1 2
2 1 1 2
2 2 1 2 2
2 2 1 2 2
2 7 2 2
2 8 2
2 9 2
2 17 2
2 9 2
2 7 2
2 9 2
2 2 1 2 2
2 3 1 3 2
2 1 2
30
2 2
2 2
2 2
2 2
30
30
---
30
30
2 1 2
2 1 2
2 1 2
2 1 2
2 1 2
2 1 2
2 1 2
2 1 2
2 1 1 2
2 1 1 1 2
2 2 1 1 1 2
2 2 1 2 1 2
2 2 3 2 1 2
2 7 1 2
2 7 1 2
2 7 1 2
2 15 2
2 7 1 2
2 7 1 2
2 6 1 2
2 5 2 1 2
2 2 1 2 1 2
2 2 1 1 1 2
2 1 1 1 1 2
2 1 1 2
2 1 2
30
30