# solver=cpp-a0f9b8019
# cpu=AMD EPYC Processor (with IBPB)
# isolated_core=11
# strategy=basic
# n_solutions=1
# solve_time=0.00020
30
1 1 1 1 1 1
1 1 1 1 1 1
1 1 1 1 1 1
1 1 1 1 1 1
1 1 1 1 1 1
1 1 1 1 1 1
1 1 1 1 1 1
1 1 1 1 1 1
1 1 1 1 1 1
1 1 2 2 1 1
1 1 2 2 2 1
1 2 2 2 2 1
1 2 3 2 1
1 2 2 1
1 2 2 1
1 6 1
1 1
1 1
1 1
1 1
1 1
1 1
1 1
1 1
1 1
1 1
1 1
1 1
30
---
30
1 1
1 1
1 1
1 1
1 1
1 1
1 1
13 1
1 2 1
1 2 1
11 2 1
1 2 2 1
1 2 1 1
1 2 1 1
1 1 1 1
1 2 1 1
1 2 2 1
1 2 2 1
11 2 1
1 2 1
1 2 1
12 1
1 1
1 1
1 1
1 1
1 1
1 1
30