# solver=cpp-6b570c1b3
# cpu=AMD EPYC Processor (with IBPB)
# isolated_core=11
# strategy=contra
# n_solutions=1
# solve_time=0.00050
0
0
16
19 3
2 22
2 8 2 11 1
3 22 1
2 9 2 12
1 1 7 6 10
2 6 5 2 9 1
3 1 2 6 3 12
5 3 9 12
2 1 3 9 2 5 4
3 1 6 7 2 12
2 1 1 1 4 4 8 6
3 2 1 5 10 6
1 17 4 5
2 2 16 7
2 12 1 2 1 4
1 12 1 2 5
1 8 6 1 3 4
1 4 3 6 1 1 7
2 3 7 7 1 2 1 3
2 2 17 3
3 3 16 3
2 5 1 10 1 2
2 2 2 6 1 2 1
1 2 8 2 2
3 9 3
1 1 10
2 2 11 2
1 2 6 2
1 1 3 2
1 1
2
3
0
0
0
0
---
7
4 4
2 3
3 2 2
2 1 1
3 1 1
5 1 1
3 3 1 2 1
2 1 2 1 1 2 2
1 2 1 1 2 2 1 1 2
3 4 2 2 2 5
1 5 1 2 1 2 2
11 2 1 3 4
12 2 1 3 3
8 6 5
7 1 4 1 6
11 6 4 1
6 5 6 5
3 1 6 7 3 1
13 12
13 14
3 1 1 4 15 1
5 1 5 16 1
5 6 5 11
6 4 7 10
6 7 5 6
6 11 4 5
11 4 1 1 1 7
10 6 6 1
1 12 1 1 2 1
15 1 1 1 2
16 2 1 1
11 2 3 1
1 7 2 3 2
1 5 3 2 2 1 2
3 8 1 2 1 2 1
14 6
15
13
10