# solver=cpp-6dc88e3e
# cpu=AMD EPYC Processor (with IBPB)
# isolated_core=11
# strategy=basic
# n_solutions=1
# solve_time=0.00040
40
40
2 2
2 2
2 2
2 31 2
2 1 1 2
2 1 1 2
2 31 2
2 12 2
2 14 2
2 17 2
2 20 2
2 22 2
2 24 2
2 26 2
2 27 2
2 28 2
2 30 2
2 30 2
2 32 2
2 32 2
2 31 2
2 30 2
2 29 2
2 27 2
2 27 2
2 25 2
2 23 2
2 21 2
2 19 2
2 16 2
2 14 2
2 31 2
2 1 1 2
2 1 1 2
2 31 2
2 2
40
40
---
40
40
2 2
2 3 2
2 4 7 4 2
2 1 1 10 1 1 2
2 1 1 13 1 1 2
2 1 1 15 1 1 2
2 1 1 17 1 1 2
2 1 1 19 1 1 2
2 1 1 19 1 1 2
2 1 1 21 1 1 2
2 1 1 24 1 2
2 1 26 1 2
2 1 26 1 2
2 1 26 1 2
2 1 26 1 2
2 1 26 1 2
2 1 26 1 2
2 1 26 1 2
2 1 26 1 2
2 1 26 1 2
2 1 26 1 2
2 1 26 1 2
2 1 26 1 2
2 1 1 24 1 2
2 1 1 21 1 1 2
2 1 1 20 1 1 2
2 1 1 18 1 1 2
2 1 1 16 1 1 2
2 1 1 14 1 1 2
2 1 1 12 1 1 2
2 1 1 9 1 1 2
2 1 1 6 1 1 2
2 4 2 4 2
2 2
2 2
2 2
40
40