# solver=cpp-298d4941
# cpu=AMD EPYC Processor (with IBPB)
# strategy=contra
# n_solutions=1
# solve_time=0.00050
20
1 1 2 1
1 1 1 1 1
1 1 1 1
1 1 1
1 1 1
1 1 1
1 1 1
1 1
1 1
1 2 1
1 1 2 1
1 1 1 1 1
1 1 1 1
1 1 1
1 1 1
1 1 1
1 1 1
1 1
1 1
1 2 1
1 1 2 1
1 1 1 1 1
1 1 1 1
1 1 1
1 1 1
1 1 1
1 1 1
1 1
1 1
1 2 1
1 1 2 1
1 1 1 1 1
1 1 1 1
1 1 1
1 1 1
1 1 1
1 1 1
1 1
20
---
40
1 1
1 1
1 1
1 1
1 1 1 1 1 1
1 1 1 1 1 1
3 4 2 4 2 4 2 4 1
1 1 1 1 1 1
1 1 1 1 1 1
1 1
1 1
1 1
2 2 2 2 1
2 2 2 2 1
1 1
1 1
1 1
1 1
40