# solver=cpp-400bd85f2
# cpu=AMD EPYC Processor (with IBPB)
# isolated_core=11
# strategy=basic
# n_solutions=1
# solve_time=0.00020
1 1 1 1 1 1 1 1 1 1
1 1 1 1 1 1 1 1 1 1
1 1 1 1 1 1 1 1 1 1
1 1 1 1 1 1 1 1 1 1
1 1 1 1 1 1 1 1 1 1
1 1 1 1 1 1 1 1 1 1
1 1 1 1 1 1 1 1 1 1
1 1 1 1 1 1 1 1 1 1
1 1 1 1 1 1 1 1 1 1
1 1 1 1 1 1 1 1 1 1
1 1 1 1 1 1 1 1 1 1
1 1 1 1 1 1 1 1 1 2
1 1 1 1 1 1 1 1 2 1
1 1 1 1 1 1 1 2 1 1
1 1 1 1 1 1 2 1 1 1
1 1 1 1 1 2 1 1 1 1
1 1 1 1 2 1 1 1 1 1
1 1 1 2 1 1 1 1 1 1
1 1 2 1 1 1 1 1 1 1
1 2 1 1 1 1 1 1 1 1
2 1 1 1 1 1 1 1 1 1
---
21
1
19
1 2
17
2 3
15
3 4
13
4 5
11
5 6
9
6 7
7
7 8
5
8 9
3
9 10