# solver=cpp-1e16a40
# cpu=AMD EPYC Processor (with IBPB)
# strategy=basic
# n_solutions=1
# solve_time=0.00050
# solver=cpp-298d4941
# cpu=AMD EPYC Processor (with IBPB)
# strategy=basic
# n_solutions=1
# solve_time=0.00080
99
0
49 49
0
24 24 24 24
0
12 11 12 11 12 11 12 11
0
6 5 5 5 6 5 5 5 6 5 5 5 6 5 5 5
0
3 2 2 2 2 2 2 2 3 2 2 2 2 2 2 2 3 2 2 2 2 2 2 2 3 2 2 2 2 2 2 2
0
1 1 1 1 1 1 1 1
---
1 1 1 1 1 1 1
1 1 1 1 1 1
1 1 1 1 1 1 1
1 1 1 1 1
1 1 1 1 1 1
1 1 1 1 1 1
1 1 1 1
1 1 1 1 1 1
1 1 1 1 1 1
1 1 1 1 1
1 1 1 1 1 1
1 1 1 1 1 1
1 1 1
1 1 1 1 1 1
1 1 1 1 1 1
1 1 1 1 1
1 1 1 1 1 1
1 1 1 1 1 1
1 1 1 1
1 1 1 1 1 1
1 1 1 1 1 1
1 1 1 1 1
1 1 1 1 1 1
1 1 1 1 1 1
1 1
1 1 1 1 1 1 1
1 1 1 1 1 1
1 1 1 1 1 1 1
1 1 1 1 1
1 1 1 1 1 1
1 1 1 1 1 1
1 1 1 1
1 1 1 1 1 1
1 1 1 1 1 1
1 1 1 1 1
1 1 1 1 1 1
1 1 1 1 1 1
1 1 1
1 1 1 1 1 1
1 1 1 1 1 1
1 1 1 1 1
1 1 1 1 1 1
1 1 1 1 1 1
1 1 1 1
1 1 1 1 1 1
1 1 1 1 1 1
1 1 1 1 1
1 1 1 1 1 1
1 1 1 1 1 1
1
1 1 1 1 1 1 1
1 1 1 1 1 1
1 1 1 1 1 1 1
1 1 1 1 1
1 1 1 1 1 1
1 1 1 1 1 1
1 1 1 1
1 1 1 1 1 1
1 1 1 1 1 1
1 1 1 1 1
1 1 1 1 1 1
1 1 1 1 1 1
1 1 1
1 1 1 1 1 1
1 1 1 1 1 1
1 1 1 1 1
1 1 1 1 1 1
1 1 1 1 1 1
1 1 1 1
1 1 1 1 1 1
1 1 1 1 1 1
1 1 1 1 1
1 1 1 1 1 1
1 1 1 1 1 1
1 1
1 1 1 1 1 1 1
1 1 1 1 1 1
1 1 1 1 1 1 1
1 1 1 1 1
1 1 1 1 1 1
1 1 1 1 1 1
1 1 1 1
1 1 1 1 1 1
1 1 1 1 1 1
1 1 1 1 1
1 1 1 1 1 1
1 1 1 1 1 1
1 1 1
1 1 1 1 1 1
1 1 1 1 1 1
1 1 1 1 1
1 1 1 1 1 1
1 1 1 1 1 1
1 1 1 1
1 1 1 1 1 1
1 1 1 1 1 1
1 1 1 1 1
1 1 1 1 1 1
1 1 1 1 1 1