# solver=cpp-6b570c1b3
# cpu=AMD EPYC Processor (with IBPB)
# isolated_core=11
# strategy=basic
# n_solutions=1
# solve_time=0.00030
4 4
3 3 3 3
3 1 1 3 3 1 1 3
2 2 2 2 2 2
2 2 2 2 2 2 2 2
2 4 4 2 2 4 4 2
1 1 1 1 1 1 1 1
1 3 3 1 1 3 3 1
2 1 2 2 1 2 2 1 2 2 1 2
4 2 8 2 4
1 4 1 1 4 2 4 1 1 4 1
1 7 7 2 7 7 1
1 14 2 14 1
1 12 2 12 1
1 8 2 8 1
1 4 2 4 1
1 2 1
40
1 2 1
2 4 2
---
11
5 1 1
2 4 1
2 4 1
2 1 1 4 1
1 3 4 1
2 1 1 4 1
1 2 2 4 1
3 1 1 6 1
1 1 1 4 1
1 1 1 4 1
3 1 1 6 1
1 2 2 4 1
2 1 1 4 1
1 3 4 1
2 1 1 4 1
2 4 1
2 4 1
5 1 1
11
11
5 1 1
2 4 1
2 4 1
2 1 1 4 1
1 3 4 1
2 1 1 4 1
1 2 2 4 1
3 1 1 6 1
1 1 1 4 1
1 1 1 4 1
3 1 1 6 1
1 2 2 4 1
2 1 1 4 1
1 3 4 1
2 1 1 4 1
2 4 1
2 4 1
5 1 1
11