# solver=cpp-d85c7576
# cpu=AMD EPYC Processor (with IBPB)
# isolated_core=11
# strategy=basic
# n_solutions=1
# solve_time=0.00040
1 2 3
2 1 4
2 4 5
2 8
4 5
2 6
2 8
8
5 1
4 1
3 1
4 1
6
1 1
6
1 3
2 2
1 1
1 1 2
2 1 4
4 4 1
1 4 3
6 9
12 4
6 4
6 3 2
5 5 2
5 5 1
5 6 2
4 5 2
4 6 3
3 6 1 1
3 5 1 1
3 5 1 2
3 5 2 1
3 4 1 1
3 3 1 1
3 3 1 1
3 2 1 1
3 2 2 1
3 2 1 1
3 3 1 1
3 3 2 2
3 2 1 1
6 2 1
6 2 2
5 1 1
5 2 1
5 2 1
20
---
1 1 25
2 2 27
2 3 28
2 1 9 6
1 1 1 2 7 9
5 2 4 16 1
2 4 1 3 15 1
1 6 8 12 2
3 8 3 1 11 3
10 4 12 3 1
9 1 1 10 2 1
8 3 3 3 3 1
6 1 1 8 4 1
6 2 2 4 2 6 1
2 1 1 5 9 1
2 6 3 1
3 2 4 1
3 10 1
2 4 1
2 5