# solver=cpp-86fd3e96b
# cpu=AMD EPYC Processor (with IBPB)
# isolated_core=11
# strategy=basic
# n_solutions=1
# solve_time=0.00030
10
1 9
2
1 2 3
2 2 3
2 3 3
2 1 3 3
3 17 5
1 17 3 3
28 1 2
1 24 3 5
1 1 1
11 2
1 26
6 2
3 29 3
3
1 4 13 9
4 10
3 13 12
---
1 1
3 1 1 1
7 1 3 1
4 1 3 1
1 1 1 1 2
2 1 1 1 1
2 1 1 1 1
2 1 2 3
2 1 1 2
4 1 1 2
4 1 1 2
4 1 1 1
10 2 1 1 1
4 4 1 1 1 1
1 4 1 1 1 1
4 1 1 1 1
4 1 1 1 1
4 1 1 1 1
4 1 1 1
4 1 1 1
4 1 1 2
4 1 1 2
4 1 1 2
8 1 1 2
1 8 1 1 2
2 8 1 1 2
2 2 1 1 2
2 2 1 1 2
2 3 1 1 2
2 2 1 1 2
2 3 1 1 1 1
2 2 3 1 1 1 1
2 3 1 1 1 1 1
1 2 1 1 1 1
1 3 1 1 1 1
2 3 1 1
1 2 1 1
1 2 1 1
3 1 1
1 1