# solver=cpp-400bd85f2
# cpu=AMD EPYC Processor (with IBPB)
# isolated_core=11
# strategy=basic
# n_solutions=1
# solve_time=0.00030
6 5
3 4 7 4
9 1 4 3 1 1
3 3 2 3 2
5 1 1 4 1
9 1 4 4 2
2 2 1 4 4 2
2 10 7 4 1
3 2 2 8 6 1
3 2 3 1 2 1 1
5 4 1 3 1 2 1
7 2 6 2 1
9 3 4 2 1 1
1 3 1 2 2 1
3 1 1 3 2 2
5 2 1 3 1 2
7 4 2 3 2
1 1 2 2 1 2
1 2 2 2
6 2 3 1
4 1 1 1
2 2 2 2
1 1 2 3
4 2 2 1
2 1 2
4 2
3 2
2 3
1 1
0
---
1 2 11
1 3 2 3 3 4
2 1 1 3 3 2 5
1 1 1 1 4 2 2 1 3
1 1 1 6 2 1 1
1 1 1 6 1 1 2
1 1 1 1 3 1 3
3 1 1 2 3 1
2 1 2 1 2 5
2 1 3 1 4 7
2 1 1 2 4 5 1
1 2 2 1 2 4
2 3 10
3 1 1 3 1
1 3 2 3 2
3 1 4 10
4 4 8
5 2 4
4 4 3
2 3 3 1
9 1 2
2 4 6
2 2 3
1 8
8 2
1 6 2
1 4 2
1 2
4 4
11