# solver=cpp-a0f9b8019
# cpu=AMD EPYC Processor (with IBPB)
# isolated_core=11
# strategy=basic
# n_solutions=1
# solve_time=0.00030
15
3 3 1
2 2 1
2 2 1
1 1 1
2 3 2 1
1 2 2 1 1
1 1 1 1 1
1 2 2 1 1
2 3 2 1
1 1 1
2 2 1
2 2 1
3 3 1
15
0
0
0
0
0
15 15
1 1 1 1 1 1 1 1
1 1 1 1 1 1 1 1
1 1 1 1
1 1 1 1 1 1 1 1
1 1 11 15
1 1 1 1 1
1 1 2 1 1 1 1 1
1 1 2 1 1 1 1 1
20 15
---
5 10
3 3 1 1
2 2 1 1
2 2 1 1
1 1 1 1
2 3 2 3 2 3
1 2 2 1 1 1
1 1 1 1 1 1
1 2 2 1 1 1
2 3 2 3 2 3
2 2 1 5
3 3 1 1 1
1 2 2 1 1 1 1
1 3 3 1 1 1 1
1 5 1 6 1
1 1 1 1
1 1 1 1
1 1 1 1
1 1 1 1
15 5
0
0
0
0
0
10
1 1 1
1 1 1
1 1 1
1 1 1
3 2 3
1 1 1
1 1 1
1 1 1
3 2 3
1 1 1
1 1 1
1 1 1
1 1 1
10