# solver=cpp-400bd85f2
# cpu=AMD EPYC Processor (with IBPB)
# isolated_core=11
# strategy=contra
# n_solutions=1
# solve_time=0.00040
29 4 5
28 2 3 2 2
2 2 2 1 3 6
2 2 2 2 2
2 2 2 1 1
2 2 2 2 1 5 1
2 2 2 2 2 7 1
2 2 2 1 8 1
2 2 2 2 3 2 1
2 2 4 2 2 3 2 1 1 2 2
2 2 6 2 1 4 2 2 1
2 2 6 2 1 3 2 1 1 1
2 2 1 4 2 1 3 1 1 2
2 2 7 2 1 3 3 2 1
2 2 2 5 2 2 3 3 1
2 2 2 4 2 1 2 2 5 1
17 1 6 1 4 2 5 1
18 2 4 2 4 8 1
2 4 1 2 11 1
2 5 2 1 14
2 5 2 1 14
2 11 2 1 14
2 10 2 2 3 10
11 8 2 2 7 1
12 7 2 7 1
18 7 2 9
18 7 3 3 7
18 7 4 3 4
10 4
12
---
18 3
18 3
2 2 3
2 14
2 14
2 2 5
2 2 5
2 2 5
2 2 5
2 2 5
2 2 5
2 2 5
18 1 5
18 7
2 2 2 4 1
2 1 2 3 3 1
2 5 2 3 5
2 3 3 1 3 5
2 7 6 2
2 21
2 7 13
2 2 4 1 12
2 2 2 11
2 2 6
4 2 10 11
4 2 10 11
2 1
2 2 6 6
1 2 2 4 2
3 3 2
2 4 2
1 2 2 2
1 3 4 1
2 4 4 2
1 4 2 1
2 3 3 1
1 2 4 2
2 2 5 1
2 3 2 4 2
1 6 6 1
1 4 3 6 2
1 3 1 1 11 1
2 3 1 16
2 3 1 15
1 3 15
1 8 13
1 4 10
1 9
2 4 4 2
7 8 4