# solver=cpp-1e16a40
# cpu=AMD EPYC Processor (with IBPB)
# isolated_core=11
# strategy=basic
# n_solutions=1
# solve_time=0.00050
6 2 4
2 3 2 3
2 2 1 3
1 1 1 3
1 3 3
1 1 2 2
1 3 6 5 1
1 1 9 8
2 2 2 4 1 1 3 4
2 2 2 4 9 2
1 1 2 4 1 3 2 2 2
1 2 1 2 5 1
3 3 2 1
1 2 1 1
1 2 1 2
4 2 3
4 2 3 1 1 1
4 1 2 1 4
4 3 2 1 1 4
4 3 2 2 4
4 3 4
4 4
5 3 2 4
5 9 5
6 3 4 6
6 2 3 6
7 6 7
9 8
10 9
11 11
---
12 16
3 2 15
1 16
2 2 3 17
3 4 8
7 6
2 1 1 4
5 2 1 3
2 1 1 1 3
2 3 2
3 1 1 1 1
5 1 2
5 1 3 3
4 1 2 2 2 2
2 2 2 2 2 1
2 2 2 1
1 1 1
2 3 1
8 2 5
11 3 1
1 2 1 3 2 1
4 1 2 2
7 2 1 3
7 1 4
2 1 1 6
6 7
1 4 14
9 2 13
6 4 13
5 2 1 14