# solver=cpp-400bd85f2
# cpu=AMD EPYC Processor (with IBPB)
# isolated_core=11
# strategy=contra
# n_solutions=1
# solve_time=0.00070
2 2
3 3
5 3
6 3 2
5 4 6
4 5 3
2 5 5 2
7 3 5
9 7 4
9 2 12
12 7 3
11 8 3
9 5 4
9 3 8
9 13
7 14
6 17 3 1
5 12 5 7 5 2
4 10 30 3
2 7 38
6 7 3 5 7 1
4 5 3 7 3 6 1
3 5 9 3 2 2 3 1
2 6 11 2 4 2 2 1
2 7 11 2 2 1 1 2 1
2 7 12 2 2 2 1 2 1
12 13 2 2 2 2 1
27 2 8 2 2
4 8 8 3 5 2 2
2 2 4 6 3 4 2
1 9 3 10 2
4 3 6 2 3
2 1 4 3
6 10 3
2 1 7 4
2 1 1 5 4
1 5 5 4
1 2 2 4 5
1 2 2 4 6
2 3 2 6 7
2 3 2 5 9
3 6 4 11
5 5 4 14
8 3 17
60
---
2 9
4 6
6 4
7 3
8 3
2 8 5 2
11 3 5 2
9 3 1 5 2
10 4 2 1 3 1
9 4 1 1 2 2 1
10 2 2 3 1 1 2 1
9 6 2 9 2 1
3 4 7 3 2 2 2 1
3 16 5 1 2 2 1
2 3 12 5 1 4 1
3 2 2 9 8 3 1
3 1 2 2 7 8 2 1
2 2 1 2 6 8 2 1
3 2 1 2 6 9 1
3 2 2 2 6 5 2 1
2 2 2 2 6 4 3 1
3 2 2 5 3 3 1
3 2 2 5 3 4 1
3 2 3 5 2 5 1
2 2 2 5 2 5 1
2 2 2 5 3 7 1
1 2 2 2 2 2 7 1
1 2 2 4 8 1
1 2 1 4 8 1
1 1 3 8 1
2 2 3 8 1
1 2 3 9 1
2 2 10 1
1 6 1 1
1 4 4 2
3 7 3
2 3 3 1 3
3 2 3 2 2 1
3 2 4 2 3 2 1
3 1 6 2 4 2 1
3 1 1 2 2 5 3 1
3 1 1 1 2 2 8 1
3 1 3 2 2 8 1
3 2 2 1 3 5 2
3 2 2 2 2 2 2
3 5 2 2 1 2
4 2 2 3
12 1 3
11 3
4 4
4 4
5 5
5 5
4 6
5 7
4 8
4 11
4 14
3 18
29