# solver=cpp-400bd85f2
# cpu=AMD EPYC Processor (with IBPB)
# isolated_core=11
# strategy=basic
# n_solutions=1
# solve_time=0.00050
0
0
6 2
1 8 6
3 8 9
5 8 10
7 8 12
8 8 13
10 8 14
11 8 15
12 8 16
12 8 17
12 8 17
10 8 18
10 8 8 10
9 8 8 9
9 8 8 9
8 8 8 8
9 8 8 8
8 8 8 8
8 8 8 8
8 8 8 8
8 8 8 8
8 8 8 7
18 8 8 7
18 8 8 7
18 8 8 7
18 8 8 8
18 8 8 8
18 8 8 7
18 8 8 7
18 8 8 7
8 8 8 8
9 8 8 8
8 8 8 8
8 8 8 8
9 8 8 9
9 8 8 8
9 8 8 9
9 8 8 10
10 8 8 10
10 8 18
11 8 18
12 8 17
12 8 16
10 8 15
9 8 14
8 8 12
6 8 11
5 8 9
2 8 8
8 8
8 8
8 8
8 8
8 8
8
17
17
17
17
17
17
17
17
0
8
8
8
8
8
8
8
0
0
---
0
0
13
19
23
27
30
32
35
36
13 8 13
11 8 11
10 8 11
10 8 9
9 8 9
9 8 9
8 8 8
9 8 8
8 8 8
8 8 8
0
62
62
63
63
63
63
63
63
8
54 8 7
54 8 7
53 8 7
53 8 7
53 8 7
53 8 7
52 8 7
52 8 7
10 9
10 9
10 10
11 10
11 11
12 12
14 14
35
33
30
27
24
19
15
2
0
0