# solver=cpp-1562f45ac
# cpu=AMD EPYC Processor (with IBPB)
# isolated_core=11
# strategy=basic
# n_solutions=1
# solve_time=0.00030
22
1 1 1 3 1 1
1 4 1 2 1 5 2
1 2 1 3 3 2
1 4 1 1 5 2 2
1 4 1 2 1 3 2
22
1 3 2 2 6
1 1 1 4 9
1 1 1 2 2 1 6
1 3 4 1 2 6
1 3 1 3 6
22
1 1 2 3 2 1 4
1 1 1 3 2 1 2 3
1 1 1 3 2 1 4
1 1 2 3 2 1 1 4
1 1 2 3 1 2 3
22
1 2 3 1 2 4
1 2 1 1 1 1 7
1 2 1 1 1 4 5
1 2 1 3 6 4
1 2 3 3 5
22
---
25
1 1 1 1 1
1 1 4 10 3 1
1 1 5 3 1 3 1
1 6 5 5 2
7 3 9
1 7 1 1
8 2 8 4
1 1 1 1 9 3
1 1 3 1 1 8 4
1 1 2 2 2 1 1
2 2 11 7
8 6 1 4
2 2 1 3 1 7
1 1 1 1 1 1 8 2 1
1 1 1 1 1 1 1 1 1 1
1 2 8 1 3 1 1 1
13 1 2 2 2
1 12 2 7
1 19
1 23
25