# solver=cpp-1e16a40
# cpu=AMD EPYC Processor (with IBPB)
# strategy=backtrack
# n_solutions=2
# solve_time=0.00070
# solver=cpp-298d4941
# cpu=AMD EPYC Processor (with IBPB)
# strategy=backtrack
# n_solutions=2
# solve_time=0.00080
7 1 1 1 1 1 7
1 1 5 1 1 1
1 3 1 3 1 1 3 1
1 3 1 3 1 3 1 3 1
1 3 1 1 2 1 1 3 1
1 1 2 1 1 1 1
7 1 1 1 1 1 7
1 1 3
4 1 1 4 2 3 1
3 1 1 2 2 1 1
1 6 1 1 4
2 1 3 2 1 2 1
1 2 5 1 2 5 2
1 1 2 2 3 1 1
2 1 1 1 2 1 3 3
1 1 1 2 2 1 1 2
2 1 1 1 5 1
1 1 1 3
7 2 1 1 1 3
1 1 2 2 1 1 2
1 3 1 1 2 5 1
1 3 1 2 2 2
1 3 1 3 2 3 1
1 1 1 4 2 2 2
7 1 1 1 1 4
---
7 1 1 1 7
1 1 1 1 1 1 1
1 3 1 2 1 2 1 3 1
1 3 1 2 2 1 3 1
1 3 1 1 1 1 1 3 1
1 1 1 1 2 1 1
7 1 1 1 1 1 7
1 2 1
1 3 1 1 6 1 4
3 3 1 3
4 8 2 1 1
1 2 1 1 3 1 2
2 2 5 2 1 1
1 1 3 1 3 1
1 1 2 2 6 2
4 1 5 2 1
1 1 5 1 9 1
2 1 1 1 1 3
7 2 1 1 1 1
1 1 2 3 1 1 2
1 3 1 1 1 1 5 1
1 3 1 1 5 1 1
1 3 1 1 2 2 1
1 1 1 1 2 2 4
7 5 1 4 2