# solver=cpp-86fd3e96b
# cpu=AMD EPYC Processor (with IBPB)
# isolated_core=11
# strategy=contra
# n_solutions=1
# solve_time=0.00050
10
4 4
3 3
2 9 3
2 3 3 2
2 2 3 2
1 2 6 2 1
2 2 3 3 2 2
1 2 2 2 2 1
2 1 2 4 2 1 1
1 2 2 2 3 2 5
1 1 1 2 2 3 3
1 2 2 2 2 2 2
1 1 1 1 4 3 2
1 1 2 2 2 2 2 2 1
1 1 1 1 1 2 1 2 1 1 2
1 1 1 2 1 3 1 1
1 1 1 1 2 2 1 1
1 1 1 1 1 2 3 2
1 1 1 1 1 5 5
---
11
3
3
2 8
2 3
2 3
1 2 6
2 2 3
1 2 3
1 2 2 4
2 1 2 3
1 2 2 3
1 1 1 2 3
1 1 2 2 4
1 1 1 2 2
1 1 1 1 1
1 1 1 1 1
1 1 1 2 2
1 1 2 1 2
2 2 1 2 2
1 1 2 2 1
1 2 2 6
2 1 2 2 2
1 2 4 2
2 2 2 1 1 1
1 2 2 2 1
2 3 1
2 1 2
3 1 1
5 2 2
1 1 1
2 1 1
2 1
3 2
4