# solver=cpp-1e16a40
# cpu=AMD EPYC Processor (with IBPB)
# isolated_core=11
# strategy=basic
# n_solutions=1
# solve_time=0.00050
4 5
5 6
6 8
6 8
5 6 8
7 6 13
9 4 3 18
9 3 35
26 4 8
13 3 12 2 8
12 16 1 8
9 18 7
8 17 6
7 10 2 4
5 10
9
11
12
15
18
19
19
19
4 5
4 4
3 4
4 4
3 3
3 3
2 3
3 2
5 3
6 4
4 4
3
---
2
2
2
6
9
11
11
11
11
11
9
7
2
1
2
3 3
4 6 2
4 8 3
1 3 11 3
4 5 16
15 5 7
23 3
23
23
5 16
16
16
16
16
1 15
1 4 14
1 3 18
2 3 18
4 3 8 4
7 3
3
1
1
1
1
1
1
9
12
14
14
14
14
13
10
3
3
3
3
3
1
1
1
1
1