# solver=cpp-1562f45ac
# cpu=AMD EPYC Processor (with IBPB)
# isolated_core=11
# strategy=basic
# n_solutions=1
# solve_time=0.00030
4 8 4
15 6
3 3 5 2
2 3 3
2 2
2 15 2
2 4 2 4 1 2
2 3 2 4 1
2 2 5 6
2 2 3 3
6 3
4 3 4
2 6 2 1
3 2 3 4
3 3 4 2
3 3 10
2 2 3 7
3 3 3
3 3 3
3 5 3
3 2 3 6 3
1 1 3 3 2
2 3 3 4 2
1 1 7 5
1 2 5 4
---
7 3 1
10 4 1 3
3 6 3
3 4
2 4 1 1 1
2 3 1 1 1
3 2 3
2 2 3
3 4 3 3
2 5 5 3
2 5 2 3 3
2 1 2 2 3 3
2 4 2 3 3
2 3 3 3 3
2 1 3 3 2
3 1 2 2 2
3 4 3 2 2
2 4 2 2 3
3 5 2 4
3 5 3 3
2 1 3 4 4
2 4 4 5 2
4 4 2 3 2
6 1 3 6
4 4 4