# solver=cpp-b64f6aebe
# cpu=AMD EPYC Processor (with IBPB)
# isolated_core=11
# strategy=contra
# n_solutions=1
# solve_time=0.00030
3 3
5 5
3 15 3
2 6 6 2
2 3 3 3 2
2 6 6 2
3 15 3
23
4 9 4
1 5 1
2 2 3 2 2
9 3 9
9 3 9
9 3 9
9 3 9
7 5 7
6 5 6
5 4 1 4 5
4 2 1 1 1 1 2 4
3 15 3
0
1 2 2 2 2 2 2
2 2 2 2 2 2
0
4 3 4 2 1
2 1 1 1 2 1 1 1 2
1 1 1 1 1 1 1
1 1 1 1 1 1
2 1 1 1 2 1 2 1
4 3 4 4 1
---
5 11 1 4
7 10 1 2 2
3 3 9 1 1 1
2 2 8 1 1 1
2 2 7 1 2 2
8 6 1 1
6 6 2 1 6
6 5 3 1 1 1
2 4 4 1 1 1 1 1
2 4 3 1 4
2 5 3 1 1
1 1 11 2 1 4
1 1 12 1 1 2 2
1 1 11 2 1 1 1
2 5 3 1 1 1 1
2 4 3 1 2 2
2 4 4 1 1 1
6 5 3 1 1 2
6 6 2 1 1 3
8 6 1 1 1 1 1
2 2 7 1 1 1
2 2 8 1
3 3 9 1 1
7 10 1 1
5 11 1 6