# solver=cpp-298d4941
# cpu=AMD EPYC Processor (with IBPB)
# strategy=basic
# n_solutions=1
# solve_time=0.00050
10 8 2
2 1 5 9 1
2 9 7
2 2 7 1
2 1 5 4
2 5 7
2 3 7 5
3 9 4
1 1 6
2 1 6
2 1 4 2 3 5 3
2 7 1 1 1 1 1
11 1 1 1 1 1
10 1 1 1 1 1 1
9 1 4 2 1 3
8 1 1 1
3 2 1 1 1
2 2 5 7 1
1
0
---
1 2 1
2 6 2
1 1 2 5
1 1 1 5
2 1 3 6
1 2 7
1 2 1 5
1 2 1 6
3 1 6
1 1 1 5 2
1 1 7 1
3 5 2 1
18
11
9 4 1
9 1 1 1
1 2 2 1 1 1
1 1 2 5 1
1 4 1
3 2
3 2 8
3 2 1 1 1
3 2 1 1
2 2 1 1
3 1 8
1 1 1
1 2 1
1 1 5
1 1 1 1
2 1 1 1 1