# solver=cpp-86fd3e96b
# cpu=AMD EPYC Processor (with IBPB)
# isolated_core=11
# strategy=basic
# n_solutions=1
# solve_time=0.00030
1
2
2
1 2
2 3
3 4
2 5
3 5
3 5
3 5
4 5 1
6 6 1
8 6 2
17 2
13 5
11 4 6
10 1 4 3
5 1 1 2 5
4 3 1 6 2
7 3 3 2 3
5 1 1 1 2 2
4 3 2 1 3
6 2 1 1 3
3 3 1 5
3 2 1 1 5
3 1 6
2 1 3 5
2 2 3 8
2 2 8
2 3 8
2 3 8
2 14
3 2 11
6 1 11
10 1 11
---
3
5 1
8 1
8 2 1
7 2 2
7 2 3
7 2 1 2 1
12 1 1
11 2 1
12 2 1
5 4 2 2
4 1 3 2 2
6 4 1 1 1 2 3
9 7 1 2 1 5
13 3 2 4
10 1 2 2
8 3 4
7 1 3 1 1 6
7 2 2 2 2
4 1 2 2 4
5 2 4
13 1 4
3 1 3 12
3 1 2 14
1 1 16
20
5 9
3 8
1 8
7