# solver=cpp-1562f45ac
# cpu=AMD EPYC Processor (with IBPB)
# isolated_core=11
# strategy=basic
# n_solutions=1
# solve_time=0.00030
1
3
1
1
5
1
1
1
5 1
7 3 1
7 3 3 3
11 3 1
6 3 4 1
5 6 3 2 2 1
7 18 1
5 13 3 4
38 4 2
13 13 5 1
24 2 4 15
6 2 14 1 1 1 11
7 1 1 14 3 4 10
5 2 1 13 1 4 7
5 2 15 9
20
8
---
1
2
3
5
8
9
9
9
1 9
1 3 1 2
6 1 2
12
7 3
6 2 1
4 2 2
1 6
3 1 6
8 6
9 6
9 6
1 9 6
1 1 9 6
17 6
1 1 1 3 6
1 8 5
9 5
9 4
9
6 1 1
5
3 1 3 1 1
3 1 7
3 1 3 1 1
7 2
5 4
4 3
7
3 1 1
2 2
4
1 4
13
1 7
7
7
4
3
3
5
1 2