# solver=cpp-b64f6aebe
# cpu=AMD EPYC Processor (with IBPB)
# isolated_core=11
# strategy=basic
# n_solutions=1
# solve_time=0.00040
17
1 1
1 1
1 1
1 1
1 1
1 1
1 1 1
1 2 1
1 1 3 1
2 1 6
3 17
3 2 13
3 24
5 4 15
11 1 1 1 1 1 9 2
11 6 1
12 1 1 1 1 1 3 2 1
12 1 2
25 3
3 4 7 3 1
2 4 8 2
2 8 7 1
1 17 5
1 3
3
4
2 1
2 2
5
---
4 6
5 6
10
7 2
6 3
6 2 1
5 1 1
6 1 2
6 4
12 8 1
1 1 8 2
1 1 6 1 2
1 1 7 4
1 1 1 1 2
1 3 1 1 1 2
1 3 1 3
1 1 1 1 1 1 3
1 1 1 5
1 1 1 1 1 5
1 2 3 5
1 6 1 1 3 1
1 5 3 1
1 5 1 1 3 1
1 4 2 1
1 10 1
18 1
6 1
5 2
5 1
5 1
4 1
4 1
3 2
2 1 3
2 1 2 1
2 1 1
1 2 2
1 1
2 3
4