# solver=cpp-298d4941
# cpu=AMD EPYC Processor (with IBPB)
# strategy=contra
# n_solutions=1
# solve_time=0.00210
3
4 2 1
3 5 1
2 1
2 4 2
2 2 1
4 2 1
2 1 1 3 4
2 1 2 10
1 2 7 6
2 1 3 2
3 1 3 1
2 1 2 4 3
1 2 2 4 4
2 1 5 7 5
1 3 12 7
3 1 7 3 5
2 1 2 4 4
2 1 2 6 1 1
1 2 18 2 1
1 2 10 2 1
2 3 2 2
2 5 10 3
2 20 4
4 4 1
2 5 6 5 7 1
1 24 2
3 3 7
10 5 5 9
3 29 2
2 2 3 19 2 2
2 2 3 3 3 3 3 3 2 2
2 1 2 3 3 3 3 3 2 2
3 2 2 3 3 3 3 3 1 2
2 2 2 3 3 3 3 2 1 3
5 2 3 3 3 3 2 2 2
4 2 3 3 3 3 2 5
3 2 3 3 3 3 2 4
5 3 3 3 3 6
24
---
4 3
2 2 2 2
3 2 3 3
2 3 2 6
1 4 2 8
4 2 1 1 4
3 3 2 1 4 3
2 1 1 2 11
2 3 2 2 2 6
1 4 2 2 1 4 2
4 2 2 2 1 12
2 2 1 2 1 11
2 1 1 2 2 1 1
2 1 1 1 2 11
2 2 2 1 2 11
1 2 2 1 2 12
2 1 2 1 2 3 1
1 3 2 2 1 2 12
1 2 2 2 2 1 2 12
2 2 1 2 2 1 2 12
1 1 1 2 2 1 2 2 1
1 1 1 3 2 1 1 11
1 1 2 3 2 1 1 11
2 3 3 2 1 2 12
2 3 2 1 1 2 3 1
1 5 2 2 2 2 12
5 1 2 2 2 2 12
2 3 2 2 2 12
3 3 1 2 1 2 1
7 2 1 1 11
6 2 1 2 12
3 2 1 1 6 2
1 3 1 1 2 5
2 5 1 1 12
6 2 2 6 3
5 3 2 2 4
8 3 10
4 3 8
3 3 3
12