# solver=cpp-400bd85f2
# cpu=AMD EPYC Processor (with IBPB)
# isolated_core=11
# strategy=basic
# n_solutions=1
# solve_time=0.00040
0
2
6 2 3
4 4 7 1 5 2 1 3
4 1 3 2 3 4
1 5
1
3
3
3 2
8
2 3 1
2 3 1
1 5 1
6 5
2 1 3
1 2 4 3 2
1 2 5 4 1 1
1 2 5 4 1 1
14 7 1
1 7 9
1 1 2 1 1 1 1
1 3 3 6 1
2 1 1 3 6 7
6 2 6 4 4 1
2 2 1 1 1 8 1 3 1 2
3 6 12 8
2 1 2 8 4 2 7 1
1 2 2 5 9 5
15 1
10
7
1 1 1
0
0
---
1 1 7
3 5
2 1 1
2 3 1
1 6 3
2 1 2 2
2 1 3
1 1 2 1 1
2 1 6
1 1 2 2
1 6 2
2 5 1 2
2 5 3 5 1
3 2 2 5 2 4
2 2 1 5 9
2 2 1 5 11
2 2 8 5 4
8 4 12
6 4 3 3
8 4 3 4
2 2 2 4 11
2 1 1 5 5 3
2 1 2 4 3 5
1 5 2 9
2 9 2
1 2 2 2
1 1 2 3
2 1 5
1 1 5
2 6 4
1 1 3
2 4
3 3
3 2 1
2 6