# solver=cpp-86fd3e96b
# cpu=AMD EPYC Processor (with IBPB)
# isolated_core=11
# strategy=contra
# n_solutions=1
# solve_time=0.00050
3 3
2 2
2 2
2 2
3 3
2 2
3 3
3 3
4 8 4
4 10 4
4 3 3 4
6 6
9 9
13 13
13 13
3 3 3 3
2 2 2 2 2 2
2 3 1 1 3 2
1 3 2 3 1
1 2 4 2 1
1 3 4 3 1
1 3 4 3 1
1 3 4 3 1
1 2 4 2 1
4
6
1 8 1
3 12 3
10 10
5 5
---
7
3
4 1
4 1
3 1
4 2
9 1
11 3 2
12 5 2
3 7 5 2
2 4 3 3
2 2 4 3 3
1 3 4 2 3
1 3 5 4
2 2 10
2 10
2 10
2 2 10
1 3 5 4
1 3 4 2 3
2 2 4 3 3
2 4 3 3
3 7 5 2
12 5 2
11 3 2
9 1
4 2
3 1
4 1
4 1
3
7