# solver=cpp-1e16a40
# cpu=AMD EPYC Processor (with IBPB)
# isolated_core=11
# strategy=basic
# n_solutions=1
# solve_time=0.00070
6
10
3 4
3 4
4 4
3 2 3
3 2 3
14 3 3
20 3 4
28 5
8 3 10 7
5 2 3 2 4 6
5 8 2 4 2
4 4 3 3 5 2
5 3 2 4 6 2
6 2 8 2 2 3
3 8 11 2 3
3 8 4 4 3 3
3 3 4 3 3 3 3
2 3 3 3 4 3 2
34 2
35 3
27 4 3
5 5 3
33 3
29 3
26 3
3 3
4 3 2
5 4 3
6 12 3
6 12 3
5 12 3
5 5 4 4
4 4 4 3
4 4 4 3
3 6 3 4
3 9 3 4
18 16
15 15
---
2 2
4 3
5 4
8 5
11 3 2
5 3 5 3 2
6 3 6 4 2
5 3 11 2
6 4 3 6 2
13 3 5 2
4 8 3 4 3
3 3 3 3 2 3
3 2 3 3 2 3
3 2 3 3 4
3 3 3 3 4
16 3 3
3 12 3 4
3 3 5 3 6
3 2 3 3 5
3 1 3 3 4
3 2 3 3 4 2
7 3 3 4 2
8 5 3 3 2
4 10 3 3 3
3 8 3 3 4
3 3 3 3 3 5
3 3 3 3 7 2
3 3 3 3 6 2
4 4 3 3 6 2
14 4 6 2
14 3 4 2
3 10 4 2
2 4 5 3 3
2 4 4 1 4
6 4 5
7 5 6
16 5
16 4
7 5
4 8
3 10
2 2 13
2 14
2 2 9
3 2 2
4 3
4 4
10
7
6