# solver=cpp-400bd85f2
# cpu=AMD EPYC Processor (with IBPB)
# isolated_core=11
# strategy=backtrack
# n_solutions=12
# solve_time=0.00040
0
9
1 1
1 1 1 1
1 1
1 1
1 1 1 1
1 1
1 1
25
1 1 1 1
1 1 1 1
1 1 1 1 3 1 1 1
1 1 1 3 1 1
1 1 1 1 3 1 1 1
1 1 1 1
1 1 1 1
25
1 1
1 1 1
1 1
1 1 1
1 1
1 1 1
1 1
9
1 1
1 1
1 1 1 1 1
1 1
1 1
1 1 1 1 1
1 1
9
0
---
9
1 1
1 1
1 1 1 1
1 1 1
1 1 1 1
1 1
1 1
33
1 1 1 1 1
1 1 1 1 1 1 1
1 1 1 1 3 1 1 1 1
1 1 3 1 1 1 1 1 1
1 1 1 1 3 1 1 1 1
1 1 1 1 1 1 1
1 1 1 1 1
33
1 1
1 1
1 1 1
1 1
1 1 1
1 1
1 1
9