# solver=cpp-298d4941
# cpu=AMD EPYC Processor (with IBPB)
# strategy=basic
# n_solutions=1
# solve_time=0.00040
7
3 3 3
1 1 1 1 1 1 1
1 1 1 3 1 1 1
2 1 1 1 1 1 2
2 1 1 3 1 1 2
1 1 1 1 1 1 1 1 1
2 1 1 3 1 1 2
17
2 1 1 3 1 1 2
1 1 1 1 1 1 1 1 1
2 1 1 3 1 1 2
2 1 1 1 1 1 2
1 1 1 3 1 1 1
1 1 1 1 1 1 1
3 3 3
7
13
2 1 1 1 1 1 2
2 1 1 1 1 1 1 2
1 1 1 1 1 1 1 1 1
2 1 1 1 1 1 1 2
2 1 1 1 1 1 2
2 1 1 1 1 2
13
---
7 3
3 3 3 2 2
1 1 1 1 1 1 1 2 1 3
1 1 1 3 1 1 1 1 1 1 2
2 1 1 1 1 1 2 2 1 1 1
2 1 1 3 1 1 3 1 1 2
1 1 1 1 1 1 1 1 3 1 1 1
2 1 1 3 1 1 3 1 1 2
19 1 1 1
2 1 1 3 1 1 3 1 1 2
1 1 1 1 1 1 1 1 3 1 1 1
2 1 1 3 1 1 3 1 1 2
2 1 1 1 1 1 2 2 1 1 1
1 1 1 3 1 1 1 1 1 1 2
1 1 1 1 1 1 1 2 1 3
3 3 3 2 2
7 3