# solver=cpp-86fd3e96b
# cpu=AMD EPYC Processor (with IBPB)
# isolated_core=11
# strategy=contra
# n_solutions=1
# solve_time=0.00090
30
9 11
7 9
6 6
5 5
4 3
3 2
2 1
2 1
2 1
2 5 4 5 1
1 2 3 3 2 1
1 1 1 1 1 1
1 4 4 4 4 4 1
1 1 1 1 1 1 1 1
1 2 2 2 2 1
1 3 2 2 3 1
1 7 7 1
1 3 4 1
1 2 2 3 1
1 2 1 2
1 1 4 1 2
1 2 6 2 3
2 2 4 2 3
2 1 2 2
2 5 5 2
3 2 6 2 2
3 2 1 1 2 1
3 2 2 2 2 1
3 2 2 2 2 1
5 2 2 2 1
4 1 1 2 1
3 2 2 2 1
7 1 1 3
1 2 12 7
1 2 10 3 1
1 2 10 3 1
1 2 8 1 1
1 2 8 1 1
1 2 6 2 1
1 2 6 2 1
1 1 2 4 2 1
1 1 2 4 2 1 1
1 1 2 2 2 1 1
1 1 2 2 2 1 1
1 1 4 1 1 1
1 1 5 3 5 1
1 1 2 1 3 2 1
1 3 2 2 1 1
1 2 2 5 1
1 4 2 1
1 9 1
1 2 1
1 8 1
30
---
55
11 11 1
7 8 1
6 1 2 1 1
5 1 2 1 1 1
4 1 4 2 1 3 11 1
3 9 2 4 2 4 1
2 2 5 2 2 2 2 2 1
2 1 1 1 3 2 2 2 3 1
1 1 2 1 2 1 3 1 2 1 2 1 1
1 1 1 1 3 2 5 2 3 1 2
1 2 1 2 1 2 5 2 1 1 2
1 1 2 1 4 7 3 1 2
1 6 3 1 9 1 4
1 1 1 1 3 1 12 3
1 1 1 1 3 1 13 2
1 6 3 1 9 1 2
1 1 2 1 4 7 4 2
1 2 1 2 2 2 5 2 1 1
2 1 2 1 3 2 5 2 3 1
2 1 1 1 2 1 3 1 2 1 2 1
3 1 1 6 2 2 1 1 1
3 2 4 2 2 2 2 1 1
3 9 2 6 9 1
4 1 4 2 3 2 1
5 1 2 1 1
5 1 3 1 1
6 2 4 1
7 7 2 1
55