# solver=cpp-1e16a40
# cpu=AMD EPYC Processor (with IBPB)
# isolated_core=11
# strategy=contra
# n_solutions=1
# solve_time=0.00190
1
1 3
3 2 1
1 8 1
1 1
1 1
2 1
1 1
1 1
2 1 1 1
1 1
1 1 1
1 4 1
2 2
2 3
2 4
10 2
1 3
2 2
2 2
2 1
2 2
2 2
2 2
2 4 3 1
2 2 1 2 2
1 3 1 2 1
1 2 1 1 2 2
3 2 1 1 1
5 1 2 2 1
2 1 1 2 2 1 1
1 2 1 2 2 7 1
3 2 2 6 1
1 1 2 2 2 1 1 1
9 5 16 1
2 2 1
16 4 5 2
2 1 8 2
13 2 2
2 2 4
16 5 3
2 6 3
18 2
2 5
31
---
1
3 1
1 1 3
1 1 1 1 1
1 1 3 1 1
5 1 1 1 1 1
2 1 1 1 1 1 1 1
1 4 1 1 1 1 1
3 1 1 1 1 1 1
5 3 1 1 1 1 1
2 6 1 1 1 1 1
2 2 1 1 1 1 1
2 2 1 1 1 1 1
2 1 2 1 1 1 1 1
2 2 3 1 1 1 1 1
5 2 2 2 1 1 1 1 1 1
4 2 2 1 2 1 3 1 1 1
5 5 1 3 2 1 1 1 1
2 1 1 2 5 2 1 1 1
2 2 1 2 3 1
1 1 1 3 3 1 1
1 1 1 2 3 1 2 1
1 1 1 3 1 1 1 2 1
1 1 2 1 2 1 1
1 1 1 1 1 1 1
1 1 3 1 1 1 1
2 2 3 1 1 1 2 1
2 2 2 1 1 1 1 1
2 3 2 1 1 1 1 1
16 2 1 1 1 1 1
2 1 1 2 1 1
1 1 1 1 2 1
2 1 1 1 2
2 1 1 2 1
3 3 1 1
2 2 1 1
2 2 2 2
3 2 2
3 2 1
10 1