# solver=cpp-1562f45ac
# cpu=AMD EPYC Processor (with IBPB)
# isolated_core=11
# strategy=basic
# n_solutions=1
# solve_time=0.00040
6
8
4 2
3 2
3 2 5
3 1 3
2 1
2 2
3 1
5 2
6 1
10 2
16
4 14
10 13
13 11
14 10
23
30
28
31
27
13 14
12
8
2 2
2 2 5
1 2 7
2 10
26
31
34
16 4
11 2 3
9 7 3
2 3
1 2
2
1
1
---
1 5
1 1 5
1 1 1 5
1 1 1 5
5 5
5 6
1 5 6
3 5 6
3 5 6
9 5
9 5
10 4
10 4
10 4
9 5
1 8 6
1 9 3 1
3 9 3 2
4 10 3 4
6 10 3 1 3
7 11 3 1
12 8 6 2
23 4 1
5 16 3 2
4 14 3 1
3 15 4
2 13 2 4
2 12 6
2 2 12 5
2 1 11 4
2 11 4
2 3 6 2 1
2 3 2 2
4 2 2
2 2 1
2 2 2
1 2 1
2 2
1 1
1 1