# solver=cpp-a0f9b8019
# cpu=AMD EPYC Processor (with IBPB)
# isolated_core=11
# strategy=basic
# n_solutions=1
# solve_time=0.00030
9 9
6 1 1 6
6 4 6
3 10 3
3 3 2 3 3
4 1 2 1 4
4 1 1 4
4 1 2 2 1 4
2 1 1 1 1 2
2 1 1 2
3 3 3 3
1 1 1 1 1 1
1 2 1 2 2 1 2 1
1 1 3 3 1 1
2 2 2 2
3 2 2 3
3 2 2 3
2 2 2 2
1 2 1 1 2 1
2 1 1 1 1 2
2 4 4 2
1 1 4 4 1 1
9 9
9 9
9 9
9 9
9 9
8 8
7 7
5 5
1 1
2 2 2 2
2 2 2 2 2
2 2 4 2 2
1 1 1 2 1 1 1
---
5 3 4 1 11 1
5 5 4 1 8 1
8 1 1 3 1 8 3
3 4 5 1 2 9 1 2
3 2 1 1 8
9 3 1 1 9 2
1 2 2 1 1 1 10 4
1 5 1 2 1 8 1
4 1 2 1 9 1
4 3
4 3
4 1 2 1 9 1
1 5 1 2 1 8 1
1 2 2 1 1 1 10 4
9 3 1 1 9 2
3 2 1 1 8
3 4 5 1 2 9 1 2
8 1 1 3 1 8 3
5 5 4 1 8 1
5 3 4 1 11 1