# solver=cpp-1562f45ac
# cpu=AMD EPYC Processor (with IBPB)
# isolated_core=11
# strategy=basic
# n_solutions=1
# solve_time=0.00030
2 6 2 12 2
2 9 8 3 2
10 4 7 1
2 1
2 9 10 1 2
2 3 5 2 9 2
10 7 4 1
10 12 1
2 7 1 9 2 2
2 9 4 7 2
10 7 4 1
3 6 12 1
2 5 3 10 1 2
2 9 1 10 2
2 1
10 12 1
2 5 3 6 5 2
2 9 1 1 2
5 1 1 1 1
2 1 1 1 1
2 1 1 1 1 2
2 1 1 1 1 2
2 1 1 1 1
2 1 1 1 1
2 9 13 2
2 1 2 2
2 3
2 2
2 26
2 2 2 2 2 2 2 2
---
2 2 2 2 2 2 2 2
2 2 2 2 2 2 2 2
2 2 2 2 2 2 2
28
3 10 4 1 2
3 7 2 4 1 2
3 1 8 4 1 1
3 10 3 1 1
3 8 1 1 1 1 2
2 10 3 1 2
3 4 5 3 1 1
3 10 10 1
2
3 10 10 2
3 9 2 1 1
3 1 8 2 1 1
3 10 2 1 2
2 5 4 2 1 2
3 10 2 1 1
3 10 1 1 1
3 2 3 3 2 1 2
1 1 10 2 1 2
3 4 5 2 1 1
3 7 1 2 1 1
3 10 10 2
2 2
2 1
3
30
2 2 2 2 2 2 2 2