# solver=cpp-86fd3e96b
# cpu=AMD EPYC Processor (with IBPB)
# isolated_core=11
# strategy=contra
# n_solutions=1
# solve_time=0.00030
0
7 5
9 1 1
2 3 2 5 5
1 13 1 3 3
2 11 2 1 1 1 1
4 9 4 2 2 2 2
4 9 4 1 2 2 1
5 7 5 1 3 3 1
6 5 6 1 3 5 3 1
6 6 1 3 3 1
4 9 4 1 15 1
4 4 1 15 1
2 2 17
15 15
---
0
0
0
7
10
10
2 7 1
3 3 1
1 4 3 1
2 5 1 1
2 6 1 1
9 1 1
9 1 1
9 1 1
2 6 1 1
2 5 1 1
1 4 3 1
3 3 1
2 7 1
10
10
7
0
0
0
0
0
0
7
3 1
1 4
2 6
1 2 6
1 9
2 2 4
1 1 2 4
1 1 4
1 1 4
1 1 4
1 1 2 4
2 2 4
1 9
1 2 6
2 6
1 4
3 1
7
0
0
0