# solver=cpp-298d4941
# cpu=AMD EPYC Processor (with IBPB)
# strategy=basic
# n_solutions=1
# solve_time=0.00040
0
3 1 1 4 3 3 3 1 1 2 2 2 3
1 1 1 1 1 1 1 1 1 1 1 1 1 1 1 1 1 1 1
3 1 1 1 2 1 1 3 3 3 2 2 2 1
1 1 1 1 1 1 1 1 1 1 1 1 1 1 1 1 1 1 1
1 1 1 4 3 1 3 1 1 1 1 1 1 2 3
0
55
0
3 3 3 3 3 3 1 3 3 3
1 1 1 1 1 1 1 1 1 1 1 1
3 1 1 1 1 3 1 1 1 1 1 3
1 1 1 1 1 1 1 1 1 1 1 1
1 3 1 3 1 1 3 3 1 1 1 3
0
---
1 1
1
5 1 1 3
1 1 1 1 1 1
5 1 3 1
1
4 1 1
1 1 1
4 1 5
1
5 1 5
1 1 1 1 1
1 1 1 1 5
1 3 1
1
1
1 1
1
5 1 1
1 1 1 1
5 1 5
1
5 1 3 1
1 1 1 1 1 1
3 1 1 3
1
3 1 1 5
1 1 1 1 1 1
1 3 1 5
1
1
1
5 1
1 1 5
5 1
1
5 1 1
1 1 1 1
1 2 1 5
1
1
1
5 1
1 1 1
1 2 1 1
1 1
5 1 5
1 1 1 1
1 1 1 1 3
1 1 1 1
1 1 1 3 1
5 1
1 1 1
1
1