# solver=cpp-1e16a40
# cpu=AMD EPYC Processor (with IBPB)
# isolated_core=11
# strategy=basic
# n_solutions=1
# solve_time=0.00050
17
19
21
23
23
26
27
27
31
34
34
36
36
37
9 26
9 20
8 19
8 17
8 16
8 2 10
6 10
9 6 9
11 18
10 17
3 2 5 2 8 2
1 3 4 3 2 3 2
2 2 1 2 2 2
2 1 1 2 2 3
6 6 2 4
3 1 6
1 5 1 3
1 1 2
1 1
1 1 1
2 8 1 1
1 2 1
2 2 2
2 2 3
2 1 2 1
2 4 1
2 4 1
10 1
10 2
1 4 4
2 8
2 12
3 3 16
5 1 1 19
6 2 1 21
8 4 2 22
10 5 2 23
12 3 5 24
19 28
20 28
21 28
21 29
21 29
21 29
20 29
20 30
---
0
0
0
0
0
4
6
7
7
8
8
9
1 9
1 7 10
11 10
13 11
15 11
16 12
17 12
22 13
20 4 13
12 3 6 14
13 5 2 3 15
14 5 1 1 3 4 8
15 3 1 1 3 3 8
15 3 3 1 4 8
15 6 1 1 3 7
15 3 1 1 3 5
15 2 1 1 3 4
16 5 1 1 3 1 3
17 3 1 1 3 1 1 1
17 3 1 1 2 6 5
18 5 1 1 2 11
19 5 1 3 9
19 3 1 1 3 8
20 4 1 5 8
20 7 2 2 9
19 6 1 2 10
25 6 11
25 4 2 12
29 2 14
26 7 2 15
24 4 2 16
21 4 18
25 17
24 17
14 17
12 16
8 16
3 16
15
15
15
14
14
14
13
13
13
12