# solver=cpp-1e16a40
# cpu=AMD EPYC Processor (with IBPB)
# isolated_core=11
# strategy=basic
# n_solutions=1
# solve_time=0.00050
6 9
8 5
8 13
9 1 3 1 5
6 2 3 2
3 4 1 1 11 3
15 2 8
7 1 3 1 3 1 1
1 3 1 5 4
6 1 1 1 4
4 2 1 1 1 3
2 1 1 2 1 2
2 1 2 1 4
2 1 5 4 2 5
2 3 3 2 1 2 4
2 2 2 3 2 1 3 1 1
2 1 8 6 3 3
4 1 1 2 3 3
4 3 1 1 3 3 3
3 2 3 2
2 1 2 1 3 2
3 2 2 2 2
1 1 2 2 2 2 1
4 6 1 1 2 1
1 3 2 2 4 1
2 3 1 8 1 1 4 1
3 2 2 1 1 1 4 1
4 2 2 1 1 4 2
8 6 3 2 3
5 2 4 7 2
5 3 2 6 1
5 1 2 3 2 4
5 1 2 3 8
2 1 2 7 8
1 1 1 5 6
---
2 7 11
18 9
3 3 5 2 7
6 6 5 8
1 5 5 1 3 5
2 5 1 1 4 2
7 1 1 2 8
8 1 1 2 1 3
7 1 1 2 1 1 2
8 2 1 1 1 2
5 1 4 2 4 2
4 2 3 5 4 2
4 1 5 2 1 3 2
2 2 1 1 2 2
1 1 1 1 2 2
1 1 3 2 2 1 1 2 2
1 1 2 1 1 2 2 1 2 2
1 4 2 2 1 1 1 2 2
1 2 2 1 1 2 1 2 2
1 2 2 1 1 2 1 3 2
1 1 2 4 2 1 3
6 1 2 2 3
3 3 1 2 2 6
3 3 2 12 1 5
2 4 2 9 7 3
3 6 1 6 11
2 1 2 4 6 6
2 6 12 2 1 5
4 6 6 3 4
5 9 9 3