# solver=cpp-b64f6aebe
# cpu=AMD EPYC Processor (with IBPB)
# isolated_core=11
# strategy=basic
# n_solutions=1
# solve_time=0.00040
3
2 5
4 7 1
3 3 2
2 2 1
2 4
4 5
2 1 5
2 2 3 1 3
5 1 2 4 3
2 2 2 1 2 4
4 4 2 4
4 4 5
3 5
1 3 1 1 2 3
1 3 2 2 3
1 3 1 5
1 1 2 3 4 2
6 5 2 1 2
6 6 3 4
6 4 3 4
6 4 4
2 5 8 1
1 10 2 4 3
2 6 4 4 3
3 3 2 4 7
4 7 2 6 1
12 1 4 1
5 4 2 2 2 6
5 8 5 5
---
5
5
6
8 4
3 5 3
5 5 5
10 12
2 1 19
2 17 4
8 8
3 1 6 1
2 1 1 1 4
1 1 1 1 1 2
2 1 1 2 1 1
1 4 1 4 1
1 2 4 1
2 2 4 2 1
3 1 1 1 3 3 2
4 4 6
4 1 1 2 1
4 1 1 2 1
1 1 2 1 2 1
1 1 1 8 1
2 3 12
5 2 13
6 6 8
8 7 5
2 8 8 2
12 3 2
14 3