# solver=cpp-400bd85f2
# cpu=AMD EPYC Processor (with IBPB)
# isolated_core=11
# strategy=basic
# n_solutions=1
# solve_time=0.00030
3
11
15
17
30 19
31 21
30 23
2 23
2 25
2 25
2 26
26 5 8
1 23 2 13
1 21 4 4 7
1 23 2 13
26 5 8
2 26
2 25
2 25
2 23
30 23
31 21
30 19
17
15
11
3
---
3 3
3 3
3 3
3 3
3 3
3 3
3 3
3 3
3 3
3 3
3 3
3 3
3 3
3 3
3 3
3 3
3 3
3 3 3
3 1 1 3
3 1 1 3
3 5 3
3 5 3
19
19
3 5 3
3 5 3
3 5 3
3 5 3
3 5 3
3 5 3
1 5 1
5
5
7
11
15
17
19
21
23
23
12 12
12 12
11 1 11
10 3 10
11 3 11
12 1 12
13 13
25
25
25
10 3 10
11 11
23
21
19
17
15
11
5