# solver=cpp-1562f45ac
# cpu=AMD EPYC Processor (with IBPB)
# isolated_core=11
# strategy=basic
# n_solutions=1
# solve_time=0.00030
36
1 1 1 1 8
1 4 1 1 1 1 4 1 1 1 8
1 1 1 1 1 1 1 1 1 1 8
1 4 1 1 1 1 1 1 4 8
1 1 1 1 1 1 1 1 1 1 8
1 4 1 4 1 4 1 1 1 8
1 1 1 1 8
36
1 8 8 1
1 1 1 8 4 8 4 1
1 1 1 8 1 1 8 1 1
1 4 8 1 1 8 3 1
1 1 1 8 1 1 8 1 1
1 1 1 8 4 8 1 1
1 8 8 1
36
1 1 1 1 1 1
1 4 1 1 1 4 1 4 1 4 1
1 1 1 1 1 1 1 1 1 1 1 1 1
1 3 1 1 1 1 1 1 4 1 3 1
1 1 1 1 1 1 1 1 1 1 1 1
1 4 1 4 1 4 1 1 1 4 1
1 1 1 1 1 1
36
1 8 8 1
1 1 8 4 8 4 1
1 1 8 1 1 8 1 1
1 1 8 4 8 3 1
1 1 8 1 8 1 1
1 4 8 1 8 4 1
1 8 8 1
36
1 22 1
1 4 22 1 1
1 1 22 1 1
1 3 22 1 1
1 1 22 1 1
1 1 22 4 1
1 22 1
36
---
41
1 1 1 1 1 1
1 3 1 1 5 1 5 1 5 1 5 1
1 1 1 1 1 1 1 1 1 1 1 1 1 1 1 1
1 1 1 1 1 1 1 1 1 1 1 1 1 1 1 1
1 1 3 1 5 1 1 1 1 1 1 1 1
1 1 1 1 1 1
41
1 9 17
1 5 9 5 17
1 1 9 1 17
1 1 9 1 17
1 5 9 1 17
1 9 17
41
1 1 1 1 9
1 5 1 5 1 5 1 5 9
1 1 1 1 1 1 1 1 1 1 1 1 9
1 1 1 1 1 1 1 1 1 1 1 1 9
1 1 1 1 5 1 5 1 3 9
1 1 1 1 9
41
1 9 17
1 5 9 5 17
1 1 9 1 1 17
1 1 9 1 1 17
1 5 9 3 17
1 9 17
41
9 1 1 1 1
9 5 1 5 1 5 1 5 1
9 1 1 1 1 1 1 1 1 1 1 1 1 1
9 1 1 1 1 1 1 1 1 1 1 1 1 1
9 1 1 1 1 1 1 1 1 1 1
9 1 1 1 1
41