# solver=cpp-298d4941
# cpu=AMD EPYC Processor (with IBPB)
# strategy=contra
# n_solutions=1
# solve_time=0.00170
5
7
1 1
2 3
1 2
1 2
0
1 1 2
2 3
1 2
3 2
0
5 3
6 2
8 2
9 2
11 1
6 6 1
6 6
6 5
0
3 7
7 2 8
1 1 2 9
1 2 2 10
1 2 2 10
1 2 2 12
1 1 2 13
1 4 2 13
1 1 1 1 2 13
3 1 1 2 15
23 15
2 1 1 1 17
2 3 1 18
0
2 2 19
1 2 2 2
3 2 2 2
16 3 2
8 2 2
3 4 3 2 2
2 2 2 2 2 2
0
2 2 2 2 2 2
3 3 3 3
---
11
1 4 1
1 2 3
1 2 1 1
1 3 1 2 1 1
1 2 4 1 2 2
1 2 1 1 1 1 1
3 1 1 1 2 2
2 1 1 1
1 2
1 2
1 3
3 3
1 1 3
4 3
3 2
2 1 2
2 1 1 1 1
2 1 1 2 2
2 1 2 1 1
2 1 2 2 2
2 1 2 1 1
2 3 1
1 2
2 1
3 1 1 1
3 2 1
4 4 1 1
4 7 1 2
4 8 1 4 2
4 10 7
3 12 4
6 13 1
1 8 13 1
3 1 1 8 13 1
2 1 8 13 1
2 1 2 1 8 13 1
2 1 8 13 1
2 2 13 5 1
2 1 1 4 11 7 2
5 4 6 8 1 2 2
3 4 1 4 1
2 1
1
0