# solver=cpp-6b570c1b3
# cpu=AMD EPYC Processor (with IBPB)
# isolated_core=11
# strategy=basic
# n_solutions=1
# solve_time=0.00020
5 9 5
1 1 1 1 1 1 1
1 5 5 5 1
1 1 1 1 1 1 1 1
3 5 5 3
1 1 1 1 1 1
5 9 5
1 1 1 1 1 1 1
1 5 5 5 1
1 1 1 1 1 1 1 1
3 3 3 3
1 1 1 1 1 1 1 1
1 5 5 5 1
1 1 1 1 1 1 1
5 9 5
1 1 1 1 1 1
3 5 5 3
1 1 1 1 1 1 1 1
1 5 5 5 1
1 1 1 1 1 1 1
5 9 5
---
5 9 5
1 1 1 1 1 1 1
1 5 5 5 1
1 1 1 1 1 1 1 1
3 5 5 3
1 1 1 1 1 1
5 9 5
1 1 1 1 1 1 1
1 5 5 5 1
1 1 1 1 1 1 1 1
3 3 3 3
1 1 1 1 1 1 1 1
1 5 5 5 1
1 1 1 1 1 1 1
5 9 5
1 1 1 1 1 1
3 5 5 3
1 1 1 1 1 1 1 1
1 5 5 5 1
1 1 1 1 1 1 1
5 9 5