# solver=cpp-a0f9b8019
# cpu=AMD EPYC Processor (with IBPB)
# isolated_core=11
# strategy=basic
# n_solutions=1
# solve_time=0.00030
6 6 7
2 2
1 7 7 1
1 2 7 2 1
1 1 3 2 2 3 1 1
1 2 2 1 1 1 2 1 1
1 2 1 2 2 3 1 1
1 5 1 1 7 1 1
1 1 3 10 1 1
1 2 5 2 2 1
1 4 3 1
1 1 1 1 1 1
1 5 1 1 1 5
1 1 2 1 1 3
3 2 1
2 1 3 1 2 1
1 1 1 1 1 1
1 1 2 2 2 2 1 1
1 3 3
1 1 1 9 1 1 1
1 1 1 2 1 2 1 1 1
1 3 1 8 1 4 1
1 1 6 6 1 1
2 2
5 2 2 5
---
5 6 8
2 2
1 7 1 1 1 4 1
1 2 2 1 1 1 1
1 1 3 1 1 1 3 1
1 1 5 8 1 1
1 1 2 1 1 1 2 2
1 2 2 1 1 1 1
1 3 2 2 2 1
1 2 4
1 6 3 1 3
1 2 1 2 1 1 1
1 1 1 3 1 1 3
1 2 1 2 2 1 1
1 7 1 1 3
2 3 3 1 4
1 4 1 2 1 1
1 5 1 1 2 1
1 1 1 4 2 2 1
1 1 1 11 1 2
1 1 3 1 1 1 3 1
1 2 2 1 1 1 1
1 7 1 1 1 4 1
2 2
5 5 4 6