# solver=cpp-6b570c1b3
# cpu=AMD EPYC Processor (with IBPB)
# isolated_core=11
# strategy=basic
# n_solutions=1
# solve_time=0.00030
3 7 3
2 3 3 2
3 3 3
4 3 3 4
3 3
6 3 6
1 3 3 1
1 6 6 1
1 1 3 1 1
1 1 6 6 1 1
1 1 1 1 1 1
1 1 6 6 1 1
1 1 3 1 1
1 6 6 1
1 3 3 1
6 3 6
3 3
4 3 3 4
3 3 3
2 3 3 2
3 7 3
---
1 1 11 1 1
2 1 1 1 1 2
1 1 1 7 1 1 1
1 2 1 1 1 1 2 1
1 1 1 3 1 1 1
2 2 1 1 1 1 2 2
1 1 1 1 1 1 1 1
2 2 2 1 1 2 2 2
1 1 1 1 1 1 1 1
1 2 2 2 2 2 2 1
1 1 1 1 1 1 1 1
1 2 2 2 2 2 2 1
1 1 1 1 1 1 1 1
2 2 2 1 1 2 2 2
1 1 1 1 1 1 1 1
2 2 1 1 1 1 2 2
1 1 1 3 1 1 1
1 2 1 1 1 1 2 1
1 1 1 7 1 1 1
2 1 1 1 1 2
1 1 11 1 1