# solver=cpp-1562f45ac
# cpu=AMD EPYC Processor (with IBPB)
# isolated_core=11
# strategy=backtrack
# n_solutions=1
# solve_time=0.00200
4
6
6
6 2 2
6 2 4
6 2 5
6 2 5
6 2 5
5 2 8
4 2 6 4
3 2 6 2
1 2 6 2
6 2
6 2 2
1 3 1 1 3 2
2 2 1 2
1 2 1
1 2 2
2 2 2 4
1 3 1 2
1 1 2 2
2 2 2
1 1 2 2
2 2 1
2 2 2
2 1
2 2
3 2
3 3
6
---
4
6 4
6 4 3
6 1 2 2
6 2 1 2
6 2 3 1 2
6 2 4 3 2
6 2 5 2 2 1
5 2 5 3 2
4 2 6 1
3 2 6 2
1 2 6 1 1
1 6 1 1 3 1
6 2 1 1 1
6 2 1
4 1 2
2 2 2 1
1 2 3 3 2
1 3 2 1 2
2 1 2 2
2 2
2 2
2 1
2 1
2 2
3
0
0
0
0