# solver=cpp-a0f9b8019
# cpu=AMD EPYC Processor (with IBPB)
# isolated_core=11
# strategy=backtrack
# n_solutions=3399038
# solve_time=1.68580
5
1 2 1
1 1 3
1 1 1
1 2 1 1
2 2 1 1
1 1 1
1 1 1
3 2 3
1 1 1 1
3 1 1 1
1 1 1
1 1
1 3 1
4 1 3
3 2 1
4 1 1 3
6 1 1 6
8 1 1 1 8
2 7 1 6 3
3 6 1 6 4
5 5 7 5
5 5 7 5
5 13 5
5 13 5
5 2 6 4
4 4 1 5 3
4 2 4 1 5 2
4 3 4 1 5 1
3 4 4 1 5 3
2 4 5 1 12
2 4 5 1 6 2 1
1 4 7 1 5 2 1
6 7 1 6 2 1
5 8 1 7 4
4 1 5 1 4 1 2
3 3 3 1 2 3
9 1 7
10 1 8
---
8
13 3
12 5
1 1 9 7
3 3 6 8 1
1 3 5 7 2
5 5 5
9 2 3 3
3 10 5 3
1 7 10 10 2
1 1 1 4 6 10 2
1 1 1 1 1 1 19
1 1 1 1 1 16
1 1 1 1 7 7
1 1 1 1 1 11
1 1 1 1 1 6 7
1 5 4 13
1 1 1 24
2 3 23
3 20 2
4 10 2
1 3 4 5 3
3 2 6 1 2 3
1 9 2 5
10 5 1
1 12 3
3 2 2
1 1 2
4