# solver=cpp-298d4941
# cpu=AMD EPYC Processor (with IBPB)
# strategy=basic
# n_solutions=1
# solve_time=0.00050
13 22
13 23
1 2 1
1 8 2 8 1
1 1 4 1 1 5 5 1 1
1 1 4 1 5 5 1 1
1 8 4 4 5 8 1
1 1 1 1 1 5 1
1 4 4 5 8 1
1 4 4 1 1 1 4 1 1
1 4 4 1 1 1 4 1 1
1 1 1 1 1 5 1 4 1 1
1 4 4 8 1
1 8 1
1 1 3 1 5 4 5 8 1
1 1 3 1 1 1 1 1 1 1 1 3 1 1
1 8 5 1 1 1 1 1 3 1 1
1 5 4 5 8 1
1 1 1 4 5 1
1 8 1 1 1 1 5 7 1
1 1 4 1 1 1 4 5 1 5 1
1 1 4 1 5 5 1 5 1
1 8 7 1
8
7 9 1 5 7
1 3 1 1 4 1 1 5 1 4
1 3 1 1 4 1 1 5 1 4
7 1 4 1 8 7
9
0
---
23
2 4
2 4 4 4 1 1
2 1 1 1 1 1 1 4
2 4 4 4 4
2 4 4 4 4
2 4 4 4 1 1
2 4 1 1 4 4
2 1 1 1 1 1 1
2 4 4 4
2 5
2 7 8 1 1
2 1 3 1 1 2 1 1 1
1 3 1 1 2 1 5
7 1 2 1 5
2 8 5
2 5
2 7 7 1 1
2 1 3 1 1 2 1 5
2 1 3 1 1 2 1
2 7 7
2 5
2 8 1 1
2 8 1 5 1 1
2 5 1 1 5 5
2 5 1 1 5 5
2 5 1 8 5
2 8 5
2 5
2 4
2 4 5 1 1 4
2 4 1 1 4 1 1
2 4 5 4 4 4
2 4 5 4 4 1 1
2 4 5 1 1 4 1 1
2 1 1 5 1 1 4 4
2 1 1 1 1 4 4 4
2 4 5 4
2 4
23