# solver=cpp-b64f6aebe
# cpu=AMD EPYC Processor (with IBPB)
# isolated_core=11
# strategy=basic
# n_solutions=1
# solve_time=0.00030
3 3 2 2 2 2
2 2 3 1 3 3
2 2 2 2 2 3
1 2 3 1 2 4
1 2 2 2 2 4
1 1 3 1 2 5
2 3 1 2 6
1 2 1 2 6
1 2 1 3 5
2 1 5 4
2 5 3
2 5 3
3 2 4
4 8
2 8
1 5
1 8
2 9
1 10
1 3 4
1 1 8
1 2 9
1 2 8
1 1 6
2 2 5
1 1 4 5
1 2 5 7
2 1 15
1 1 15
1 1 15
---
6 1 1 4 2 3
3 2 2 2 2 3 3
1 3 2 1 3 3
3 2 2 2 4
4 3 2 4
2 3 1 2 6
1 4 1 2 5
5 1 3 5
4 1 3 4
2 2 4 1 4
3 4 2 3
3 5 3 1 3
1 3 2 3 3 3
4 3 3 3 4
4 2 3 3 4 4
2 4 6 10
7 18
29
30
30