# solver=cpp-298d4941
# cpu=AMD EPYC Processor (with IBPB)
# strategy=basic
# n_solutions=1
# solve_time=0.00040
7 7 7
1 1 1 1 1 1
1 3 1 1 3 1 1 3 1
1 1 1 1 1 1 1 1 1 1 1 1
1 3 8 8 1
1 1 1 1 1 1
5 8 10
1 1 1 1 1 1 1 1
1 1 1 1 1 1 1 1
10 8 5
1 1 1 1 1 1
1 8 8 3 1
1 1 1 1 1 1 1 1 1 1 1 1
1 3 8 8 1
1 1 1 1 1 1
5 8 10
1 1 1 1 1 1 1 1
1 1 1 1 1 1 1 1
10 8 5
1 1 1 1 1 1
1 8 8 3 1
1 1 1 1 1 1 1 1 1 1 1 1
1 3 1 1 3 1 1 3 1
1 1 1 1 1 1
7 7 7
---
7 7 7
1 1 1 1 1 1
1 3 1 1 3 1 1 3 1
1 1 1 1 1 1 1 1 1 1 1 1
1 8 8 3 1
1 1 1 1 1 1
10 8 5
1 1 1 1 1 1 1 1
1 1 1 1 1 1 1 1
5 8 10
1 1 1 1 1 1
1 3 8 8 1
1 1 1 1 1 1 1 1 1 1 1 1
1 8 8 3 1
1 1 1 1 1 1
10 8 5
1 1 1 1 1 1 1 1
1 1 1 1 1 1 1 1
5 8 10
1 1 1 1 1 1
1 3 8 8 1
1 1 1 1 1 1 1 1 1 1 1 1
1 3 1 1 3 1 1 3 1
1 1 1 1 1 1
7 7 7