# solver=cpp-298d4941
# cpu=AMD EPYC Processor (with IBPB)
# strategy=basic
# n_solutions=1
# solve_time=0.00040
1 1
19
1 1
1 15 1
1 1 1 1 1 1
1 1 5 5 1 1
1 1 1 1 1 1 1 1
1 1 1 3 3 1 1 1
1 1 1 1 1 1 1 1 1 1
6 3 3 6
1 1 1 1
6 3 3 6
1 1 1 1 1 1 1 1 1 1
1 1 1 3 3 1 1 1
1 1 1 1 1 1 1 1
1 1 5 5 1 1
1 1 1 1 1 1
1 15 1
1 1
19
1 1
---
1 1
9 9
1 1 1 1
1 7 7 1
1 1 1 1 1 1
1 1 11 1 1
1 1 1 1 1 1
1 1 1 7 1 1 1
1 1 1 1 1 1 1 1 1 1
2 7 7 2
1 1 1 1
2 7 7 2
1 1 1 1 1 1 1 1 1 1
1 1 1 7 1 1 1
1 1 1 1 1 1
1 1 11 1 1
1 1 1 1 1 1
1 7 7 1
1 1 1 1
9 9
1 1