# solver=cpp-6b570c1b3
# cpu=AMD EPYC Processor (with IBPB)
# isolated_core=11
# strategy=basic
# n_solutions=1
# solve_time=0.00030
50
1 1
1 1 1 3 3 3 3 3 2 1 1 1 1 4
1 1 1 1 1 1 1 1 1 1 1 1 1 1 1 1 1 1 1 1 1
1 1 1 1 1 1 1 1 1 1 1 1 1 1 1 1 2 2 1
1 1 1 1 1 1 1 1 1 1 1 1 1 1 1 1 1 1 1 1 1
1 3 1 1 3 3 3 3 2 3 1 1 4
1 1
13 7 11 1
2 3 1 3 3 3 1 1 1 1 1 1 1 1 1 1
2 3 1 1 1 1 1 1 1 1 1 1 1 1 1 1 1 1 1 1
3 1 1 1 1 1 1 1 3 1 3 1 1 3 1 1 1
2 3 1 1 1 1 1 1 2 1 1 1 1 1 1 1 1
2 3 1 4 1 1 1 1 1 1 1 1 1 1 1
50
1 1
1 1
1 1
1 1
1 1
---
15
1 7
1 5 1 1 1
1 1 1 1 1 1
1 5 1 1 1 1
1 1 1 1 1
1 5 1 1 1
1 1 1 1
1 5 7
1 2 2
1 5 7
1 1 1 1 1
1 1 1 7
1 1
1 6
1 1 2
1 6
1 2
1 5 1 1
1 1 1 11
1 5 1 1
1 1
1 1 1 6
1 1 2 1
1 5 3 2
1 1 1 1
1 5 7
1 1 1
1 5 4 1
1 1 1 1 1 1
1 5 12
1 1 1
1 7
1 1
1 5 1
1 1 1 1
1 3 7
1 1 1
1 5 4 1
1 1 1 1 1
1 5 7
1 1 1
1 5 1 1
1 1 1 1
1 2 2 7
1 1 1
1 5 7
1 1 1 1 1
1 1 1 1
15