# solver=cpp-400bd85f2
# cpu=AMD EPYC Processor (with IBPB)
# isolated_core=11
# strategy=basic
# n_solutions=1
# solve_time=0.00050
19
4 4 9
4 5 5 2
3 4 5 2
4 4 4 3
4 4 5 3
4 5 5 4
4 4 4 5
4 4 4 5
4 4 4 6
4 5 5 7
5 5 5 5 2
4 4 5 5 1
4 4 5 6 1
4 5 4 5 1
4 4 5 5 1
3 5 5 5 1
3 4 5 5 2
2 5 4 5 2
1 5 5 5 2
1 5 5 5 3
2 4 5 4 3
1 5 5 5 2
1 4 6 4 3
6 5 4 3
5 6 5 3
4 6 4 3
2 5 4 3
2 6 5 2
2 5 4 2
2 5 5 2
7 5 2
5 5 2
3 5 1
2 5 2
1 5 1
2 5 2
13
1 1
13
1 1 3 1 1
1 1 3 1 1
1 1 1 1 1
3 2 3
1 3 1 1
1 3 1 1
1 3 1 1
1 1 2 1
7 1
12
1 1 1
1 1 1 1
1 3 3 1
1 3 3 1
1 3 3 1
2 2
1 1
1 1
1 1
10
---
11
10 4
12 3
12 4
9 7
7 7 2
5 8 2
2 8 2
3 9 2
2 11 5
1 14 9
1 15 8 8 7
15 8 1 1 7 5
12 9 1 5 3 3 1
7 9 2 1 3 2 4 1
3 10 3 1 6 3 1
1 12 4 3 3 2 1
1 14 5 3 2 1
1 14 7 5 3 3 1
1 16 6 1 1 5 1 4 1
18 7 1 1 1 3 1
14 7 1 5 1 5
12 8 1 1 13
7 9 8
4 10 3
2 11 3
2 13 2
1 13 2
2 14 2
17 3
13 4
10 5
5 7
3 8
11