# solver=cpp-b64f6aebe
# cpu=AMD EPYC Processor (with IBPB)
# isolated_core=11
# strategy=basic
# n_solutions=1
# solve_time=0.00030
3
5
7
4 4
4 4
4 3 4
4 1 1 4
17
3 1 1 3
6 5 6
5 2 2 5
4 1 2 1 2 1 4
3 1 2 1 1 1 2 1 3
2 1 1 1 1 1 2
1 1 1 1 4 1 1
1 1 1 1
1 2 1 1 2 1
1 2 1 2 1
1 2 2 1
3 5 3
1 1 1 1
15
1 1
1 1
1 1
3 1
3 1
3 3
3
3
---
4
4
4
4
4
16
3 1 1 1
6 5 3
5 2 2 1
4 1 2 1 2 1 3
4 1 2 1 1 2 7
4 3 1 1 1 3
3 1 1 1 4 1 1 1
4 3 1 1 1 1 3
4 1 2 1 1 1 2 9
4 1 2 1 2 1 3
5 2 2 1
6 5 3
3 1 1 1
16
4
4
4
4
3