# solver=cpp-a0f9b8019
# cpu=AMD EPYC Processor (with IBPB)
# isolated_core=11
# strategy=contra
# n_solutions=1
# solve_time=0.00220
7
2 2
1 2 5
2 1 1 6
2 1 7
2 1 2 11
2 2 1 6 5
4 1 2 6 6
3 1 1 5 7
2 1 2 1 5 7 2
1 1 1 1 5 6 5
2 1 2 2 4 6 6
5 9 6 7
1 5 6 8
2 4 6 9
1 3 3 5 7 2
4 3 6 7 3
1 2 1 2 7 5
1 3 1 4 6 7
4 4 5 2 8
1 1 6 9
1 2 5 2
2 2 5 2
2 3 2
2 7
2 1
2 3 2
2 3 1
2 1 2 1
2 1 1 2
1 1 1 1
1 1 1 1
4 4 2
2 1 2
15
---
2
3
2 1 3
4 3 2 7
2 1 1 1 3 1 2
1 7 1 1 2
1 2 1 2 2 2 1
1 1 4 2 1 1 2 2
1 3 2 2 2 3
1 1 1 2 1 1
2 5 2 1 2 1 1
2 3 2 5 1 4 1
4 1 2 1 1
1 4 2 9
4 3 1 1 1 1
5 4 2 2 1 1
5 5 1 5 1
5 1 4 1 1
9 3 3 1 4 1
11 6 2 1 4 3
10 4 3 1 3 2
9 4 2 1 2
8 5 2 1 2
6 5 3 3
3 7 3 2
10 3 2
8 4 2
7 5 2
6 5 3
4 6 2
9 3
6 3
6 4
10
9