# solver=cpp-86fd3e96b
# cpu=AMD EPYC Processor (with IBPB)
# isolated_core=11
# strategy=contra
# n_solutions=1
# solve_time=0.00030
2 2
7 1 1 7
10 2 2 10
3 2 1 1 2 3
2 2 1 1 1 1 2 2
1 4 2 4 2 4 1
1 4 2 2 2 4 1
1 2 6 2 1
2 2 2
7 4 7
16
4 4 4
2 4 2
1 14 1
6 2 6
1 8 1
2 2 3 2 3 2 2
1 4 6 4 1
2 1 3 2 3 1 2
6 2 6
---
7
4 2
3 1
2 2 1 5
2 4 1 2 1 3
2 4 1 1 1 2
2 2 1 1 1 2 1
2 3 1 2 1
1 1 2 3
2 1 1 2 1
3 1 1 1 2
1 2 1 1 2 1
3 2 1 1 1 2
4 1 5 1 1
15
15
4 1 5 1 1
3 2 1 1 1 2
1 2 1 1 2 1
3 1 1 1 2
2 1 1 2 1
1 1 2 3
2 3 1 2 1
2 2 1 1 1 2 1
2 4 1 1 1 2
2 4 1 2 1 3
2 2 1 5
3 1
4 2
7