# solver=cpp-6dc88e3e
# cpu=AMD EPYC Processor (with IBPB)
# isolated_core=11
# strategy=basic
# n_solutions=1
# solve_time=0.00040
1 5 1 7
5 1 8 1 8
3 2 1 6 3 1 3 3
3 1 1 3 3 1 2 1 1 2
2 1 1 2 1 2 1 1 2 1 2 2
2 2 1 2 2 1 2 1 2
2 1 1 2 1 2 1 2 1 1 3 2
2 3 2 1 3 3 1 1 1 2
3 3 1 3 2 1 4 4
4 3 1 4 4 4 1 1 3
4 3 1 6 3 1 1 2
40
1 1 5
5 1 6 1 2 2
4 2 1 8 1 2 1 4
1 1 1 1 8 1 2 2
3 1 2 1 2 2 1 2 2 2
3 1 1 1 1 1 1 1 2 2
3 1 1 1 1 1 1 1 3
4 2 1 2 2 2 1 6
6 1 2 2 1 1 2
3 2 1 4 1 2 3
3 2 1 2 2 1 2 4
40
1 1
5 1 5 1 6
2 2 1 7 1 8
2 1 1 2 1 4 1 1 1 3
2 2 1 4 2 1 1 1 1 2
2 1 1 2 1 3 1 1 1 1 2
2 3 2 1 2 2 1 2 2 2
3 3 1 2 3 1 2 2
1 5 1 1 2 1 1 7
3 1 1 3 1 6 1 2 5
1 5 1 1 2 1 1 3 5
---
1 1
1 10 1
9 2 8 8
10 11 6 1
3 4 2 2 1 2 2 1
2 1 2 3 1 1 1 1 1 1 1 2 3
1 1 1 2 3 1 1 1 1 1
1 1 2 1 3 2 3 1 1 2 3
2 4 2 2 2 2 1
10 1 6 1
8 1 8
1 1 1
1 1
35
1 1
6 1 1 1
9 1 6 2 4 1
4 5 4 2 2 9
3 4 3 1 2 1 4 2
3 1 1 2 3 1 1 1 4 1
3 1 2 3 1 1 1 1 3 1 1 1
2 1 2 3 3 2 1 2 1 1
3 4 4 2 2 4 5
9 1 6 2 2 3
5 1 1 1
1 1
35
3 1
4 4 1
6 2 1 4 2 5 1
3 2 1 7 3 2 2 2
2 1 1 6 3 1 2 1 4
2 1 2 1 1 1 1 2 1 1
2 1 2 2 1 1 1 2 1 1 1
2 1 2 1 5 2 4
3 10 6 3 5
7 1 1 6 3 5 3
3 2 1 5 2 3 3
4 1 2
3 1