# solver=cpp-86fd3e96b
# cpu=AMD EPYC Processor (with IBPB)
# isolated_core=11
# strategy=basic
# n_solutions=1
# solve_time=0.00030
2 3 2 1 2 2 2 3 2
1 3 1 1 3 1 1 1 3 1
1 3 1 1 3 1 1 1 3 1
1 1 1 1 3 1 1 4 1 1 1
7 3 5 1 7
1 7 1 1 1
1 5 2 1 1 1
1 1 1 1 3 1 1
1 3 7 13 1
3 2 1 1 1 3 1 1 1 3
1 1 5 1 3 1 1 1 1 1 1
1 1 1 1 3 1 1 1 2 1 1
1 1 1 1 3 1 4 1 1 1
2 2 2 2 2 2 2 2
50
---
1 1
5 1
1 2
3 1 6
10 1
3 1 6
1 1 2
5 1 1
1 1 1
1 1
5 1
3 1
3 1 1
7 1 1
2 5
5 2
3 1 1
3 1 1
1 1
1 2
1 7
5 1 1
1 1 3 1
9 1
1 1 3 1
5 1 1
1 7
2
3 1
3 1 1
3 1 1
1 1 1
10 1
1 1 1
1 1 1
1 1 1
7
1 2
1 1
1 1
4 1
1 1 1
5 1
1 2
3 1 6
10 1
3 1 6
1 2
5 1
1 1