# solver=cpp-d85c7576
# cpu=AMD EPYC Processor (with IBPB)
# isolated_core=11
# strategy=basic
# n_solutions=1
# solve_time=0.00030
5
7
3 3
2 1 1 2
2 1 2
8 1 1 13
2 1 3 1 3
2 3 2 2 3 2 1
2 1 1 5 1 1 2 1
26 1
1 1 1 14 1 1
1 1 1 1 9 1 1 1
1 1 1 1 5 1 1 1 1
1 1 1 1 5 1 1 1 1
1 1 1 1 5 1 1 1 1
1 1 1 1 8 1 1 1
1 1 1 1 8 1 1 1
1 1 1 1 8 1 1 1
1 22 2
1 2 1 1 2 3 1 1 3
4 1 1 2 3 1 1 2 1
2 1 1 4 3 1 3 1
26
1 1
1 1
---
16
2 3
3 2 1
2 14
2 1 1 1
1 1 1 1
1 14
1 3 1 1
1 1 2 1 1
1 16
4 2 1 2
7 3 8
3 16
2 1 2 11 1
2 1 1 11 1
2 1 2 11 1
3 16
7 3 8
4 14
1 5 1 1
1 1 2 1 1
1 16
1 1 1 1
1 1 1 1
1 16
1 2 2
1 2 2
3 2
2 2
17