# solver=cpp-1562f45ac
# cpu=AMD EPYC Processor (with IBPB)
# isolated_core=11
# strategy=basic
# n_solutions=1
# solve_time=0.00030
3 3 4 4 4 3
10 4 4 9
10 4 4 9
3 2 3 4 4 4 3
2 2 2 2
2 2 2 2 3
2 7 6
2 7 6
2 2 2 2 3
2 2 2 2
2 2 2 2
4 4 4 4 3
4 4 4 9
4 4 4 9
4 4 4 4 3
0
4 3 4 4 4
9 4 4 8
9 4 4 9
4 3 4 4 4 3
2 4 2 2 2
2 3 5 2 2 2
6 8 2 2
6 2 5 2 2
2 3 2 4 2 2
2 2 3 2 2
4 3 4 4 4 3
9 4 4 9
9 4 4 8
4 8 4 4
---
4 4 4
4 14
4 14
2 4 4 2 4
14 2 4 2
14 2 4 2
2 4 4 4 4
4 4 4
4 4 4
4 1
4 4
4 4 14
15 14
15 7 4
4 2 4 4
2 4
4 2 4 4 8
15 14
15 14
4 4 4 4
0
4 4 4 4
15 14
15 14
4 2 4 4 4
2 4 2 2 2
2 4 2 2 2
4 4 4 3 3
4 4 12
4 4 10