# solver=cpp-b64f6aebe
# cpu=AMD EPYC Processor (with IBPB)
# isolated_core=11
# strategy=basic
# n_solutions=1
# solve_time=0.00040
1 3 1 4 3 5
1 1 1 1 2 2 3 1 1 1 1
2 1 1 2 3 4 2 1
2 2 2 1 4 3 1 1
1 5 3 5 3 1 6
3 7 7 1 2
1 3 2 8 2 1 1
3 3 3 2 8 3 2
2 1 3 2 1 1 6 1
1 4 2 4 1 5 1
1 3 1 1 2 1 5 4 1
1 1 3 1 1 2 7 1 1 1
1 3 2 2 2 11 1 1
1 1 3 1 3 9 2 1 1
3 3 1 1 7 1 6 1
2 3 1 1 1 7 8 1
3 1 2 7 8 1
1 8 10 6 1
9 12 4 1
11 12 4 2
14 4
40
12 3 14
2 28
17 10
---
2 7 4
1 2 2 2 1 5
1 5 1 3 4 1
1 3 6 1
2 2 14 1
1 2 15 1
5 16 1
1 3 6 1
1 2 2 11 1
3 2 4 6 1
2 1 2 6 1
1 1 2 2 1 5 1
1 1 2 1 4 3 2
2 2 1 1 2 1 2 2
1 1 3 1 1 2
1 2 2 2 1 4
2 2 4
2 5 3 4
3 4 1 1
3 3 1 1
3 6 1 1
1 3 9 1 1
3 4 10 3
4 3 11 3
19 3
18 3
16 3
4 3 2 3
3 2 2 4
1 2 5 1 4
1 2 3 4
1 1 1 1 6 4
3 1 6 4
2 1 2 1 7 4
1 1 1 1 1 7 4
1 3 2 1 4 5
1 1 5 2 2
1 1 2 2 2
1 3 3 1
13 1 1