# solver=cpp-298d4941
# cpu=AMD EPYC Processor (with IBPB)
# strategy=basic
# n_solutions=1
# solve_time=0.00050
2
2
1 2
3 3
2 2
2 1 2 1 2
2 3 5 2
2 1 1 2 2 2
2 3 2 2 2
2 1 2 1 4
2 3 2 3 3
2 1 3 1 1 2
10 3 2
1 1
1 3 3 3 3 3 1
1 1 1 1 1 1 1 1 1 1 1 1 3
1 1 1 1 1 1 1 1 1 1 1 1 1 1
1 3 1 1 3 3 3 1 6
1 1 1 1 6
23 1 1
---
9
3 1
2 1 4 1
2 1 1 1 1
2 1 4 1
2 1 1
2 3 6
2 2 1 1 1
2 3 3 6
2 2 1 2 1
2 3 2 4 1
2 2 1 1 1
2 2 4 1
3 1
2 3 4 1
2 2 1 1 1 1
2 3 4 1
2 1
2 4 1
2 1 1 1
1 7 4 1
3 8 1
4 8
1
2
5
1 2
4
3
2