# solver=cpp-400bd85f2
# cpu=AMD EPYC Processor (with IBPB)
# isolated_core=11
# strategy=basic
# n_solutions=1
# solve_time=0.00030
2 2 4 2 1 4 2 2 4 4 4
2 2 2 1 2 1 4 2 2 5 4 5
3 2 2 1 2 1 2 3 3 2 2 2 2 2
3 2 2 1 3 2 2 3 3 2 2 2 2 2
6 2 1 2 1 4 7 4 4 2 2 3 1
6 2 1 2 1 4 7 2 2 4 4
2 3 2 1 4 2 2 1 2 2 2 2 5
2 3 2 1 2 2 2 1 2 2 2 2 2 2
2 2 2 1 2 4 2 2 2 2 4 2 2
2 2 4 2 4 2 2 4 4 2 2
---
10
10
4
4
10
10
0
10
10
1 1
10
0
4
7
7
4
4
4
0
10
10
2 2 2
2 2 2
0
10
10
4
4
4
10
10
0
10
10
2 1 1
10
3 4
0
10
10
2 2 2
2 2 2
0
10
10
2 2
10
4 4
0
1
1
1
0
1
0