# solver=cpp-298d4941
# cpu=AMD EPYC Processor (with IBPB)
# strategy=basic
# n_solutions=1
# solve_time=0.00040
1
3 3 1 3 1
1
5 2 1 4 5 4 4 1
5 2 1 4 5 4 4 1
2 2 2 1 2 2 2 2 2 1
2 2 2 1 2 2 2 2 2 1
2 2 2 1 4 2 2 4 2 1
2 2 2 1 2 4 2 2 1
2 1 2 1 2 2 2 2 2 1
2 1 2 1 2 2 2 2 2 1
6 4 4 5 4 4 1
6 4 4 5 4 4 1
1
35
---
1
1 10 1
1 10 1
1 2 2 1
6 2 1
1 10 1
1 2 1
1 1
10 1
1 10 1
2 1
1 10 1
1 1
1 10 1
10 1
2 1 2 1
2 1 2 1
1
10 1
10 1
2 1 2 1
10 1
5 4 1
1
10 1
10 1
2 1 2 1
2 1 2 1
1
10 1
10 1
2 2 1
2 2 1
1
15