# solver=cpp-298d4941
# cpu=AMD EPYC Processor (with IBPB)
# strategy=basic
# n_solutions=1
# solve_time=0.00040
1 1 1 1 1 1 1
3 1 5 1 5 1 1 1 1 5 1 3 1 3 1 4
1 1 1 1 1 1 1 1 1 1 1 1 1 1 1 1 1 1
3 1 1 1 1 1 1 1 1 1 1 1 1 1 2 1 3 1 1 2
1 1 1 1 1 1 1 1 1 1 1 1 1 1 1 1 1 1 1
3 1 1 1 1 1 1 5 1 1 1 1 1 3 1 4
1 1 1 1 1 1 1
55
0
0
---
1
3 1 1
1 1 1 1
1 3 1
1
8
1
5 1
1 1
3 1
1 1
5 1
1
8
1
1 1
1 1
5 1
1 1
1 1
1
8
1
5 1
1 1
3 1
1 1
5 1
1
8
1
1 1
1 1
5 1
1 1
1 1
1
8
1
5 1
1 1 1
1 1
1
8
1
3 1 1
1 1 1 1
1 3 1
1
8
1
5 1
1 1 1
1 1 1 1
1 3 1