# solver=cpp-d85c7576
# cpu=AMD EPYC Processor (with IBPB)
# isolated_core=11
# strategy=basic
# n_solutions=1
# solve_time=0.00020
20
1 1 1 1 2 1
1 3 1 1 1 1 1 1 2
1 3 1 2 1 2 1
1 1 1 1 1 1 2 1
20
1 1 2 1 1 1 1
1 1 1 3 1 1 1 1
1 1 1 1 1 1 2
1 1 1 1 1 1 1 1 1
20
1 1 1 1 1 1 1 1 1
1 1 1 1 1 1 1 1
1 1 1 1 1 1 1
1 1 1 1 1 1 1 1 1
20
1 1 1 7
20
1 1 1
20
20
20
20
20
20
20
20
20
20
20
---
30
1 1 1 1 1 11
1 2 1 1 4 4 11
1 2 1 1 1 1 11
16 13
1 1 1 1 1 11
1 1 2 2 4 1 1 11
1 3 1 1 1 11
18 11
1 1 1 1 1 11
1 1 2 1 3 3 1 11
1 1 1 1 1 1 11
16 1 11
1 1 1 15
1 2 6 1 4 11
2 2 1 3 11
7 9 11
1 1 1 1 3 11
1 1 7 4 11
6 1 1 3 11