# solver=cpp-86fd3e96b
# cpu=AMD EPYC Processor (with IBPB)
# isolated_core=11
# strategy=basic
# n_solutions=1
# solve_time=0.00040
2 1 1 1
1 1 3 2 2 1 1
1 2 4 1 2 3 2 2
2 2 4 1 3 3 3 2
2 2 5 2 3 3 4 3
2 3 5 3 4 5 5 4
2 4 5 3 4 14 4 1
2 5 5 4 8 9 1
3 5 17 1 3 2
3 5 14 1 12 2 2
9 12 4 1 13 1 2
19 1 6 1 13 4
16 1 6 2 13 3
13 1 6 1 13 2
9 2 1 1 2
5 4 29
3 2 1 1 16 4
1 5 1 1 1 3 2 3
1 1 7 1 1 1 2 2 11 2 3
1 3 7 1 1 1 1 1 11 2 3
1 3 7 1 1 1 2 3 1 11 1 2
1 3 7 1 1 1 1 4 2 10 2 1
1 3 7 1 1 1 1 4 2 10 1 1
1 1 1 1 1 4 1 2
1 1 1 1 1 1 1 15
1 1 1 1 1 1 1 15
1 1 1 1 1 1 1 2 1
1 1 1 1 1 1 1 13
1 3 1 1 1 1 1 1 2 2
6 2 1 1 1 1 1 1 15
2 2 1 1 1 1 1 1 5 1 1 1
1 5 1 1 1 1 1 7 10 1
2 3 7 1 4 2 3 1 1 1
6 5 4 16
4 1 15
3 1 4 7
7 2 3 5
10 2 5 3
18 6
26 4
---
29 5
14 1 5
9 4 1 5
6 4 4 4
9 5 2 2 4
10 2 2 4
14 1 2 4
13 5 2 3 3
9 5 6 3
3 6 4 3
6 6 1 2
10 6 1 2
13 6 1 2
13 6 1 2
13 1 2
11 17 2
4 2 1 2
8 1 1 2
10 2 1 1
6 20 1
4 1 1
26 1
5 1 1 1
9 3 1 2 1
9 3 1 13 1
6 4 1 3 1 1
2 4 1 2 13
3 4 3 4 1
6 4 4 4 4
9 2 1 14 2
6 4 2 1 2 2
2 5 1 2 2 2
1 3 2 2 2 2 3
1 5 2 3 3 3 3
1 5 2 4 2 10
1 5 2 5 3 11
3 5 2 5 6 5
5 5 2 5 2 1 1 3
7 5 2 5 2 1 6
5 5 2 5 2 1 1 1 2
3 5 2 5 2 1 1 1 2
1 5 2 5 2 1 1 1 3
1 5 3 4 2 1 1 1 4
4 5 1 2 3 2 1 1 1 5
9 4 1 2 1 2 1 1 1 5
8 2 1 3 2 1 1 1 5
7 2 5 1 1 1 4
2 5 3 1 7
13 5 2
17 6