# solver=cpp-400bd85f2
# cpu=AMD EPYC Processor (with IBPB)
# isolated_core=11
# strategy=contra
# n_solutions=1
# solve_time=0.00050
0
0
15
19
1 3 1 1 2
2 1 2 2 3 2 6
1 1 1 2 1 1 2 2 1 1
2 2 1 2 1 11 1
1 2 2 3 2 1 6
27
1 4 1 2 2 2
2 3 1 2 2 4 2
1 5 2 3 1 1
2 3 2 2 2 3
4 3 13
4 3 4
2 6 4
3 2 4 1
4 5
0
---
2
3 3
3 3 2
3 2 1
1 6 2
2 8
2 1 3
2 1 1
2 1 2
13
3 2 1
4 1 1 1
2 2 1 1 1
2 2 1 3
4 4 5
2 2 4 2 2
2 3 2 1 1
2 2 1 4 2
4 1 1 5
2 3 1 3
1 2 1 2 1
2 3 3 1
2 3 2 1 1
3 4 1 2
2 3 2 1
3 1 2 1
1 2 4 2
1 2 1 2 1
4 3 1 1
1 1 1 1
1 1 3
1 1
1 1
4
0