# solver=cpp-d85c7576
# cpu=AMD EPYC Processor (with IBPB)
# isolated_core=11
# strategy=basic
# n_solutions=1
# solve_time=0.00030
0
13 13
2 2 2
1 1 1
1 3 1 1 3
1 2 1 1 1 2 1 1 2 1 1 1
1 2 1 2 1 1 2 1 2
1 1 3 1 1 1 1 3
1 3 7 3 1 1 3 7 2
2 2 3 2 2 2 2 3 2
1 1 1 1 1 1 1
1 5 5 1 1 5 3
9 9 9 5
10 10 10 6
4 4 4 4 4 4 4
3 1 3 3 1 3 3 1 3 3 1
3 2 3 3 2 3 3 2 3 3 2
4 4 4 4 4 4 4
9 9 9 5
8 8 8 4
19 16
5 5 5 2
4 5 4 4 5 1
3 7 3 3 7 1
1 9 1 1 9
1 9 1 1 9
2 9 2 2 9 1
1 9 1 1 9 1
1 9 1 1 9 1
1 9 1 1 9 1
1 9 1 1 9 1
1 9 1 1 9 1
1 9 1 1 9 1
1 9 1 1 9 1
1 9 1 1 9 1
1 9 1 1 9 1
1 7 1 1 7 1
2 5 2 2 5 2
2 2 2 2
9 9
---
0
11
6 11
2 13
1 1 2 4 10
1 2 1 3 2 6 12
1 1 1 3 1 4 2
1 6 4 12 2
1 2 9 14 1
1 1 1 7 1 16 1
1 1 3 5 1 16 1
1 6 1 16 1
1 1 3 5 1 16 1
1 1 1 7 1 16 1
1 2 9 14 1
1 6 4 12 2
1 1 1 3 2 4 2
1 2 1 3 1 6 12
1 1 2 4 10
2 13
6 11
11
0
11
6 11
2 13
1 1 2 4 10
1 2 1 3 2 6 12
1 1 1 3 1 4 2
1 6 4 12 2
1 2 9 14 1
1 1 1 7 1 16 1
1 1 3 5 1 16 1
1 6 1 16 1
1 1 3 5 1 16 1
1 1 1 7 1 16 1
1 2 9 14 1
1 6 4 12 2
1 1 1 3 2 4 2
1 1 1 3 1 6 12