# solver=cpp-1e16a40
# cpu=AMD EPYC Processor (with IBPB)
# isolated_core=11
# strategy=basic
# n_solutions=1
# solve_time=0.00030
2 1 1 1 1 2
3 1 3
4 7 4
0
17
2
2 15
2 2 11
1 2 4 5
1 2 9
1 2 9
1 2 1 4 4
1 3 9
1 4 11
1 11 6
1 7 10
1 10 7
1 1 16
1 15 2
1 7 2 4
2 5 2 3
2 3 2 2
2 1 1 1 1
5 4 2
1 1 1 1
6 4 3
2 10
2 3 3
2 3 1
5
---
1 1 14 2
1 1 2 2 3
1 2 10 2 2 1
2 2 9 2 2 2 1
1 1 2 9 1 1 2
2 1 2 9 1 1 1
1 1 1 8 1 1 2
1 1 1 1 10 1 1
1 1 1 1 7 4
1 1 1 2 2 4 1
1 1 3 7 1
3 1 13 5
1 10 5 1 2
1 8 7 1 2
2 1 2 10 5
1 1 5 7 1
2 1 14 1
1 1 12 2 4
1 1 1 18 1 1
1 1 1 6 9 1 1 2