# solver=cpp-6b570c1b3
# cpu=AMD EPYC Processor (with IBPB)
# isolated_core=11
# strategy=basic
# n_solutions=1
# solve_time=0.00050
1 3 9 9 1
1 9 8 17
2 9 10 1
1 9 8 16 1
15 10 1
4 15 12 2
11 9 9 7
10 9 9 1
10 43
9 2 2 3
8 1 6 23 1 3
1 3 4 6 3
1 3 5 7 7 1
1 3 28 1
1 3 8 7 1
1 3 6 2 5 1 1 2
1 3 8 2 1 1 1 2
1 3 8 2 1 1 2 1 2
6 8 2 1 2 2 1 2
4 2 8 2 1 1 5 1 2
8 1 2 8 2 1 1 1 2 1 2
3 4 8 2 1 1 9 2
4 5 2 1 1 2 2 1 2
13 2 1 1 1 2 1 2
2 7 2 1 2 1 1 2 4
6 4 2 1 1 11
4 2 1 1 1 3
20 2 1 1 1 3
4 1 8 1 1 1 3
12 1 1 1 7 1 1 1 3
4 4 1 1 1 3 3 1 1 1 3
5 1 1 1 26 2
7 1 1 3 1 1 11
6 1 11 1 2 2 2 2
23 1 1 1
60
41
57
43 3
60
---
3 1 1 1 1 1 5
4 1 2 1 1 1 5
4 1 1 1 1 2 1 5
4 1 1 1 1 2 1 5
5 1 1 1 1 1 1 5
5 2 1 1 1 1 1 5
5 2 1 1 1 1 1 6
6 3 3 1 1 8
5 1 2 1 1 1 6
4 2 2 1 1 9
6 31
3 1 1 2 1 19
1 1 1 29
1 1 1 24 7
1 1 1 11 1 7
1 1 1 1 5 7
6 1 1 7
9 1 7 1 7
9 2 7 1 11
9 1 7 1 7
9 1 8 1 6
9 2 8 12
9 1 8 1 6
9 1 1 7 1 6
9 1 1 7 12
3 1 1 1 2 15
1 1 1 1 20 6
1 1 1 1 1 12 2 1 6
1 1 1 1 1 2 1 1 6
1 1 1 1 1 2 1 1 5
1 1 1 1 1 2 3 7
1 1 1 1 2 4 5
1 1 1 1 1 2 2 5
1 1 1 1 1 2 1 7
1 1 1 1 1 3 5
7 1 1 17 5
9 1 1 1 1 5
9 1 1 1 1 5
9 1 1 1 1 5
9 1 3 1 5
9 1 3 1 5
9 1 3 1 1 3
9 1 3 1 1 3
9 1 3 1 1 1 1 1
5 1 1 3 1 1 1 1 1
1 1 1 1 1 7 1 1 1 1
1 1 1 1 2 14 1 1 1
1 1 1 1 1 1 1 1 1 1
1 1 1 1 1 4 8 1 1 1
1 1 1 1 1 1 1 5 2 1 1 1
1 1 1 1 1 1 1 1 1 1 1 1 1
1 4 3 7 1 1 1 1 1
6 1 3 9 1 1 1 1
2 2 5 1 1 1 1
1 2 1 1 1 1 1 1
2 1 1 1 1 1 1 1
1 1 16 1 1 1
3 9 1 2
1 16 2 1 2
14 3 2