# solver=cpp-298d4941
# cpu=AMD EPYC Processor (with IBPB)
# strategy=basic
# n_solutions=1
# solve_time=0.00050
0
0
0
0
0
5
7
9
2 1 2
2 1 2
9
7
2 2
5
1
3 3 3
6 1 6
2 11 2
1 1 1
2 11 2
2 1 2
2 11 2
2 1 2
1 7 1
1 1 1
1 4 1 4 1
1 11 1
3 9 3
1 1 7 1 1
1 3 3 1
1 1
1 1
1 1
1 1
1 1
2 2
2 2
1 1
1 1
1 1
1 1
1 1
4 4
4 4
0
0
0
0
0
0
---
0
0
0
0
0
0
0
0
0
0
0
0
0
0
0
3 2
9 1
4 1
2 1 2
2 2
3 1 1 2 2 2
4 3 1 1 3 15
6 2 1 1 1 5
3 4 1 1 1 1 5
3 4 1 1 1 1 1 3
7 16
3 4 1 1 1 1 1 3
3 4 1 1 1 1 5
6 2 1 1 1 5
4 3 1 1 3 15
3 1 1 2 2 2
2 2
2 1 2
4 1
9 1
3 2
0
0
0
0
0
0
0
0
0
0
0
0
0
0