# solver=cpp-6dc88e3e
# cpu=AMD EPYC Processor (with IBPB)
# isolated_core=11
# strategy=contra
# n_solutions=1
# solve_time=0.00090
0
0
3
1 1 1 1 1
1 1 3 3 3 3 1 3 3 1 1 1 1 2 1
1 1 1 1 1 1 1 1 1 1 1 1 1 1 1
3 3 3 3 3 1 1 3 1 1 1
1 1 1 1 1 1 1 1 1 1 2
1 3 3 3 3 3 1 1 1 1
0
3
1 1 1 1 1
3 3 3 3 3 1 1 1 1 1 1 1 3
1 1 1 1 1 1 2 1 1 2 1
3 3 1 1 3 1 3 1 2
1 1 1 1 1 1 1 1 1
3 3 3 3 1 1 1 1 3
0
0
0
---
0
0
0
3 1 3
1 1 1 1
5 3 1
0
5 1 3
1 1 1 1 1 1
5 3 1
0
3 3
1 1 1 1
3 3
0
3 1 5
1 1 1 1 1
1 3 5
0
3 1 3 1
1 1 1 1 1 1
5 5
0
2 2
0
1 3
1 1 1 1
3 1 5
0
5 3
1 1 1
5 5
0
1 1
3
1 1
5 5
0
2 2
0
2 2
0
5
1 5
2 1 1 1
1 1 1
5
0
0
0