# solver=cpp-1e16a40
# cpu=AMD EPYC Processor (with IBPB)
# isolated_core=11
# strategy=contra
# n_solutions=1
# solve_time=0.00070
0
0
0
0
3
5
7
1 1
9
9
11
4 4
3 3
4 4
4 4
5 5
13
13
13
17
1 11 1
1 11 1
1 11 1
1 13 1
1 2 9 2 1
1 1 1 1 1 1
2 11 2
1 13 1
13
1 1 1
1 1 1 1 2
3 1 3
2 1 1 1
1 1 2
2 2
3
1
0
0
0
0
0
0
2 2
7
7
5
3
1
0
---
0
0
0
0
0
0
0
0
0
0
0
0
0
0
5
3 1
1 2
1 1
7 1 4
14 3 1
21 3
19 3 3
2 4 10 3 1 1
3 3 9 4 4
3 3 9 3 1 2
3 3 9 3 2
2 4 10 3 1 3
19 3 1 1
21 2
14 3 2 2
7 1 4 4
1 1 5
1 2 5
3 1 5
5 4
2
0
0
0
0
0
0
0
0
0
0
0
0
0
0