# solver=cpp-298d4941
# cpu=AMD EPYC Processor (with IBPB)
# strategy=contra
# n_solutions=1
# solve_time=0.00190
0
0
3 1
1 1 1
1 1 1 1 3 3 3 3 3 3
2 1 1 1 1 1 1 1 1 1 1 1
1 1 1 3 3 3 3 3 3
1 2 1 1 1 1 1 1 1 1
1 1 1 3 3 3 3 1 3
0
3
1 1 1
3 1 3 3 3 1 1 1 3 3
1 2 1 1 1 1 1 1 1 1
2 1 3 3 3 3 3
1 1 1 1 1 1 1 1 1
3 1 1 3 1 3 1 3
0
0
0
---
0
0
5 5
1 1 1 1
1 1 1
1
5
1
3 5
1
5 1
1 1
5 5
1 1 1 1
5 3
1 1
3 3
1 1
3 5
1 1 1
3 1 5
1 1 1
5 2
0
2 3
1
1 3 5
1 1 1
3 1 5
1 1 1
3 1 5
1 1 1
1 3 1
0
1 1 1 1
1 1 1
5 5
1 1 1
5
0