# solver=cpp-298d4941
# cpu=AMD EPYC Processor (with IBPB)
# strategy=basic
# n_solutions=1
# solve_time=0.00050
20
22
10 10
9 11
1 10 5 3
1 10 5 2
3 10 5 2
3 9 4 3
3 3 4 1 2 5
3 3 1 7
2 3 2 1 7
3 3 2 1 6
4 3 2 5
4 5 1 2 2 2 1 6
6 6 9 3 6
7 26
4 26
6 25
4 25
24
24
24
24
5 25
7 25
9 25
36
36
16 4 8
15 4 8
15 4 7
14 1 4 7
13 4 6
12 2 4 5
1 9 2 5 3
3 2 7 3
1 1 8 3
5 2 2
2
3
---
2
3
4
4 4
1 1 9
2 2 2 11
6 3 2 12
13 12
10 12
8 12
5 11
12
11
3 1 11
5 3 9
6 6 10 1
7 18
6 18
9 17
9 14 4
10 14 1 3
9 15
7 15 2
5 14 3
3 18 3
3 20 4
2 24
2 2 23
2 3 24
2 6 23
9 14
8 15
7 16
5 2 19
4 3 25
4 30
4 29 1
5 27 2
33 2
32