# solver=cpp-d85c7576
# cpu=AMD EPYC Processor (with IBPB)
# isolated_core=11
# strategy=contra
# n_solutions=1
# solve_time=0.00040
6
8
5 3 4
7 2 3
2 4 2 3
2 3 2 3
2 3 2 4
3 2 2 4
4 5 4
14
12
3 1 1
2 1 1
5 2 1
2 2 2 2
1 1 1 1 3
1 3 1 1 1 2
1 1 1 1 1 1 1
1 1 1 1 1 1 2
1 1 1 1 1 2 1
1 1 1 1 1 3 2
1 1 1 1 1 1 1 1
1 1 1 1 1 1 2 2
1 1 1 1 1 1 1 1
1 1 1 1 1 1 2 1
1 1 1 1 1 1 3
1 1 2 1 2
1 1 1 1
2 2 3
3 2
---
6 15
8 2 2
2 4 1 10 1
2 3 1 2 2
3 2 1 13
4 3 2
4 3 12
9
5 2
3 2
11 13
11 1 3
3 2 2
2 22
2 3 2 2
3 3 2 3
9 3 3
7 3 2
5 3 2
5