# solver=cpp-1e16a40
# cpu=AMD EPYC Processor (with IBPB)
# isolated_core=11
# strategy=basic
# n_solutions=1
# solve_time=0.00060
20
17
10 2 2
7 3 3
6 4 3
1 4 3
2 6 2
11 2 6 3
2 2 3 7 2
9 2 10 2
2 1 9 4
5 2 1 10 1
3 3 1 1 1 1 1
2 1 2 2 7 1 1
2 1 4 1 6
1 1 1 1 1 1 5 1 3
1 2 1 2 3 1 7 2
1 1 1 1 1 3 2
1 5 3 1 1 1 1 2 2
1 4 1 1 1 1 2 1
1 2 1 2 1 1 1 1 2 2
1 2 1 1 2 1 1 1 1 1
3 2 1 1 1 1 2 1
2 2 3 1 8 1 1 1
1 6 3 12 1 1
1 11 14 1 1
1 11 16 1
1 26 1
2 23 1
2 16 2
2 9 3
5 4 1
1 6 7 1
1 25 1
1 25 1
1 25 1
1 25 1
1 25 1
1 25 1
1 25 1
1 25 1
1 25 1
1 23 1
2 23 2
1 23 1
1 21 1
2 21 2
1 21 1
1 21 1
1 21 1
1 21 1
1 19 1
2 19 2
1 17 1
2 17 2
1 15 1
2 11 2
3 7 3
3 5 3
2 2
3 3
1 1
5 5
1 1
13
---
9
2 2
2 1 8
1 1 1 1 2 2
3 2 2 3 4 15
1 1 1 2 6 2 4
1 1 1 10 5 11 7
1 1 1 1 5 14 3
1 1 2 2 1 2 5 20 3
1 1 1 1 1 1 6 21 2
1 1 2 1 1 5 23 1
1 1 1 2 3 5 24 2
1 1 2 8 6 23 1 3
2 1 2 2 1 6 24 2 1 1
3 1 2 20 24 2 1 1
5 2 4 25 1 1 1
7 22 26 3 1
5 2 1 1 8 26 1
5 2 1 1 8 26 1
5 1 1 1 8 26 1
4 2 1 2 8 26 3 1
4 2 1 1 8 25 1 1 1
3 7 1 8 24 2 1 1
3 6 1 1 7 24 2 1 1
2 8 1 1 6 24 1 3
2 27 24 2
12 1 2 5 23 1
12 2 2 5 22 2
2 6 1 2 4 20 3
4 5 2 2 3 14 3
1 3 1 2 3 2 12 7
3 2 2 5 1 4
4 1 3 15
6 10
5