# solver=cpp-86fd3e96b
# cpu=AMD EPYC Processor (with IBPB)
# isolated_core=11
# strategy=basic
# n_solutions=1
# solve_time=0.00040
26
2 2
2 2
26
22
2 2
2 1 1 1 1 1 1 2
3 1 2 1 3 1 2 1 2
1 4 5 4 2
2 7 7 6 1
29
26
1 1
1 5 1 1 1 1
1 1 3 1 3 2 2 1
1 1 11 5 1
1 1 2 3 2 1 1 1 1 1
1 1 2 5 1 1 1 1
1 1 5 2 1 1 1 1
1 1 2 3 1 1 1 1
1 1 3 2 1 1 1 1
2 1 4 1 1 1 1
1 2 2 1 1 1 1
1 1
26
24
18 3
15 4
20
16
---
3
2 1 2
4 2 15
1 1 2 2 1 3
1 3 1 3 1 1 4
1 2 1 3 1 1 5
1 2 4 9 5
1 2 5 1 6
1 2 5 1 6
1 2 4 2 6
1 2 1 3 3 6
1 2 1 2 2 2 6
1 2 1 3 7 6
1 2 4 2 4 6
1 2 5 6 3 6
1 2 5 1 3 2 6
1 2 5 4 3 6
1 2 4 7 6
1 2 1 3 2 2 6
1 2 1 2 2 3 2
1 2 1 3 3 2
1 2 4 10 2 2
1 2 5 2 2 3
1 2 5 8 2 2
1 2 1 4 2 5
1 3 1 3 10 4
1 1 2 2 3
4 2 15
2 2 1
3