# solver=cpp-1562f45ac
# cpu=AMD EPYC Processor (with IBPB)
# isolated_core=11
# strategy=contra
# n_solutions=1
# solve_time=0.00040
3
3
1
1
12
1 1
1 1 1 1
1 2 1 2 1
1 2 2 2 1 1 1
1 1 1 1
1 2 1 1 1
1 1 4
12 2
2 2
10 2
4 6
4 5 5
2 2 2 2 2
2 1 1 1 1 1
2 2 2 2 2
5 1 1 1 1
1 2 5 1
1 3 1
1 1 11
4 4
4 7
4 4 1
6 3 2
1 1 2 2
6 4
---
4
6
6 2
9 2 3 3
1 1 4 5 1 1
1 2 1 1 3 5 1
1 3 1 1 5 1
1 1 1 6 5 1
2 1 1 1 3 2 1 1 7
5 2 1 3 1 1 2 1
2 1 1 1 2 1 1 6
1 2 1 1 6 7
1 3 1 1 5 1
1 1 2 3 4 1
9 3 5 1 2
2 1 2
4 2 3
6
6
4