# solver=cpp-b64f6aebe
# cpu=AMD EPYC Processor (with IBPB)
# isolated_core=11
# strategy=basic
# n_solutions=1
# solve_time=0.00040
7 5
10 5
4 7 9
6 7 1 2
14 1 1 2
6 5 2 1 2
7 5 3 3 2
4 2 5 2 6
3 2 16 3 2
2 3 3 1 1 3 3
2 2 2 1 3 3 3 1 5 1
2 3 2 3 3 3 3 1 2 2
2 2 2 1 1 3 3 3 1 1 2 1
2 2 2 2 1 3 3 3 1 3 4 2
1 2 2 1 1 3 3 3 1 2 1 1 1
2 1 1 2 15 1 1 1 1
1 1 1 1 1 1 1 1
1 7 1 1 4 4 1 1 1 1 1
1 13 1 4 4 1 1 1 1 1
16 1 4 4 1 1 1 1 1
17 1 4 4 1 1 1 1 1
17 15 1 1 1 1
2 9 2 15 1 4 1
2 2 2 2 15 1 1
6 6 15 1 1
1 1 1 1 16 12
1 1 1 1 16 3
1 1 1 1 1 3
1 1 1 1 1 3
1 1 1 1 1 3
6 6 1 3
6 6 1 3
6 6 1 3
6 6 1 5
6 6 1 5
6 6 31
6 6 31
6 6 31
17 31
2 2 31
---
4 19
3 6 9
2 4 1 10
2 4 1 10
2 7 9
1 2 22
1 2 6 1
2 2 6 1
1 2 6 1
2 1 6 1
1 2 6 1
1 2 2 22
2 1 2 7 9
1 2 2 4 1 10
1 1 2 4 1 10
3 2 6 9
3 2 3 20
2 1 3
2 1 3
2 1 1 15
2 20 5
2 2 1 6 5
2 3 6 6 5
6 6 10 5
7 6 10 5
5 1 1 10 5
5 1 6 10 5
1 2 2 6 6 5
1 2 3 6 10 5
4 1 1 1 10 5
6 1 6 10 5
5 1 6 10 5
5 1 6 6 5
4 1 1 6 5
4 19 5
3 5
2 5
2 5
1 13 5
2 1 5
1 3 1 5
1 1 6 1 7
4 6 10 1 7
3 1 5 2 1 15
3 1 1 2 1 15
8 2 10 15
10 1 5
1 4 1 5
1 3 1 5
13 5