# solver=cpp-6b570c1b3
# cpu=AMD EPYC Processor (with IBPB)
# isolated_core=11
# strategy=basic
# n_solutions=1
# solve_time=0.00030
4
2 2
2 2
2 2
2 2
12
1 1
1 1
1 2 1
1 1 1 1
1 1 1 1
14
1 1
2 2
2 2
12
5 5
4 4
4 4
4 4
12
2 2
1 1
1 1 7
1 1 2 2 2
14 3 2 2
7 8 2 2
6 6 2 2
6 6 2 2
16 15
2 5 3 3
1 4 1 1 1 1 1
1 1 1 1 1 1 1 1 1
1 1 2 1 1 1 1 1 1 1
1 1 2 1 1 1 1 1 1
1 1 1 1 1 1 1 1
1 1 1 1 1 1 1 1
20 12
2 3 1
35
---
2
3
8 1
2 5 1 1
1 2 9 1 1
8 8 5 1 1
3 1 6 5 1 1
2 1 1 6 5 1 1
2 1 1 6 5 6 1
2 1 3 2 1 2 1 1 1 1
1 1 1 1 1 1 1 1 1 2 1 1
1 1 1 1 1 1 1 1 1 2 1 1
2 1 3 2 1 2 1 1 1 1
2 1 1 6 5 6 1
2 1 1 6 5 1 1
3 1 6 5 1 1
8 8 5 1 1
1 2 9 1 1
2 5 1 1
2 8 1
1 2 3
2 3 2
2 13
1 2 1 1 1
1 2 1 1 1
3 1 7 1
2 2 1 1
1 2 2 1 1
2 2 1 1
2 1 7 1
2 1 1 1
2 1 1 1
11 1
3 3
2 1