# solver=cpp-a0f9b8019
# cpu=AMD EPYC Processor (with IBPB)
# isolated_core=11
# strategy=basic
# n_solutions=1
# solve_time=0.00040
4 4 4 4 4 4
26 29 28
4 3 3 2
4 4 4 5 4 3 3 5 2 2 5 3 3 3 5 2 2 5 3 1
4 5 5 1 1 1 4 3 3 1 1 1 2 2 1 1 1 3 3 3 1 1 1 2 2 1 1 1 3 1
4 1 1 1 3 1 1 1 1 1 1 3 1 1 1 1 1 1 1
1 1 1 1 3 1 1 1 1 1 1 3 1 1 1 1 1 1 1
2 1 1 1 3 1 1 1 1 1 1 3 1 1 1 1 1 1 2
29 29 28
3 3 3 3 3 3 3 3 3 3 3 3
---
4
3 2
4 2
4 2
3 2
2 1
1 1 1
2 2 2
2 2 2
2 2 2
2 2 1
1 1
1 2 1
1 2 1
1 2 1
1 2 1
1 1 1
1 1
1 6
1 1 1
1 7
1 1 2
2 7
2 1
2 2 1
2 2 2
1 2 2
1 2 2
1 1
8
6
8
1 1
1 2 2
1 2 2
2 2 2
2 1
2 6
2 1 2
1 7
1 1 2
1 6
1 1
1 2 1
1 2 1
1 1
1 2 1
1 2 1
1 1
1 6
1 1 2
1 7
2 1 2
2 6
2 1
2 2 2
1 2 2
1 2 2
1 1
8
6
8
1 1
1 2 2
1 2 2
2 2 2
2 1
2 6
2 1 2
1 7
1 1 2
1 6
1 1
1 2 1
1 2 1
1 1
1 2 1
1 2 1
1 1
1 6
1 1 1
1 7
2 1 2
2 7
2 1
2 2 2
1 2 2
1 2 2
2 2
6