# solver=cpp-6dc88e3e
# cpu=AMD EPYC Processor (with IBPB)
# isolated_core=11
# strategy=basic
# n_solutions=1
# solve_time=0.00030
4 1 7 1
6 2 7 2
8 2 7 2
8 2 5 2
7 2 5 2
4 2 2 9
4 1 2 5
4 1 2 5
7 2 5
2 2 5
4 3 9 5
9 6 5
9 6 5
6 6 5
6 6 5
19 7
16 7
13 7
6 7
4 1 7
3 2 7
3 1 7 1
3 1 7 1
3 1 7 2
3 2 5 3
3 1 3 4
3 1 12 1 5
3 1 1 2 2 1 3 6
3 1 1 2 2 2 1 3 6
3 1 1 1 1 2 2 7 5
1 1 2 1 2 2 11
1 1 1 1 1 2 2 9
1 1 12 9
1 2 3 2 3 9
1 1 2 2 1 3 10
1 1 3 2 3 10
1 1 3 2 1 3 9
6 3 2 3 2 2
6 12 1
6 3
---
7 18
8 26
8 20 3
20 3
5 11 3
5 1 11 10 3
6 2 2 3 5 7
2 2 2 3 2
3 3
2 3
3 3 13
2 3 1 1 7
2 1 3 1 1 2 4
2 7 7 1
2 7 2 7
1 7 1 1 8
6 2 1 1
6 7 1 1 1
6 1 5 1
1 1 7
1 1 11
2 13
2
2 1
2 2
2 1 2
3 1 9 4
25 5
26 5
27 6
26 6 1
25 7 1
3 1 9 12
2 11
2 11
2 13
2 7 5
2 8 4
3 4
3