# solver=cpp-400bd85f2
# cpu=AMD EPYC Processor (with IBPB)
# isolated_core=11
# strategy=basic
# n_solutions=1
# solve_time=0.00030
1 1 2 1
2 5 2
2 8 2
1 3 1 2 1
1 2 3 3
2 3 2 2 1
2 2 5 3
2 2 2 5 2
5 2 2 3
2 1 2 1 1 1 2 1
1 2 3 3 1 2 1
2 1 1 1 1 2 2
2 5 3 1 1 2
2 2 3 1 1 1 2
5 3 4 2 1 1 1
6 2 2 2 1 1 1
1 1 3 5 2 2 3
7 2 4 2 3
9 1 2 2
7 5 2 1
5 1 2 2
6 2
1 2
7 1
10
---
6
3 4
9
2 2 4
4 8
4 3 2 6
2 4 3 1 4
1 1 3 1 1 1
1 1 1 2 1 2 2
7 1 2 3
7 2 1 1
3 2 2 1
3 1 1 4
3 2 2 1 6
5 1 3 1 3
3 3 5 2 1 4
1 2 3 2 1 1 2
2 3 2 2 1 2
1 2 8 2 1 2
2 2 2 2 2
1 2 7 2 2
2 3 2 3
4 7 2 1
2 3 2 2 1
4 4 2 2