# solver=cpp-a0f9b8019
# cpu=AMD EPYC Processor (with IBPB)
# isolated_core=11
# strategy=basic
# n_solutions=1
# solve_time=0.00070
4
3
39
5 1
5 6
7 11
8 24
35
22
10 1 1 1 8
11 1 1 1 5 2
10 2 2 2 1 2
10 4 2 1 1
9 1 1 1 1 14
9 1 2 1 1 14
9 2 1 2 1 2 14
9 1 1 2 1 1 2 1 1
9 1 1 1 1 1 2 2 3 1 3 1
1 1 1 3 1 2 3 1 3 1
2 3 2 2 2 3 1 3 1
1 2 1 1 2 1 1
2 1 1 16
1 2 2 3 1 1
2 1 1 4 3 1 3 1
2 3 2 1 1 2 3 1 3 1
4 4 3 1 4 3 2 3 1 3 1
1 2 5 2 8 4 2 1 1
1 6 13 2 14
1 3 14 1 11
1 2 5 8 1 11
1 6 2 8 14
1 7 7 2 1 1
1 5 4 2 3 1 3 1
3 2 4 2 3 1 3 1
5 1 4 2 3 1 3 1
8 1 4 2 3 1 3 1
5 3 2 5 2 1 1
5 4 3 7 14
5 4 4 10 14
3 10 13 14
---
8 14
12 1 7
13 1 7
1 14 2 6
1 15 2 5
1 15 3 1
2 15 5 1
17 3 1 2
3 13 3 1 2
1 6 4 1 3
1 4 3 1 3
1 2 1 2 3
1 5 1 2
1 2 2 1 1
1 2 1 1 1 1
1 3 1 1 1
1 2 2 1 1
1 5 2 2
1 2 3 3 1 2
1 2 5 7 1 3
1 2 4 6 1 2
1 2 2 3 2 2
1 3 2 5 4 1
1 2 1 5 6 2
1 2 3 2 4 3
1 2 2 8 3 4
1 2 2 3 18
1 2 1 3 16
1 2 1 2 15
1 2 1 2 18
1 2 1 10 5 3
1 2 2 6 2
1 2 2 2 4 2
1 2 5 3 6 1
1 2 3 3 5 1
1 3 3
1 2 27
1 2 15 10
1 2 3 1 1 1 3
1 2 3 3 1 3 4 4 3
1 3 3 3 1 3 4 4 3
1 3 3 3 1 3 4 4 3
1 3 3 1 4 3
1 3 27
1 3 3 1 4 3
5 3 3 1 3 4 4 3
3 3 1 3 4 4 3
3 3 1 3 4 4 3
3 1 4 3
27