# solver=cpp-86fd3e96b
# cpu=AMD EPYC Processor (with IBPB)
# isolated_core=11
# strategy=basic
# n_solutions=1
# solve_time=0.00030
24
27
29
5 1 2
4 1 2
4 1 1
4 1 2
3 1 1
4 1 2
4 1 1
4 1 2
4 1 3
35 2
1 1 1 1
1 1 1 1 1 1 1 1 1 2
1 2 2 1 2 2 1 1 1 1 4
1 1 1 1 1 1 1 1 1 1 1 1
1 2 2 2 2 1 1 1 1 1 1 1
1 1 1 1 1 1 1 1 1 1 1
1 8 1 8 1 1
2 2 2 1 2 2 1 1
1 1 12 1 1 1
2 6 1 6 4
1 2 2 1 2 2 2
1 2 2 2 1 2 2 2 2
6 2 16 2 5
3 3 3 3
6 6
4 4
40
---
13 1
8 3 1
10 1 1 4 1
11 2 2 1 1
6 1 1 1 1
5 1 2 2 2 1 1
4 1 1 1 2 4 1
3 1 1 6 1
3 1 1 1 4
3 1 1 1 1 1 2 3
3 1 1 1 1 2 3
3 1 1 1 1 1 4
3 1 1 6 1
3 1 1 1 2 4 1
3 1 2 2 2 1 1
3 1 1 1 1 1
3 1 2 2 1 1 1
3 1 1 1 1 1 1
3 1 1 1 1
3 1 1 1 1 1 1
3 1 1 1 1 1
3 1 1 1 1 1 1
3 1 1 1 1
26 1
3 1 1 1 1
3 1 2 1 1
3 1 2 4 1
3 1 1 6 1
3 1 1 1 1 1 4
2 1 1 1 1 2 3
2 1 1 1 1 1 2 3
2 1 1 1 4
2 1 1 6 1
3 9 4 1
3 2 2 1 1
4 1 1
3 8 2 1
4 3 1
2 2 1
8 1