# solver=cpp-a0f9b8019
# cpu=AMD EPYC Processor (with IBPB)
# isolated_core=11
# strategy=basic
# n_solutions=1
# solve_time=0.00030
10
2 2
1 1
1 1
2 2 4
5 14 2
2 1 2 1 2 2 1 1 1
1 1 1 1 1 2 2 5 1
2 1 3 1 2 2 2 1 1
1 1 1 3 1 2 2 1 1 1
2 1 2 2 1 2 2 1 2 1
5 2 1 2 2 1 2 1
2 3 2 2 3 2
2 2 2 2 2 2
2 1 2 2 1 2
2 1 2 2 1 2
2 1 2 2 3
3 2 2 1
3 2 2 2
10
---
5
2 1 2
1 1 1 1
2 1 2
1 1 1 1
2 1 3
5 2
2 2
2 2
2 2
2 2
2 2
18
2 2 2
1 1 1
1 15
1 15
1 1 1
1 1 1
1 15
1 15
1 1 1
2 2 2
18
1 2 2 1
2 1 2 2
1 2 2 2
1 4 2
2 2
8