# solver=cpp-1562f45ac
# cpu=AMD EPYC Processor (with IBPB)
# isolated_core=11
# strategy=basic
# n_solutions=1
# solve_time=0.00030
11
4 2 6
8 1 5
5 3 4 2
10 4 1
4 9 1 2
3 11 3
2 1 2 10
5 2 3 2 2
8 8
5 1 3 2
2 3 2 1
1 2 2 1
1 2 3 2
2 4 8
10 8 1
2 2 2 2 5
4 2 2 1 2
4 2 3 2 4
1 1 3 1 1 3 3
3 1 1 3
3 7 3
7 1 7
5 1 5
2 1 2
2 3 2
2 3 2
2 2 2 2
2 2 2 2
5 5
---
12
7 7
4 3 1 2 2
9 8
4 4 3 2 2
4 1 5 2 4
4 7 2 2 2 1
3 2 2 2 2 4 1
9 1 1 3 1
1 6 2 3 2
7 2 1 2
2 3 5 3
1 2 1 6
1 2 5 3
2 3 2 1 2
8 2 3 2
2 2 3 1 1 3 1
10 2 2 4 1
3 10 2 2 2 1
2 1 7 2 4
1 4 4 2 2
2 4 9
5 1 3 4
6 2 5
12