# solver=cpp-86fd3e96b
# cpu=AMD EPYC Processor (with IBPB)
# isolated_core=11
# strategy=basic
# n_solutions=1
# solve_time=0.00030
6
2 2
1 1
1 1
2 2
1 1
6 3 3
6 2 4 2
6 2 1 3
6 2 1 2
8 1 2 1
8 1 1 1 2
8 2 2 3 4
10 2 2 1 2
12 1 3 1
12 1 1 1 2 2 1
2 2 1 1 2 1 2 1 1
1 1 3 1 3 2 2 1 1
1 1 1 1 1 3 3 3 1 1
1 1 1 1 1 1 3 3 3 1 1
1 3 3 1 4 7 1 1
1 1 4 4 2 2 1
1 3 3 1 9 4 1
1 1 1 1 1 13 2
1 1 3 1 12 2
1 1 1 1 1 15
2 2 12
12 12
10 14
8 16
---
14
4 3
6 2 1 3
2 12 1 4 3
5 10 4 1 3
1 10 3
1 10 4 4 3
5 10 1 1 1 1 3
2 12 4 4 3
6 3
4 3
4 14 1
2 2 2
2 17
2 1 13
1 2 1 15
2 2 10
1 2 1 8
2 1 12
2 1 13
1 14
2 2 10
2 1 3 7
1 1 15
2 1 16
6 2 1 2
1 2 2 1 1
1 7 2
2 2
11