# solver=cpp-6dc88e3e
# cpu=AMD EPYC Processor (with IBPB)
# isolated_core=11
# strategy=basic
# n_solutions=1
# solve_time=0.00030
2 1 6
2 2 8
2 3 14
2 2 6
2 3 1 1
6 1 1
5 2 2 2 2
5 1 1
5 2 2
5 1 4 1
5 2 2
5 2 2
5 6
3 4
1 1 10
1 4 2 2
1 1 2 14
1 1 1 3 3
1 1 1 18
1 1 1 24
1 11 24
1 1 3 2 2
1 1 1 2 4 4 5 2
1 13 2 1 1 1 1 1 1 2
1 1 2 4 4 1 1 2
1 1 2 1 1 1 1 1 1 2
15 2 4 4 5 2
3 3 2 2
3 3 24
15 24
---
14 1
1 1 1
11 4
1 1 1 4
5 1 1 1 4
6 2 1 1 1 1
8 5 1 1 1
2 9 1 1 1 1
3 9 1 1 1 1
1 9 1 1 1 1
8 1 1 4
1 1 4
2 1 4
1 1 1 1
6 1
0
11
11
2 2
2 5 2
4 1 1 1 2
4 1 1 1 2
5 5 2
3 2 3 2
5 3 3 3 1 1 2
3 2 1 1 3 2
3 1 2 1 1 3 1 1 1 2
3 1 1 3 1 3 1 1 1 2
3 1 3 1 3 1 1 1 2
3 1 3 1 3 5 2
3 1 1 3 1 3 2
3 1 2 1 1 3 2
3 2 1 1 3 5 2
5 3 3 3 1 1 2
2 3 2 3 1 1 2
2 5 1 1 2
2 4 5 2
2 4 2
11
11