# solver=cpp-86fd3e96b
# cpu=AMD EPYC Processor (with IBPB)
# isolated_core=11
# strategy=basic
# n_solutions=1
# solve_time=0.00040
1
3
5 5 5
9 5 5
9 5 5
2 2 26
1 1 26
13 26
3 9 26
2 8 5 5
3 9 5 5
2 8 5 5
3 9
2 8
3 9 4
13 1 1
1 1 2 2 1 1
2 2 3 7 3 4
9 1 9 1 2
9 3 1 4 2
5 1 1 1 2
3 7 2 3 2 2
1 21 2
9 2 5 2 2
10 3 1 3 2
11 2 1 2 2
15 1 3 2
13 5 2 1 2
10 2 3 1 1 2
9 4 2 2 2
9 4 2 3 3
9 4 2 4 2
10 3 2 2 3
2 9 3 2 2 4
3 10 2 2 2 8
2 1 14 2 1 6
1 1 11 2 3 2
5 7 2 1 2 1
7 1 1 3
6 4 3
---
9 2
13 1 1
3 2 1 1 2 3 4
2 1 1 2 1 1
3 2 1 1 2 3 5
4 9 4 2 1
5 9 5 3 3
4 9 4 10
3 9 3 14
2 9 2 17
3 9 3 18
13 19
9 19
19
16 2
9 3 2
8 1
2 7 4 2
4 1 3 9
10 1 5 2 7 3
10 2 11 1
10 2 1 3 2 4
10 2 3 2 3 1
10 2 3 2 4
4 12 2
4 2 3 2 2
4 2 3 2 4
4 3 1 3 4 1
4 2 7 6
4 1 5 6
4 4
4 2 1
4 2
4 4
4 8
4 3
4 2
4 2
4 2
4 3
10 4
10 4 5
10 1 17
10 1 14
10 4