# solver=cpp-400bd85f2
# cpu=AMD EPYC Processor (with IBPB)
# isolated_core=11
# strategy=basic
# n_solutions=1
# solve_time=0.00050
1 12
2 3 7
1 2 2 1 1 2
3 3 14 1 9
3 3 25
5 4 3 1 1
9 6 25 2
9 4 2 32
10 1 1 3 14 8
7 2 1 4 4
1 2 1 1 2 2
2 2 3 1
11 2
10 4
1 5 3
1 4 2 1
1 3 2 3 1
1 1 2 3 10 1
2 1 1 5 3 1
1 1 5 1 1
3 7 3
2 7 5
2 9 7
2 9 7
2 11 9
1 11 1 1
15 1 1
17 11
17 1 1
17 1 1 1
15 1 3 1
11 1 7 1
11 11 1 1 11
9 11 1 1 1 1 1 1 11
9 11 1 1 1 1 1 1 11
7 11 1 1 1 1 1 1 11
7 11 1 1 1 1 1 1 11
5 1 1 1 1 1 1 1 1
5 35
3 35
---
2 1 4
3 2 7
5 9 2
5 3 2 3
5 4 2 5
5 6 5
13 9
6 6 13
7 3 17
9 3 21
10 2 23
1 3 23
2 1 23
1 5 21
2 1 3 17
2 1 2 13
2 2 9
2 1 1 2 5
3 1 1 5
3 1 3
1 7
1 1 4 2
2 2 1 4 2
5 3 4 2
2 2 5 5 2
2 3 3 5 2
2 3 1 5 2
2 4 5 2
2 2 2 5 2
2 2 2 5 2
2 4 5 2
3 3 1 2
4 3 13
2 2 3 4 1 2
5 3 3 1 9
1 1 3 4 1 1 2
1 1 3 5 1 10
1 1 3 9 1 3 2
1 1 3 5 1 10
5 3 4 1 1 2
2 1 3 3 1 9
2 1 3 4 1 2
2 1 3 13
2 1 4 1 2
2 1 2 2 5 2
2 1 2 2 5 2
3 4 5 2
1 2 5 2
1 2 5 2
1 2 5 2
1 2 5 2
1 2 4 2
1 2 4 2
1 3 4 2
1 2 7