# solver=cpp-6b570c1b3
# cpu=AMD EPYC Processor (with IBPB)
# isolated_core=11
# strategy=basic
# n_solutions=1
# solve_time=0.00040
12 5
14 2 2
3 8 2 1 2
2 7 1 1 1 1 1 5
2 1 7 1 5 1 3 3
2 7 1 1 1 1 1 2 3 2
2 1 7 2 1 2 1 5 1
2 7 2 2 2 2 4 2
3 8 5 1 6 1
14 1 5 1
5 5 1 3 1
4 4 2 5 2
3 2 3 6 1 6 1
3 4 3 2 2 2 2
3 4 3 2 2 3 3
3 2 3 2 2 2 7
4 4 1 4 1 3
5 5 1 8 1 2 1
14 1 8 1 3 1
14 1 8 1 2 3
14 2 2 2 5
14 2 2 3 7
12 2 2 3 9
6 1 8 2
8 20 2
11 18 2
5 5 2 3 2
7 5 2 2 2
7 5 15 2
7 5 15 2
7 5 2 2 2
5 3 2 2 3
1 1 15 4
1 3 15 6
2 1 2 2 8
3 2 2 9
1 1 20
2 2 18
1 1 16
1 1 14
---
21
23 4
3 15 6
2 3 7 7
2 1 1 2 6 15
2 1 2 5 8 2 1
3 2 4 5 8 1
10 4 5 2 4
10 2 5 2
11 6 2
12 7 7 1
23 8 1 1 1
23 16
21 7
5
6
2 2 16
2 3 2 16
5 2 3 4 2 2 4
2 2 1 4 3 2 2 4
2 3 2 1 5 3 2 2 4
1 1 1 1 5 3 2 2 4
1 5 1 1 4 3 2 2 4
1 1 1 2 3 4 2 2 4
2 3 2 2 3 2 2 2 2 4
2 2 2 2 2 2 2 4
5 6 4 2 2 4
5 1 2 2 2 4
3 3 2 2 2 2 4
2 2 1 17
1 1 1 2 16
2 4 1 2 2 5 4
1 2 2 2 1 2 4 4
1 8 1 1 5 4
1 8 1 2 4 4
2 7 4 5 4
1 2 2 3 4 4
2 10 5
3 3 16
5 16