# solver=cpp-d85c7576
# cpu=AMD EPYC Processor (with IBPB)
# isolated_core=11
# strategy=contra
# n_solutions=1
# solve_time=0.00030
13
4 4
2 2
1 9 1
3 3 1 1 3 1
2 1 1 1 1 1 1 1 1
2 2 2 1 3 1 2 2
1 4 2 2 4
3 2 2
1 3 5 3
3 2 2 1 2 2
1 2 2 3 2 2
3 1 1 2 2 1 1
1 1 3 3 1
3 1 1 2 2 1 1
1 1 2 3 2 1
2 3 2 1 2 1
1 1 1 5 1
3 2 2
17
---
3 3 3
2 1 1 1 1 3
2 3 3 1
1 3
5 1
2 2 8
1 1 2 2
1 1 2 1
2 2 1 1
1 3 2 1
1 2 2 5 1
1 5 2 1 2 1
1 1 2 3 2 1
1 4 1 2 2 1 1
1 1 1 3 3 1
1 4 1 2 2 1 1
1 1 2 3 2 1
1 5 2 1 2 1
1 2 2 5 1
1 3 2 1
2 2 1 1
1 1 2 1
1 1 2 2
2 2 8
5