# solver=cpp-d85c7576
# cpu=AMD EPYC Processor (with IBPB)
# isolated_core=11
# strategy=basic
# n_solutions=1
# solve_time=0.00030
2 2 2
6
2 2
3 3
1 1
18
2 2 2
2 2 2 2 2
2 2 2
16
2 2
2 3 3 2
2 2
16
2 2
2 2
2 3 3 2
2 2
16
2 2
2 2
2 3 3 2
2 2
2 2
20
18
2 2 2
2 2 2
18
2 1 1 2
2 2 1 1 2 2
2 6 2
18
2 2
1 1
1 1
1 1
1 1
3 3
3 3
---
1
1 9
28 2
21 1 2 2
3 1 1 1 2 1 1 8
1 1 1 1 1 2 1 1 1
1 2 1 1 1 1 1 1 1 1 2 1 1
3 1 1 1 1 1 1 1 1 2 5
1 1 1 1 1 1 1 1 2 1 2
2 5 1 1 5 2
2 5 1 1 5 2
1 1 1 1 1 1 1 1 2 1 2
3 1 1 1 1 1 1 1 1 2 5
1 2 1 1 1 1 1 1 1 1 2 1 1
1 1 1 1 1 2 1 1 1
3 1 1 1 2 1 1 8
21 1 2 2
28 2
1 9
1