# solver=cpp-86fd3e96b
# cpu=AMD EPYC Processor (with IBPB)
# isolated_core=11
# strategy=contra
# n_solutions=1
# solve_time=0.00040
4 1 7
5 1 3 5 5
5 2 1 3 1 5 1 5
4 3 7 5 1 5
4 4 5 5 2 5
3 5 11 5 5
3 5 9 5 5
1 4 1 3 5 5
6 3 1 7
5 1
2 1 2
3 3
3 3
3 2 2 2 2
1 1 3 5 4
1 1 7 1 1 6
2 1 2 1 10 3 9
1 1 1 27
13 22
11 18
11 12 2
11 2 7
9 5
7 3
5 1
---
1 1
3 4
3 1 1 5
4 1 8
4 2 2 7
4 3 1 7
3 3 12
2 4 7
3 3 3 1 7
2 4 5 8
1 4 2 4 5
4 4 3 4
2 4 1
1 5 1
2 3 2
2 2 2
4 3
7 5
10 6
7 7
4 8
2 2 8
2 6
1 5
5
7 6
7 9
7 9
7 9
9 6
1 1 6
1 1 6
1 3 1 6
1 1 1 7
1 1 7
9 7
7 6
7 3
7 3
7 1