# solver=cpp-1e16a40
# cpu=AMD EPYC Processor (with IBPB)
# strategy=basic
# n_solutions=1
# solve_time=0.00060
# solver=cpp-298d4941
# cpu=AMD EPYC Processor (with IBPB)
# strategy=basic
# n_solutions=1
# solve_time=0.00050
1 1 13
3 3 13
5 5 6 5
5 7 2 2 1 2
1 1 7 5 4
1 1 3 3 1 6 5
1 3 1 3 3 1 1 2 2 3 2
4 1 1 1 1 1 1 1 4 1 2
1 1 1 1 1 1 4 3
4 3 3 4 1 2 1 1 2
18 1 4 6
18 1 1 1 5 5
1 1 1 1 1 1 1 1 1 1 1 1 2 3 1 2
1 1 7 4
2 2 2 6 4
4 6 2 2 2 2
6 3 4 6
6 2 4 7
6 1 2 1 5 2
18 4 2 5
13
13
2 2 1
2 2 3
3 3 5
2 5 2 4 1
23 1
8 1 1 7 1
23 1
8 1 1 7 1 2 3
6 1 1 1 7 1 3 3
5 1 1 1 12 5
3 1 1 1 1 7 3 4
20 2 1 2 1
19 2 3 2
18 2 3 1 3 2
2 2 2 2 6 6
2 2 13
2 2 11
2 2 8
---
1 2 1 15
2 4 1 15
1 3 4 10
2 4 5 7 3
1 3 6 11
7 3 6 7 3
3 3 5 8 4
4 2 4 4 15
3 3 1 1 1 3
7 3 1 1 1 3
1 3 1 10
2 4 1 1 1 3
1 3 1 1 1 3
2 3 1 10
1 3 1 1 1 3
2 4 1 1 1 3
1 3 1 15
17 15
3 4 9
4 2 2 2 9
5 1 9
4 2 2 1 15
3 2 15
12 1
2 1
6 2
2 3
22 1 3
22 6
3 2 2 2 2 2 3 2 4
22 1 4
7 5 2 1 3
3 1 3 4 2 1 3
2 1 5 4 2 3
2 1 1 3 2 1 2 6
3 3 2 7 2 3 4
7 19 3 4
3 2 1 2 2 2 3 2 3 3
22 1 2 3
22 1 2