# solver=cpp-b64f6aebe
# cpu=AMD EPYC Processor (with IBPB)
# isolated_core=11
# strategy=basic
# n_solutions=1
# solve_time=0.00020
1
3
2 2
5 2 1 2 5
1 3 1 3 1
1 2 1 1 1 2 1
1 2 1 1 1 2 1
2 1 1 1 1 1 2
1 2 1 2 1
6 2 2 6
2 2 3 2 2
2 7 2
2 6 5 6 2
2 7 2
2 2 3 2 2
6 2 2 6
1 2 1 2 1
2 2 1 1 1 2 2
1 2 1 1 1 2 1
1 1 1 1 1 1 1
1 3 1 3 1
5 2 1 2 5
2 2
3
1
---
1
3
2 2
5 2 1 2 5
1 3 1 3 1
1 1 1 1 1 2 1
1 2 1 1 1 2 1
2 2 1 1 1 1 2
1 2 1 2 1
6 2 2 6
2 2 3 2 2
2 7 2
2 6 5 6 2
2 7 2
2 2 3 2 2
6 2 2 6
1 2 1 2 1
2 2 1 1 1 1 2
1 2 1 1 1 2 1
1 1 1 1 1 2 1
1 3 1 3 1
5 2 1 2 5
2 2
3
1