# solver=cpp-400bd85f2
# cpu=AMD EPYC Processor (with IBPB)
# isolated_core=11
# strategy=basic
# n_solutions=1
# solve_time=0.00060
3 3
3 5
10
12
4 6
13
9
12
7 8 2
10 4 3
23 1 1
25 2 1
24 3 1 1
24 7 4
8 15 9 7
1 6 14 9 5 3
1 7 14 11 10
1 7 13 22 1
1 5 13 5 14
2 5 12 4 3 3 4
1 11 2 4 1 1 3 1 4
6 4 2 4 5 4
4 3 3 2 8
3 3 2 3 6
2 2 2 3 1 2
2 2 2 2 2 1
3 2 2 3 2 3
4 2 2 4 3 2
3 2 2 3 3
1 3 4 3
1 1 4 10
2 3 6 6 3
2 5 8 4 7
3 4 2 12 1 4
4 10 4 6 1 2
16 5 5 1
13 6 8
4 8 7 7
5 6 6 8
3 6 17
10 2 4 8
2 2 2 3 2 2
2 2 2 3 2 3
3 3 2 3 3 2
3 2 3 2
---
5 2 4
11 4
6 8 3
10 10 6 4
16 3 11
15 2 6 2
14 6 1
14 2 1 1
6 4 1 3 2
6 2 2 4 7
6 10 7
14 2 10
13 1 12
10 1 8 2
11 8
13 8
1 10 7 2 2
2 11 7 4
4 13 1 2
3 15
23
18 7
9 9 6
10 7 3
4 5 1 3 2
3 6
7 3 3
6 7 6 5
5 7 8 7
3 2 8 3 10
2 2 8 2 12
2 6 14
1 7 14
9 2 6 2
10 3 2 1
10 3 2
3 3 8
3 4 1 9
4 5 10
4 3 2 11 2
3 4 1 3 9
8 6 8
8 4 5
1 7 8 4
9 1 3 4
1 6 4 2
4 2 5
5 4
3 2
1 1