# solver=cpp-1e16a40
# cpu=AMD EPYC Processor (with IBPB)
# isolated_core=11
# strategy=basic
# n_solutions=1
# solve_time=0.00040
10
5 8
7 8
7 7
9 7
9 7
7 6
2 7
13
10
2 5 3
1 3 4
1 1 4
1 3 4
1 5 4
1 14
1 14
1 3 5
1 3 5
1 3 5
1 3 5
1 5 5
1 7 5
1 5 5
1 5
1 5
2 7
1 10
1 2 4
1 2 6 4
1 2 3 1 2 4
1 2 2 7 3
1 2 8 1 3
1 2 1 2 4 3
1 2 8 1 3
1 2 2 4 2 3
1 3 3 1 2 4
1 5 6 5
2 4 5
13
---
16 7
2 1 1 1 1
5 1 2 1 3 2
8 1 3 3 7
8 1 11 9
6 2 13 2 4
7 3 11 2 5 3
7 3 3 3 2 3 3 2
1 5 3 2 1 1 2 3 2 1
2 2 3 2 2 9 1
3 4 2 2 1 2 2 1 1
10 13 4 4 1
28 1 5 1 1
28 6 2 1
29 2 1 2 2
9 19 5 3
7 4 4
4 12
10
8