# solver=cpp-400bd85f2
# cpu=AMD EPYC Processor (with IBPB)
# isolated_core=11
# strategy=basic
# n_solutions=1
# solve_time=0.00040
6 9
3 2 2 7
2 1 3 3 7
1 1 1 1 4 7 3
1 1 1 1 5 7 2 1
10 5 7 3
5 5 7 2
5 5 7 5 1
5 5 7 1 6
5 5 7 1 2
5 5 7 4
5 1 3 8 2 1
5 5 10 2
5 5 7
5 13
5
2 4 6
3 3 3 3
7 2 1 2 3
4 2 1 1 1 3
1 2 4 1 2 2 3
2 5 7 2 3
2 1 8 4 1 3 2
2 2 2 6 7 2 2
3 3 1 3 3 1 1 2 3
7 1 2 3 1 2 3
8 3 1 3 1 1 3
12 2 3 2 5
13 3 3 10
18 4 6
---
4 1 10
2 1 3 9
2 2 1 1 1 1 3 6
15 4 5
1 10 3 7
1 10 2 8
1 10 1 6
6 1 1 1 1 4 4
2 1 6 3
4 4 4
3 5
2 4
16 3 2
8 7 5 1
16 4 2
16 2 3
16 2 3
1 1 3 1
15 4
15 5
15 3 4
15 3 2
15 3 1
15 9
15 1 1
2 1 1
3 1 6
1 2 3 3
5 2 2
5 1 1
6 1 2 5 2
3 1 3 1 5 2
1 1 1 1 1 1 2
1 2 1 2
1 3
2 3
3 3
5 5
10
6