# solver=cpp-a0f9b8019
# cpu=AMD EPYC Processor (with IBPB)
# isolated_core=11
# strategy=contra
# n_solutions=1
# solve_time=0.00080
15
3 1 1
2 2 1 2
2 2 1 3
2 1 12 3 1
2 3 11 6
1 3 1 1 3 3
1 1 1 7
11 1 3 4
1 1 1 1 2 5 9
1 1 1 1 2 5 10
1 1 1 1 2 5 6 5
9 5 6 5
9 5 14
18 14
8 6
9 7
19
24
20 10
18 10
27
10 13
8 13
20 6
17 3 3
7 13 2 2 2
1 2 10 2 2 2
1 1 7 1 1
1 2 3 2 1 2
2 2 1 1 1
1 5 1 2 1 2 1
1 3 1 2 3 2 1
1 2 1 1
2 2 2 2
1 3 2 1 1
1 5 2 2 2
1 4 1 2 2 2
1 3 5 2 3 3
6 8 6
---
1 1 5 6
11 1 5 1
2 1 3 1 1 1
2 7 2 1 1
2 2 1 3 3 1 1
2 3 1 3 5 1 2
3 2 1 3 5 2 1
1 2 7 6 4 2
1 2 1 3 7 3 1
1 11 7 1 1
1 2 1 1 9 1 2
1 2 3 1 10 1 1
1 2 3 1 11 2 1
1 2 1 5 6 1 1
1 2 6 5 6 2 2
1 2 6 5 7 2 1
1 2 6 5 6 2 1
1 2 6 12 1 1
1 11 13 2 1
6 12 1 1
13 2 1
5 6 2 2
5 7 3
13
13 6
13 3 3
14 2 2 2
5 7 2 2 2
5 7 1 1
13 2 2
13 1 1
4 8 1 2 4 2 1
4 8 1 2 1 2 1
13 1 1 1
3 8 2 2
11 1 1
2 7 2 2 2
9 2 2 2
2 5 3 3
6 6