# solver=cpp-1e16a40
# cpu=AMD EPYC Processor (with IBPB)
# strategy=basic
# n_solutions=1
# solve_time=0.00380
# solver=cpp-298d4941
# cpu=AMD EPYC Processor (with IBPB)
# strategy=basic
# n_solutions=1
# solve_time=0.00060
8 5
10 7
3 3 9
2 2 10
2 3 1 11
18 13
2 3 4 4
1 2 5 5
23 6 6
24 5 5
4 4
1 1 1 11
3 2 2 1 9
1 1 2 2 7 1
5 4 3 5 2
7 8 3 12
24 1 9 1
22 15
24 9
7 8 3 15
5 5 2 3 2 2 2
2 1 2 3 7 1
2 1 2 3 5 3
2 2 2
1 1 7
2 15
25
25
2 15
7
---
4 5
2 2 7
1 2 7
4 2 7
5 2 7
3 1 2 7
2 1 2 5
2 1 2 3
2 1 2 3 2
2 2 2 2 5 2
2 2 2 1 5 2
2 2 2 10
3 1 2 7 2
3 1 2 12
4 2 2 7
1 2 1 7 4
1 2 2 5 2 4
1 2 2 3 2 2
2 2 5 1 2
1 2 5 2
4 5 2
3 3 2
2 1 1 2
1 1 1 1 1 2
2 2 1 4
2 2 1 2 4
6 1 1 1 1 4
9 2 1 1 1 4
11 6 4
13 7 4
6 3 12 4
6 1 9 2 6
6 12 6
6 1 12 6
6 3 9 2 6
13 7 6
11 6 6
8 1 1 1 2 6
6 2 1 2 1 4
2 2 1 1 2