# solver=cpp-a0f9b8019
# cpu=AMD EPYC Processor (with IBPB)
# isolated_core=11
# strategy=basic
# n_solutions=1
# solve_time=0.00080
2 2
4 3
2 2 5
2 2 2 2
3 3 3 3 6
5 5 5 5 2 4
26 1 4
1 1 7
1 4 1 1 8
1 6 2 1 7
1 2 1 7 1 7
1 5 2 1 7
1 3 3 1 1 8
1 1 4 5 1 10
1 1 2 4 1 15
1 10 1 17
1 3 1 18
4 3 14 15 1
3 15 2
3 15 1
3 3 10 1
1 1 3 10 2
3 1 3 7 2
1 1 3 4 2
2 13
3 4
3 6 5
7 7 3
9
10 2
11 6
12 11
10 2 4 1 5
9 3 5 6
9 4 4 2 13
4 4 5 6 15
4 4 5 21
5 2 5 20
5 2 6 20
5 8 11 8
6 7 10 7 2
6 7 10 7 3
12 10 6 2
10 18 1
6 5 5 2
3 4 5
2 3 3
2 3 3
3 3 3
5 3 3
---
1 10
13 12
3 1 15
3 3 1 16
3 1 1 1 2 8 8 1
2 6 1 1 10 5 2
1 15 13 8
2 2 10 24
3 4 1 10 11 7 1
4 1 1 1 1 6 7
5 1 1 1 5 10
2 2 3 1 16
2 1 4 1 13
2 1 3 1 9
2 2 3 1 5
5 1 1
4 3 1
3 5 1
2 1 1
1 1 1
2 1 1 2
3 1 1 3 1
3 1 5
14 5
2 2 3 1
1 7 3
2 3 7
1 6 13
1 6 11
4 1 4 10
8 2 14
9 2 12
5 3 2 11
8 1 2 10
13 10
13 10
12 10
11 6 1
2 10 1 5 5
6 10 1 12
3 3 11 1 12
1 18 1 13 1
21 2 16
20 4 9 5
3 13 2 2 7 2
10 4 2 4
11 2 4
7 2 3
2 4
2 1