# solver=cpp-6dc88e3e
# cpu=AMD EPYC Processor (with IBPB)
# isolated_core=11
# strategy=basic
# n_solutions=1
# solve_time=0.00030
2 4 2 6 3
4 4 1 1 2 4 1
9 1 5 2
1 6 3 3 5
5 1 1 1 7 1
10 3 2 3 3
4 6 7 2
9 5 1 1
1 3 2 4 2
3 4 1 3
7 1 4
4 1 2 2
3 2 5 1
3 1 3 3
1 5 8
1 1 1 2 3 4
2 7 7 2
8 8
7 2 4
1 1 2 3 2
5 5
5 5
5 5
1 1
2 2
1 1
2 2
2 2
2 2
9
---
3 9 1 7
8 4 4 3
2 9 6
9 2 5 3
1 4 4 2 9
4 3 2 8 3
11 3 3 2
3 5 4 2
8 2 2
1 2 1 1
1 1
1 2 1
2 1 1 1 1 1
1 1 1 1
1 1 1
1 2 1 1
8 2 2
5 4 4 2
1 9 7 2
3 6 3 4 3
9 7 6
1 2 3 9
8 1 4 2 3
1 2 2 1 2 10
2 3 2 5 7