# solver=cpp-a0f9b8019
# cpu=AMD EPYC Processor (with IBPB)
# isolated_core=11
# strategy=basic
# n_solutions=1
# solve_time=0.00030
1 4 9
1 4 8 1
1 4 4 1 1
1 4 5 1 1
2 9 1 1 1 1
2 7 1 3
11
9 2 2
1 7 6
1 6 1 3 2 1 1
1 5 1 1 1 1
1 5 1 1
15 6
1 5 2 3
1 5 2 3
1 5 1 1
1 5 2 2 1
1 5 3 2 1
1 9 1 6
1 2 1 3
1 2 1 1 5
3 1 2 2 2
2 1 6
2 10
1
---
3 1 2
24
2 1 2
4 1 2
21
20 2
19 1 1
19 1
15 1
5 1 4 1
4 1 3 3
2 1 5 2
3 3 2 3
3 5 4
3 2 1 2
3 3 3 2
2 1 3 2 2
2 1 2 2 1
2 1 2 2 2
2 3 9
6 4 3
1 1 1 1
6 1 1 1
1 1 1 1
1 1 1