# solver=cpp-1e16a40
# cpu=AMD EPYC Processor (with IBPB)
# strategy=basic
# n_solutions=1
# solve_time=0.00040
# solver=cpp-298d4941
# cpu=AMD EPYC Processor (with IBPB)
# strategy=basic
# n_solutions=1
# solve_time=0.00040
3 1 1 1 1 2 1 1
1 1 1 2 1 1 1 1
2 1 1 1 2 2 1
1 1 1 1 2 1 1 1
1 3 1 1 2 1 1
0
3 1 1 3 1 1
1 1 1 1 1 1
2 1 1 2 1
1 1 1 1 1 1
3 1 1 1 1
0
2 1 1 1 1 2 1 1
1 1 1 2 1 1 2 2
2 1 1 1 2 2 1 1 1
1 1 1 1 2 1 1 1
1 3 1 1 2 1 1
0
3 1 1 3 1 1
1 1 1 1 2 2
2 1 1 2 1 1 1
1 1 1 1 1 1
3 1 1 1 1
0
1 1 1
1 1 1 1
1 1 2 2
1 1 1 1
1 1 1
0
1 1 1 1 1 1 1
2 2 2 1 1 1 1
1 1 1 1 2 1 1
1 1 1 1 1 1
1 1 1 1 1 1 1
---
5 2 1 5 2 1 3 5
1 1 1 1 1 1 1 1 1 1 1 1 1
1 1 3 1 3 3 1
5 1
5 4 1 4 5 5
1 1 5 1 1
5 4 4 2 2 5
5 1
5 5 1 5 1 1
1 1 1 2 1 1 1 5
2 1 5 1
5 2 2
2 2 5 5 1
5 1 1 1 1 1 2 2
1 1 1 2 2 1
5 1 3 1
2 2 1 5
1 1
2 2 1
5