# solver=cpp-298d4941
# cpu=AMD EPYC Processor (with IBPB)
# strategy=backtrack
# n_solutions=1
# solve_time=0.01230
24 1 1 1 14 2 1 2 15 1 2 4
23 1 1 1 15 1 1 18 2 1 2
22 1 1 1 2 9 2 18 1 1 1 1
21 1 1 1 3 9 21 2 1 2 1
20 1 1 3 12 2 14 2 2 1 1
21 1 1 3 14 2 17 2 2 3
19 3 2 7 5 15 1 2 4
18 2 3 1 13 22 2 4
18 2 4 43 4 2
17 3 4 48 1 1
18 2 14 3 16 1 2 1
18 1 22 27 1 3
17 2 2 12 2 2 29 3
17 1 2 11 3 2 6 17 3 2
17 1 2 10 1 20 3 1
17 1 1 2 11 17 5
17 1 1 2 2 6 18 1
16 2 2 2 7 19 2 4
16 1 2 2 1 3 2 20 3 1
16 1 2 2 1 1 12 2 4
15 2 1 2 1 2 1 4 8 2 2 1
14 2 1 2 1 1 2 1 1 5 1 3 7 2 2 2
14 1 2 2 2 1 2 2 1 4 3 2 2 2 1 6 3 1 1
14 1 1 2 2 1 2 1 10 9 3 1 1 3 6 3 2
14 2 2 3 1 4 1 4 10 12 6 2 1 2
13 1 2 2 1 5 1 16 2 9 2
13 1 4 1 6 16 12
12 2 3 1 1 5 18 2 2 12
12 1 4 3 5 15 2 13
12 4 2 7 16 12
5 2 2 1 3 8 18 3 1 7 4 1
6 5 1 11 20 12 1 1 1
6 1 3 1 2 11 2 2 18 11 1 1 1
5 3 1 1 1 10 2 1 13 6 8 1 1 1
9 2 1 2 7 1 2 14 6 9 1 1 1
8 1 2 1 1 9 3 16 6 9 1 1
9 1 1 1 3 8 2 17 7 10 1 1
8 1 1 1 2 6 4 16 6 1 7 1 1 1
6 2 1 3 1 7 2 1 1 10 4 1 7 1 1
8 2 4 1 8 1 1 1 8 5 11 1 1
7 1 3 1 9 2 4 4 18 1 1
6 2 2 1 1 9 2 1 2 1 6 17 1 1
6 3 1 2 1 9 2 1 4 2 9 16 1 1
7 1 2 1 2 11 1 1 4 1 29 1 1
6 2 2 12 1 2 1 1 26 2
7 1 1 12 1 1 1 1 1 1 1 1 18 2
6 1 2 12 1 17 2
2 1 3 13 16 2
1 1 1 3 13 14 1 2
1 2 14 7 14 1 2
1 17 2 16 13 1 2
2 18 2 10 1 13 1 2
1 17 1 2 3 14 1 1
14 3 2 1 14 1 1
14 7 19 1 1
14 7 1 2 1 1 1 1 1 18 1 1
1 12 6 10 1 1 18 1 1
1 12 1 5 1 11 1 2 3 12 1 1
1 20 1 1 13 8 11 1 1
2 19 1 2 14 9 10 1 1
2 19 1 1 15 8 12 1
1 1 18 1 1 1 16 8 12 1
1 1 19 1 1 1 12 2 21 1
4 18 3 1 2 13 8 14 1
3 1 19 2 2 2 4 3 4 23 1
---
49 2 2
48 2 3
47 1 1 1 2
47 2
47
30 2 13
31 5 2 1 1
31 6 1 2
30 1 2 1 4
30 2 3 1
30 3 2 2
30 2
27 2 3
25 2 1 2 1
21 2 3
20 3
17 1 2 2
9 2 1 2 1 6 1
7 1 5 2 2 2 5 3
6 5 2 1 1 3 1 9 5
4 1 4 1 2 2 2 3 18
3 1 8 3 3 2 3 15
2 9 1 6 3 16
1 6 4 9 2 18
6 3 5 1 4 20
2 2 4 7 2 2 21
2 21 8 25
2 6 7 4 34
2 9 4 36
2 10 40
2 4 55
4 7 45
6 11 30 7
4 15 9 2 15 1 8
2 14 1 2 2 14 3 7
18 1 1 2 10 11
19 3 10 1 10
19 2 3 3 9 2
16 1 4 4 7 1 2
14 1 2 1 2 2 5 1 2
10 1 1 2 1 1 1 3 1 1 1 1
6 3 2 5 5 3 1 2 1 1 3
6 3 2 4 3 1 2 1 1 3
6 3 1 1 4 2 4 2 1 1 1 3 2
2 2 3 1 1 3 5 6 4 2 5
3 2 3 1 1 1 12 5 2 5
2 2 2 2 14 3 2 9
1 2 3 1 15 1 3 10
2 1 3 17 1 2 10
1 3 2 17 1 2 9
2 1 2 3 17 1 2 9
1 2 2 2 17 2 2 2 9
1 3 2 3 18 1 2 10
1 2 3 3 18 3 2 9
3 3 3 17 3 1 2 9
4 1 3 3 17 4 2 9
4 1 3 3 1 21 2 1 7
4 1 3 3 2 10 10 1 9
10 2 1 3 12 3 7 1 1 3 2
10 2 1 3 7 1 4 5 1 3 2
10 8 4 5 4 2 3 3
19 5 1 5 3 3 4 2
19 2 1 6 3 13
19 1 2 1 1 6 1 2 1 11
20 1 1 2 2 8 3 12
20 2 1 3 13 3 7
20 2 1 2 14 4 7
20 2 1 3 2 18 6
21 2 3 20 4 1
22 4 8 19 3
24 11 26
65
59
6 58
2 62
1 56
1 13 5 31
2 6 1 1 49
1 2 4 1 1 14 1 26
2 6 3 1 2 6 28
2 3 3 3 1 3 1 9 9 1 5
6 3 2 1 5 2 2 4 12
4 3 1 1 1 3 15 1 3
1 3 5 2 8 7
2 4 5 10 3