# solver=cpp-b64f6aebe
# cpu=AMD EPYC Processor (with IBPB)
# isolated_core=11
# strategy=contra
# n_solutions=1
# solve_time=0.00090
20
2 2 2 2 2 4
1 2 2 2 2 2 2
1 2 2 2 2 2 2
2 2 2 2 2 2 3
2 2 19 5
4 4 3 3 2
1 2 2 1 4 1
1 1 2 5 2 1 1 3 3
1 2 2 7 1 2 1 1 4
1 3 11 2 1 7
2 2 1 6 1 3 1 3 1
2 3 3 2 2 2 1 1
2 1 1 1 1 1 2 1 1
1 2 1 2 1 2 6
1 1 1 1 1 1 9 6
1 4 2 4 1 15 1 1
1 2 4 2 1 18 1 1
2 2 2 2 21 6
2 6 2 23 6
2 6 29 3
1 4 29 1
2 32 1
2 34 2
1 20 13
2 18 14
5 17 14
4 1 16 14
1 2 12 13
2 2 11 13
1 9 6 13
1 1 7 2 12
1 2 6 8 11
1 1 11 1 9
1 1 5 2 8
1 1 5 2 7
1 1 6 1 1 6
1 1 6 1 1 5
2 1 5 2 1 5
3 6 6 1 5
2 3 1 2 2 1
5 2 9 2 1
2 1 7 1
2 3 1 2
9 10
---
6 10
2 2 3 2
2 3 2 1 1
2 3 6 1 8
2 2 2 2 3 2
2 5 2 1 1 3
4 1 2 3 1 1 2 1
1 1 2 2 2 1 1 1
3 4 3 6 1 1 1
4 5 3 1 1
5 2 3 2 2 1
6 2 3 1 2 1
5 5 2 4 2
4 4 3 1 10 1
2 1 1 2 3 15
3 2 21
3 4 21
2 2 20
2 4 5 14
2 4 2 11 1
2 2 11 1
4 7 11 1
2 2 12 1
1 1 12 2
6 13 1
6 12 1
1 1 13 1 3
1 1 12 1 1 1
6 12 1 1 1
6 12 2 1 1
1 1 13 4 1 1
1 1 12 2 2 1
6 11 5 4 1
6 10 7 4
1 1 9 10 3 1
1 1 9 16 1 1
6 21 1 1
6 22 1 1
1 1 24 1 1
1 2 24 2 1
7 26 1
5 2 24 1
1 2 16 4 2
2 6 13 5
7 11 9
4 2 2 2 6
2 3 2 2 4
2 3 2 3 2
5 2 3 2
16