# solver=cpp-1562f45ac
# cpu=AMD EPYC Processor (with IBPB)
# isolated_core=11
# strategy=basic
# n_solutions=1
# solve_time=0.00030
0
0
5
4 2
8 1
10 18
1 9 1
3 22 1
13 1 1
13 2 1 1
17 1 1
17 1 1
18 1 1
16 1 1
17 1 1 1
11 6 3 1 1
9 10 1 1
5 18 1
2 8 1
29
15
13
12
13
5 5 2
1 9 2
16 7
11 6 8
10 17
10 10
---
13 6 5
3 10 7 4
3 11 6 4
5 10 6 4
5 10 6 4
1 14 6 4
1 14 5 5
1 13 6 5
1 12 6 5
1 11 13
1 10 11
10 11
1 15 5
1 1 11 5
1 1 12 4
1 1 9 1 4
1 1 3 4 1 3
1 1 1 3 1 3
1 1 2 1 2
1 1 2 1 2
1 1 3 1 2
1 1 2 1 1 2
1 1 1 1 1 3
1 1 1 1 4
1 1 1 1 4
1 1 1 1 4
1 11 1 5
1 1 1 3
15 3
3