# solver=cpp-6dc88e3e
# cpu=AMD EPYC Processor (with IBPB)
# isolated_core=11
# strategy=contra
# n_solutions=1
# solve_time=0.00450
56
1 2 2 2 2 1
3 2 2 2 2 3
1 2 2 2 2 1
1 2 3 2 2 3 2 1
1 2 5 2 2 5 2 1
1 2 7 4 7 2 1
1 2 7 7 2 1
1 2 7 2 7 2 1
1 6 5 2 5 6 1
1 6 3 3 6 1
1 2 2 2 2 2 1
1 2 2 2 2 2 1
3 3
2 2 2 2 2 2 2
1 3 1 2 2 2 1 3 1
1 5 2 2 5 1
1 7 7 1
1 7 9 9 7 1
1 7 8 6 8 7 1
1 5 7 2 2 7 5 1
1 3 6 2 2 6 3 1
1 5 2 4 2 5 1
2 4 2 6 2 4 2
3 3 2 8 2 3 3
1 2 2 2 10 2 2 2 1
1 2 1 2 12 2 1 2 1
1 2 2 14 2 2 1
1 2 1 16 1 2 1
1 1 2 2 2 1 16 1 2 2 2 1 1
1 1 2 2 2 1 16 1 2 2 2 1 1
1 2 1 16 1 2 1
1 2 2 14 2 2 1
1 2 1 2 12 2 1 2 1
1 2 2 2 10 2 2 2 1
3 3 2 8 2 3 3
2 4 2 6 2 4 2
1 5 2 4 2 5 1
1 3 6 2 2 6 3 1
1 5 7 2 2 7 5 1
1 7 8 6 8 7 1
1 7 9 9 7 1
1 7 7 1
1 5 2 2 5 1
1 3 1 2 2 2 1 3 1
2 2 2 2 2 2 2
3 3
1 2 2 2 2 2 1
1 2 2 2 2 2 1
1 6 3 3 6 1
1 6 5 2 5 6 1
1 2 7 2 7 2 1
1 2 7 7 2 1
1 2 7 4 7 2 1
1 2 5 2 2 5 2 1
1 2 3 2 2 3 2 1
1 2 2 2 2 1
3 2 2 2 2 3
1 2 2 2 2 1
56
---
56
1 2 2 2 2 1
3 2 2 2 2 3
1 2 2 2 2 1
1 2 2 2 3 2 1
1 2 3 2 2 5 2 1
1 2 5 4 7 2 1
1 2 7 7 2 1
1 2 7 2 7 2 1
1 6 7 2 5 6 1
1 6 5 3 6 1
1 2 2 1 3 2 1 2 2 1
1 2 2 2 2 2 2 2 1
3 3
2 3 2 3 2
1 3 3 2 3 3 1
1 5 5 1
1 7 9 9 7 1
1 7 8 8 7 1
1 7 7 6 7 7 1
1 5 6 2 2 6 5 1
1 3 5 2 2 5 3 1
1 4 2 4 2 4 1
2 3 2 6 2 3 2
3 2 2 8 2 2 3
1 2 1 2 10 2 1 2 1
1 2 2 12 2 2 1
1 2 2 14 2 2 1
1 2 1 16 1 2 1
1 1 2 2 2 1 16 1 2 2 2 1 1
1 1 2 2 2 1 16 1 2 2 2 1 1
1 2 1 16 1 2 1
1 2 2 14 2 2 1
1 2 2 12 2 2 1
1 2 1 2 10 2 1 2 1
3 2 2 8 2 2 3
2 3 2 6 2 3 2
1 3 4 2 4 2 4 1
1 5 5 2 2 5 3 1
1 7 6 2 2 6 5 1
1 7 7 6 7 7 1
1 7 8 8 7 1
1 5 9 9 7 1
1 3 5 1
1 3 2 3 3 1
2 3 2 3 2
3 3
1 2 2 2 3 2 2 2 2 1
1 2 2 1 5 2 1 2 2 1
1 6 7 3 6 1
1 6 7 2 5 6 1
1 2 7 2 7 2 1
1 2 5 7 2 1
1 2 3 4 7 2 1
1 2 2 2 5 2 1
1 2 2 2 3 2 1
1 2 2 2 2 1
3 2 2 2 2 3
1 2 2 2 2 1
56