# solver=cpp-298d4941
# cpu=AMD EPYC Processor (with IBPB)
# strategy=contra
# n_solutions=1
# solve_time=0.00050
6 4 6
2 2 2 2
1 5 1 2 1 5 1
1 2 5 2 5 2 1
1 1 2 4 2 1 1
1 1 2 1 4 1 2 1 1
1 2 1 4 1 2 1
2 2 2 2 2 2 2
1 1 1 2 1 1 1
2 1 2 2 1 2
5 1 1 5
3 3 4 3 3
2 3 4 4 3 2
1 7 1 2 1 7 1
1 7 1 2 1 7 1
2 3 4 4 3 2
3 3 4 3 3
5 1 1 5
2 1 2 2 1 2
1 1 1 2 1 1 1
2 2 2 2 2 2 2
1 2 1 4 1 2 1
1 1 2 1 4 1 2 1 1
1 1 2 4 2 1 1
1 2 5 2 5 2 1
1 5 1 2 1 5 1
2 2 2 2
6 4 6
---
6 4 6
2 2 2 2
1 5 1 2 1 5 1
1 2 5 2 5 2 1
1 1 2 4 2 1 1
1 1 2 1 4 1 2 1 1
1 2 1 4 1 2 1
2 1 2 2 2 1 2
1 2 1 2 1 2 1
2 1 2 2 1 2
5 1 1 5
3 3 4 3 3
2 3 4 4 3 2
1 7 1 2 1 7 1
1 7 1 2 1 7 1
2 3 4 4 3 2
3 3 4 3 3
5 1 1 5
2 1 2 2 1 2
1 2 1 2 1 2 1
2 1 2 2 2 1 2
1 2 1 4 1 2 1
1 1 2 1 4 1 2 1 1
1 1 2 4 2 1 1
1 2 5 2 5 2 1
1 5 1 2 1 5 1
2 2 2 2
6 4 6