# solver=cpp-298d4941
# cpu=AMD EPYC Processor (with IBPB)
# strategy=contra
# n_solutions=1
# solve_time=0.00060
35
1 2 1
1 2 3 1
1 3 5
1 4 2 2
1 3 8 3
1 8 5 3 1
1 7 9 1
1 8 9 1
1 8 9 1
1 9 9 1
1 10 11
1 7 3 8 1
1 1 6 3 8 1
1 5 1 10
1 5 13
1 3 3 5 1
1 4 3 1 3 6
1 2 1 3 1 3 1 6
1 2 1 3 3 1 6
1 1 1 3 2 3
1 1 2 3
1 2 2 2
1 1 2 1
1 1 2 2 2 1
1 2 3 2 1
1 2 3 1
1 2 3 1
1 9 1
1 1 1 1
1 7 1
1 7 1
1 2 14 1
1 3 2 5 2 1
1 2 5 6 1
1 5 9 10
1 3 2 1 5 1 1 5 2
1 2 3 1 7 6 2
1 4 1 5 1 1 4 1
1 1 1 1 6 6 1
1 2 2 1 4 1 1 4 1
35
---
42
1 1
1 2 1
1 7
1 2 1 2
1 1 2 1
1 10
1 6 2
1 1 1
1 2 1
1 3 5
1 3 1 3 2 1
1 2 2 6 2 1
1 1 8 6 1
1 2 15 9
1 10 4 1 8
1 10 2 2 1 8
1 9 4 2 1 7
1 8 4 1 2 1 1 1 1 1
1 7 1 1 1 5 7
1 9 2 1 1 4 1
1 9 1 1 4 1
1 1 4 1 1 4 1
1 4 1 2 1 1 4 1
1 8 1 4 1 1 4 1
1 12 4 6 7
1 11 1 1 3 1 1 1 1 1
1 10 2 3 1 8
1 10 4 1 8
1 18 9
1 2 17 9
4 14 3 1
4 2 13 2 1
1 3 1 2 6 3 1
42