# solver=cpp-6dc88e3e
# cpu=AMD EPYC Processor (with IBPB)
# isolated_core=11
# strategy=basic
# n_solutions=1
# solve_time=0.00050
0
3 3
5 3 2
2 2 1 4
1 1 1 2 2
2 2 1
4 4
1 11 1
1 1
1 2 1
1 4 3 1 3
6 5 7
6 5 4 4
6 5 4 4
6 5 3 5
6 5 9
6 5 3 4
6 5 3 3
6 5 3 3
6 5 3 3
6 5 3 3
6 6 3 3
6 6 3 4
6 6 3 4
6 6 3 4
6 6 3 4
6 6 3 4
6 6 9
6 6 4 4
6 10 4
6 14
17
17
17
1 9 1
1 2 2 1
2 13 1
3 1
17
0
---
2
3 1 2
2 29 1
1 1 23 1 2
1 1 1 24 2 1
2 2 25 1 1
3 1 26 1 1
1 1 25 1 1
4 1 4 1 1
1 1 14 1 1
2 1 1 24 1 1
1 1 1 25 1 1
2 1 1 25 1 1
3 1 25 1 1
1 1 24 1 1
1 2 5 1 1
2 1 22 2 1
1 1 23 1 1
30 1
3 1 2 1 1 2
2 2 1 2 1
7 9
21
19
17