# solver=cpp-6b570c1b3
# cpu=AMD EPYC Processor (with IBPB)
# isolated_core=11
# strategy=basic
# n_solutions=1
# solve_time=0.00030
20
6 11
6 5 1
6 2 2 1
5 4 1
5 7 1
5 2 1
4 4 1
4 9 1
4 1
3 3 1
3 11 1
3 11 1
3 4 1
3 2 1
3 3 5 1
2 8 1
2 6 2 1
3 2 2 1
3 1 3 1 1
2 8 3 1
2 5 2 1
3 2 2 1
3 2 6
3 2 2 2 1
3 5 4 1
3 3 9
4 5 1
6 8 1
20
---
30
30
16 2 8
10 3
7 2 2
4 3 3 2 2 2
1 2 3 3 2 3 1
1 2 3 4 4 3 2 1
1 2 2 3 3 3 2 2
2 2 2 3 2 2 2 2
3 2 1 3 3 2 2 3
3 1 1 2 2 2 2 4
3 1 1 2 2 2 2 5
3 1 1 2 1 1 2 6
4 1 1 2 2 1 1 7
2 1 1 1 2 1 1 2 1 2 2
2 1 1 1
2 1 1 1
2 1 1 1
30