# solver=cpp-a0f9b8019
# cpu=AMD EPYC Processor (with IBPB)
# isolated_core=11
# strategy=basic
# n_solutions=1
# solve_time=0.00030
6
8 2
2 2
2 1
1 1
3 1 2 2 1 4
2 1 1 4 4 1 1 3
1 1 1 2 2 1 1 1
2 1 1 1 1 1
1 1 1 3 1 1 1
1 1 1 5 1 1 1
1 1 1 1 5 2 1 1 1
1 1 4 5 3 1 1
1 1 2 1 1 2 1 1
1 1 2 1 3 1 2 1 1
1 1 2 1 1 1 1 2 1 1
1 1 2 2 2 1 3 2 1 1
1 1 1 8 1 1 1
1 2 2 3 2 1 2
4 13 5
---
12
3 1
2 1
1 2
14
0
14
2 7
2 1 2 2
1 3 5 1
1 3 2 1
1 1 1 1
1 3 2 1
1 4 6
2 4 1 3
2 4 6
1 1 3 1 1
1 3 2 1
1 3 1 1
2 1 1 4 1
2 2 2
2 7
13
0
11
1 4
1 1
2 1
1 2
14