# solver=cpp-1e16a40
# cpu=AMD EPYC Processor (with IBPB)
# isolated_core=11
# strategy=basic
# n_solutions=1
# solve_time=0.00040
2 3 2 5
3 4 3 4
4 5 3 3
6 5 3 3
6 4 4 2
6 8 2
5 2 6 1 2
1 1 1 2 4 2
3 1 1 1
5 1 2 1
5 1 2 1 3
2 1 2 1 1 5
5 1 1 2 1 2
6 3 4
4 6 1 5
2 2 5 3 5
1 1 5 5 3 2
2 3 6 2 1
2 2 1 8 2 1
1 2 1 8 1
2 2 3 1
2 3 2 2
1 2 2 1
1 2 1
---
5 3 1 1
5 4 1 2 1 1
6 3 3 2 2
7 3 3 2 2
8 2 4 2
3 1 5 2
3 2 2 1 1 2
4 1 1 1 4 5
4 1 4 5 2 1
4 1 5
4 1 2 4 1
4 2 4 3
4 1 1 1 4
3 1 6
3 1 2 8
2 4 3 8
7 2 4 2
5 3 2
3 1 1 4 3
1 1 6 2
2 2 7
7 3 2
6 3
4 3