# solver=cpp-298d4941
# cpu=AMD EPYC Processor (with IBPB)
# strategy=basic
# n_solutions=1
# solve_time=0.00080
3 2 3
5 3 2
5 1 2 2
2 2 6 3 6
2 4 2 4 3 2
2 2 2 2 2 1 2 2
2 2 4 2 2 2
2 2 2 2 2 2 2
2 2 1 2 2 2 2 2
2 5 2 2 2 3 3
5 2 2 2 2
4 2 1 8 2 6
2 2 2 2 2 2 7
2 1 2 2 2 2 2 1
2 2 2 4 4 2 1 2
2 2 6 4 5
4 5 3 5
3 2 1 2 1
2 7
3 6
---
2 1
2 8
10 9
9 1 2
2 1 2
2 2 2
2 3
0
2 2
15
14
2 2 2
1 2 2
2 4 1
2 1
1 1
6
8
3 1 1
2 2
2 2
3 1 1
8
6
1
8
12
3 3
2 2
4 4
1 1
10 7
10 9
2 2 2 2
1 2 2 2
10 2 2 2
10 2 2
1 1 3 3
0
0