# solver=cpp-298d4941
# cpu=AMD EPYC Processor (with IBPB)
# strategy=basic
# n_solutions=1
# solve_time=0.00180
3
4 2
9
2 4
4
4
4
2
10
19 5
7 6 5 9
2 6 14 1
6 20
28
29
29
20 7
20 7
24 6
17 4 4
20 3 3
16 3 2 3
15 3 3 4
14 3 2 1 2
13 3 1
13 3
14 2
3 10 1
3 5 4
3 5 4
5 4 4
7 4 3
5 3 3
3 3
2 2
2 2
2 2
4 3 3 7
26
26
---
1
2 2
3 2 2
2 3 3
2 3 3
2 10 3
1 2 11 3
2 3 1 11 2
1 2 1 7 3 2
1 9 22
34 4
33 3
7 24 2
6 22 2 2
1 20 4 2
2 2 21 5
1 2 20 4
2 20 3
2 12 5 2
2 11 2
14 3
12 3
10 3
11 3
12 3 3
18 3
10 6 3
10 3 2
11
7 4 3
6 6
6 4
7
8
7
8 2
12
10
8
0