# solver=cpp-a0f9b8019
# cpu=AMD EPYC Processor (with IBPB)
# isolated_core=11
# strategy=basic
# n_solutions=1
# solve_time=0.00030
1 1 1 1 2 4 3 1
3 3 2 3 7
2 1 2 2 2 4 1 2
10 2 6
5 1 3 2 3 2
2 2 1 2 4
3 5 3
1 1 5 3 3
3 6 4 2
2 6 3 2
2 6 4 2
2 3 3 2
2 5 2 2
2 7 2 5 2
2 10 7 2
2 9 7 2
2 7 7 2
2 7 6 2
2 7 5 2
2 7 5 2
2 7 2 2 2
2 7 2 2 2
2 7 2 2 2
2 2 2 2 3 2
2 3 3 3 2
---
1 3 18
6 17
5 3
1 4 2 10 1
1 4 4 13
1 19
5 17
3 19
2 2 5 13
1 3 1 1 10 1
2 1 2
1 3
2
1
2 1
2 1 3 1
5 1 1 12
1 2 5 12
3 1 13
5 17
2 2 11
6 4 1
2 1 3
24
25