# solver=cpp-a0f9b8019
# cpu=AMD EPYC Processor (with IBPB)
# isolated_core=11
# strategy=basic
# n_solutions=1
# solve_time=0.00030
7 9
1 1 1 1
1 1 1 1
1 1 1 1
1 1 1 1
7 9
2
2
6
6
2
2
2
2
2
20
1 1
1 1
1 1
1 5 5 1
1 5 5 1
1 5 5 1
1 5 5 1
1 1
1 1
1 1 1 1
1 1 1 1
1 1 1 1
1 1 1 1
1 1 1 1 1 1
1 1 1 1
1 8 1
4 4
1 1 1 1
1 1 1 1
1 1 1 1
1 1 1 1
1 1 1 1
1 1 1 1
1 1 1 1
1 1 1 1
1 1 1 1
1 2 1 1
1 1 2 1
1 2 1 1
1 1 2 1
1 2 1 1
1 1 2 1
1 1 1 1
1 1 1 1
1 1 1 1
20
1 1
1 1
1 1
1 1
1 1
1 1
20
20
---
6 37 2
1 1 1 1 1 2
1 1 1 1 1 1 1 1 2
1 1 1 4 20 2
1 1 1 4 9
1 1 2 1 4 7 1 2
6 2 1 4 1 1 2
10 4 1 1 1 2
10 1 1 2
2 1 1 1 2
2 1 1 1 1 2
6 1 4 1 1 2
1 1 1 4 7 1 2
1 1 1 4 1 2
1 1 1 4 9
1 1 1 4 1 2
1 1 1 20 2
1 1 1 1 1 1 1 1 2
1 1 1 1 1 2
6 37 2