# solver=cpp-298d4941
# cpu=AMD EPYC Processor (with IBPB)
# strategy=basic
# n_solutions=1
# solve_time=0.00060
3 5
5 1 1 7
7 3 9
8 1 4
5 2 3 1 3
4 2 1 1 1 1 2
3 2 3 3 1
3 2 1 2 1
3 2 1 1
2 2 3 3 2
1 4 1 1 1 2
3 2 3 1 7
2 3 3 3
7 2 2 4
1 1 2 7 2 5
3 1 1 2 2 6
5 1 1 2 1 6
5 1 1 2 1 6
6 1 1 6 6
6 1 1 5 7
7 2 2 13
6 1 1 2 12
6 6 2 11
6 6 2 8
14 2 8
11 1 2 7
10 1 2 7
8 3 4 6
6 4 6
6 4 5
5 4 5
5 4 5
5 4 5
5 4 5
6 18 5
6 16 5
6 4 6 4 5
6 3 4 3 5
6 2 2 5
6 3 3 5
---
7
6 20
9 22
7 3 24
5 29
4 1 25
3 10 4 6
3 1 2 5 4
3 1 1 3 4
3 5 5
3 2 4
6 7 3 1 2 1
2 1 5 1 6
1 6 6
1 3 1 3
3 7 2
3 1 1 1 2
3 1 1 3 3 3
1 1 3 2 2 11
3 2 2 17
2 2 17
2 1 11
2 1 3
5 2
2 2
3 3
3 6
3 6
3 1 2 1
2 3
4 3
5 3 6
2 1 1 12 6
3 1 1 27
3 29
3 29
4 29
5 2 17 3
5 2 7
8