# solver=cpp-a0f9b8019
# cpu=AMD EPYC Processor (with IBPB)
# isolated_core=11
# strategy=basic
# n_solutions=1
# solve_time=0.00030
7
5 2
2 7
1 11 1
10 1
7 7 1
1 4 2
11 5 2
7 1 1
5 13 1
1 5 1
8 4 1 1
1 6 4
14 7
7 5 1
4 8 1
8 7
2 7 1
11 1
5 5
3 8
1 10 1
11 2
4 2
7
---
7
3 1 5
5 1 7
2 3 1 4 3
3 3 1 2 1 4
1 2 2 1 2 1 3 1
1 2 2 1 2 1 2 1
1 2 2 2 1 1 1 2
1 3 1 1 1 2 1 3
2 2 1 1 2 1 1 4
2 2 2 2 2 1 2 4
2 2 2 2 2 1 2 2 1
1 2 1 1 2 1 2 2 1
1 2 1 1 3 1 1 2 1
1 2 1 1 2 1 1 3 1
1 2 1 1 1 1 1 1 3 1
3 1 1 1 1 1 1 2 1
3 1 1 1 1 1 2 1
2 1 1 1 2 1 2 1
1 1 1 1 2 1 2 1
1 1 1 1 2 1 3
1 1 2 2 1 2
3 1 2 1 2
2 2 2
7