# solver=cpp-6dc88e3e
# cpu=AMD EPYC Processor (with IBPB)
# isolated_core=11
# strategy=contra
# n_solutions=1
# solve_time=0.00050
3
3 1
4 2
4 2
5 2
4 1 1
5 1 3
1 4 2 2 1
2 8 4 1
3 8 3 4
17 2 1 1
3 16 1 2
3 11 2 2
3 9 1 1
3 7 1 1
3 3 1 1
3 1 3 1 1
4 1 3 2 1
2 2 2 4 1
2 2 12 3 2 1
2 1 2 2 1 1 2 3
2 1 1 2 1 1 2 2
1 2 3 1 1 1 2
1 1 3 1 1 5
2 5 1 1 5
1 2 1 2 1 1 3 1
1 1 2 1 1 2 1
1 2 1 1 1 3 1
5 4 5 1
4 3 4 1
---
12
11
7
2 2 5
1 2 3 2
2 4 5
5 2 3
6 2 2
5 7
5 3 3 3
5 4 2 2 2
5 3 5
9 2 2
10 1
10 1
7 1
5 1
6 1
8 1
9 1
7 1 10
6 2 2
4 2 11
3 4 2 4
1 6 4 3
3 1 1 7 2 3
2 3 2 5
2 2 3 2 3
3 1 2 5
4 18