# solver=cpp-6b570c1b3
# cpu=AMD EPYC Processor (with IBPB)
# isolated_core=11
# strategy=basic
# n_solutions=1
# solve_time=0.00020
30
9 3 1 10
8 2 1 8
6 2 3 5
4 2 9 4
3 1 3 3 3
2 1 2 1 1 2
2 2 2 3 1 2
1 1 2 3 1 1
1 1 2 3 1 2
1 1 2 3 1 3
1 1 3 1 2 4
1 1 3 2 5
1 2 10 2 2
1 1 2 3
1 3 5 4
1 2 3 7
1 2 3 1
1 3 1
1 4 1
1 1 2 1
1 1 2 1
1 2 1 1
1 3 14
4 5 2 1
1 3 2 12
3 2 2 1
4 3 16
1 2 1 2 2 1
1 5 13 1
---
30
8 1 2
6 1 3
5 1 3
4 1 1
4 1 2
3 1 1
3 1 3
2 7 2 2
1 3 2 3 2
1 1 1 8
5 12 2
4 13
2 2 3 2
1 2 1 1 1
1 2 1 1 1 1
1 1 2 1 2 1 1 1
2 1 4 1 1 1 1 1
1 2 6 1 1 1 1 1 1
1 2 4 1 1 1 1 1 1
2 2 2 1 1 1 1 1
2 1 2 1 1 3
3 2 2 1 1 3
3 6 1 1 1 1 3 1
3 1 1 2 2 5 1
4 1 2 5 1 1
5 2 3 1 1 1 1
6 3 3 1 1 1 1
8 8 1 1 1
30