# solver=cpp-1562f45ac
# cpu=AMD EPYC Processor (with IBPB)
# isolated_core=11
# strategy=basic
# n_solutions=1
# solve_time=0.00020
12 12
12 2 8
9 1 2 9
11 2 2 4
3 3 3 3 1 4
2 1 1 2 2 1 2 1 1
2 1 2 2 2 1 1 2
3 2 3 2 3
3 1 3 4 3 2
2 2 3 3 4 1
1 3 2 1 1 1 3
4 5 7 2
7 4 4 4
8 3 1
9 1 2 3 1
2 2 1 3 2 1 3
3 2 3 1 2 2 1
4 3 1 1 3 1
4 1 2 2 2 2 2 2
2 6 4 2
5 5 6 2
10 1 1 8
9 3 3 7
13 2 7
13 11
---
5 19
5 4 14
6 2 5 3 5
4 2 6 2 5
5 3 5 5
8 1 3 1 4
5 2 5 7
4 2 2 6
8 3 1 8
2 2 4 2 6 2
2 3 3 2 3 2 3
3 1 3 1 3 2 3
1 2 4
3 2 2
3 3 3 2 2 2 1
1 2 3 2 3 2 3
1 7 2 1 2 3
3 3 7 1
4 2 2 9
6 2 1 1 5
3 2 1 2 7
6 2 4 1 7
5 1 2 2 2 4
5 3 3 1 1 5
19 5