# solver=cpp-b64f6aebe
# cpu=AMD EPYC Processor (with IBPB)
# isolated_core=11
# strategy=basic
# n_solutions=1
# solve_time=0.00050
12 24 2 6
5 5 3 3 3 4 3 2 2 7
10 1 14 5 2 7
2 6 3 6 5 1 4 2 4 2
8 5 10 3 16
7 1 1 1 8 5 5 9
3 2 2 1 2 6 3 3 14
5 11 1 2 3 3 2 7
4 2 1 1 1 2 7 4 2 2 3
3 2 1 1 1 2 28
2 17 5 1 4 2 7
1 2 2 4 1 4 2 7
21 3 1 4 2 7
6 1 3 1 9 1 4 2 5 1
6 1 3 1 31
5 1 3 1 26 4
22 5 1 4 2 7
6 1 3 1 9 1 4 2 7
3 2 1 3 1 6 2 1 4 2 7
6 1 3 1 1 7 1 4 2 3 1
24 8 9 1
7 25 8
28 2 3 3 1
6 1 3 1 2 5 2 3 2 1
5 1 3 1 7 3 3 3 2
4 1 1 3 1 5 1 3 4 2 1
27 4 5 2 1
6 1 3 1 9 4 3 1
6 1 3 1 2 5 1 1 1
6 1 3 1 7 1 1
2 23 1 1
7 18 2 1 1 1
17 5 1 2 2 2 1
1 11 2 5 3 3 2 1
3 7 4 6 3 3 1 1 1
2 5 4 2 3 1 3 1 1 1
6 7 3 1 3 1 1 1
5 6 2 1 3 1 1
1 2 3 1 2 1
1 2
---
12 2 8 11
11 20 2
3 6 18 4
6 2 7 15
8 15 9
1 5 2 23
6 3 1 1 3 1 6
5 2 1 1 1 1 1 1 1 5
4 2 1 26
3 6 1 1 3 1 8
2 1 1 1 1 1 3 1 8
1 2 1 1 22 2
9 23 3
1 2 1 1 21 1
2 1 1 1 1 1 3 1 5
3 6 1 1 3 1 5 1
4 2 1 21 2
1 3 2 1 1 1 3 1 2
6 3 1 1 3 1 3 4
7 2 21 5
8 9 19
1 5 1 12 4 9
3 6 4 18 2
11 19 5
7 4 7 4 11
1 4 10 13
5 17 3
4 17 1
3 3 1 2 2
2 3 1 2 2 1
1 3 14 1 4 7
2 3 1 2 8 8
3 3 1 2 2 6 4
4 14 2 1
1 3 13 2
6 12 4
7 12 2
3 1 2 2 5 5
3 1 2 19
28 6
5 17 1
3 1 2 2
3 1 2 2
23 1
28 2
8 6 5 4 8
19 1
3 15 4
13 5 1
7 12 5 6