# solver=cpp-6b570c1b3
# cpu=AMD EPYC Processor (with IBPB)
# isolated_core=11
# strategy=basic
# n_solutions=1
# solve_time=0.00020
35
35
35
22 7
18 8
15 6
13 8
3 7 2 8
3 7 2 9
11 3 1 1 1
1 4 1 1 1
2 6 6 2
3 1 4 8 3
3 1 4 1 14
10 1 14
10 3 14
7 1 14
6 1 13
26 7
5 3 3 7
5 8
6 7
5 8 6
5 17 6
35
---
25
10 14
10 13
7 1 11
7 1 14
10 1 5 1 1
10 6 1 1
16 1 1
16 1 2
16 2 2
11 2 2
9 2 2
7 1 2
6 1 3
6 1 3
5 1 3
5 1 1 3
5 1 1 3
4 6 3
4 1 3
4 1 3
4 1 1 4 2 2
3 3 7 2
3 2 8 2
3 1 8 2
3 8 1
3 1 7 1
3 1 3 7 1 1
5 16 1
9 14
9 13
10 12
9 13
9 14
25