# solver=cpp-6dc88e3e
# cpu=AMD EPYC Processor (with IBPB)
# isolated_core=11
# strategy=contra
# n_solutions=1
# solve_time=0.00050
2
2
4
1 1
2 2
1 1
2 2
1 1
2 2
1 1
2 2
13 13
13 13
2 2 2 2
2 1 1 2
2 4 2
2 2 2
2 2
2 2
2 2
2 2
2 2
2 2
2 2
2 2
2 2
3 3
5 5
3 2 2 3
3 2 2 3
3 2 2 3
3 2 2 3
3 3 3 3
2 5 5 2
2 6 6 2
2 8 8 2
2 9 9 2
2 10 10 2
2 10 10 2
2 22 2
2 22 2
2 22 2
2 22 2
2 22 2
2 22 2
2 22 2
2 22 2
2 22 2
2 22 2
2 22 2
2 22 2
2 22 2
2 22 2
2 22 2
2 22 2
2 22 2
2 2
2 2
32
32
---
0
0
0
0
0
0
0
0
0
28
4 29
6 3 2
2 4 3 2
2 4 3 2
2 4 3 20 2
2 4 3 21 2
2 5 22 2
2 4 23 2
2 4 24 2
3 27 2
5 25 2
3 2 23 2
3 3 21 2
3 3 19 2
3 2 17 2
3 2 17 2
3 3 19 2
3 3 21 2
3 2 23 2
5 25 2
3 27 2
2 4 24 2
2 4 23 2
2 5 22 2
2 4 3 21 2
2 4 3 20 2
2 4 3 2
2 4 3 2
6 3 2
4 29
28
0
0
0
0
0
0
0
0
0