# solver=cpp-d85c7576
# cpu=AMD EPYC Processor (with IBPB)
# isolated_core=11
# strategy=basic
# n_solutions=1
# solve_time=0.00050
1 3 4 3 4 4 3
3 4 1 16
4 3 4 8 3 4 3 1
1 4 2 16 5 2 3
2 4 3 2 14 8
2 3 2 2 2 15 3
2 6 2 2 16
2 2 6 2 2 17 5
2 1 3 2 2 2 4 20
3 1 3 2 2 2 4 19
6 2 2 2 2 2 4 19
6 1 3 2 2 7 18
8 1 3 2 2 6 18
3 5 1 3 11 18
9 2 4 10 18
9 1 4 6 19
10 2 7 15 1
11 2 28 2
6 4 2 3 18 1
11 2 12 1
12 2 11 1
2 6 2 3 7
13 1 3 5 4
14 1 3 4 4 1
14 1 1 3 4 4 4
15 2 1 8 9 1
6 3 5 1 1 4 3 4
1 15 2 3 15
18 3 3 6 4 3 2
18 1 1 20
---
2 1 23
2 1 20 2
2 1 12 8
2 1 3 16
2 1 20
2 1 20
1 2 1 6 7 3
2 2 1 18
2 2 1 17
2 2 1 5 8
3 2 1 9 3
1 1 3 1 10
2 10 8
1 7 3 7
3 2 3 2 5
1 2 2 3 2 4
2 2 2 4 2 3
3 2 2 5 2 2
3 2 2 5 4
1 2 2 2 4 1 2
2 2 2 2 4 2 3
4 2 2 2 3 1 3
5 2 4 3 3 1
6 2 3 2 1 1 1
7 2 3 1 2 2
8 5 1 1 1
14 1 2 2
14 1 1 2
6 7 2 1 1
6 6 2 1
7 4 3 1 1
8 4 1 1
16 1 2
1 17 2 2
2 16 1 2
2 16 1 3
2 16 2 3
3 18 4
4 17 2 1
2 1 17 5
4 15 5
3 15 2 3
5 14 6
3 1 14 4 1
2 2 12 7
5 9 2 1 1 3
2 1 9 2 8
6 9 2 6 1
2 3 10 1 1 4
6 6 8