# solver=cpp-1562f45ac
# cpu=AMD EPYC Processor (with IBPB)
# isolated_core=11
# strategy=basic
# n_solutions=1
# solve_time=0.00030
10 18
8 6 3 7
7 1 4 1 2 6
6 1 8 3 6
4 1 10 3 6
3 1 11 3 2 2
2 1 9 3 1 2 1
1 2 8 3 1 2 1
2 2 12 2 2
3 2 5 4 1 3
3 3 3 3 3 7
2 4 3 3 11
9 1 10
8 1 1 4 2
2 1 1 1 1 2
1 1 2 1 3 3
4 1 1 4
2 2 1 2 3
1 1 4 1 3 2
3 7 2 2 2
3 13 4 1
3 12 5 1
3 11 6 1
4 10 6 1
4 10 6 1
16 5 2
17 3 3
18 4
19 6
30
---
16 12
7 7 11
6 2 2 14
5 3 3 7
4 6 1 2 5
4 1 6 1 4 5
3 1 4 1 12
2 1 1 4 12
1 1 2 2 12
1 1 2 1 13
1 3 2 1 11
1 5 1 1 11
2 6 1 10
2 7 10
12 10
12 10
1 14 2 4
1 8 4 3
2 6 2
3 4 5 1
2 12 7 1
1 11 1 8 1
1 8 2 1 9 1
2 1 4 1 1 6 1
8 6 2 3 2
6 1 4 1 2
5 3 4 1 3
5 2 4 3 4
6 12 5
30