# solver=cpp-298d4941
# cpu=AMD EPYC Processor (with IBPB)
# strategy=basic
# n_solutions=1
# solve_time=0.00050
11 2 4
10 4 1 5 2
1 3 4 2 2 2 2 2
8 3 8
3 3 3 3
6 5 4 7
3 2 2 1 2 3
5 2 2 2 1 5
1 2 4 4 3
3 6 1 3 3
4 3 2 2 2 2 1
3 3 3 4 2 1
3 2 1 2 2 2
5 4
5 3 1
6 1 2 1
7 3 3 2
7 5 8
5 4 2
4 5 2 2 2
4 8 3 2 1
4 2 4 6 2
4 4 2 1 7
5 5 1 3 3
5 10
7 2 3 2
8 2 4
8 7
16 11
8 2 11
---
9 14 2
5 21
29
4 1 2 20
8 6 7
2 4 3 5
5 2 5
4 1 1 4
3 2 2 2
3 2 4 1
2 1 2 1 1 1
2 1 2 1 3 1
1 1 3 2 5 2
2 1 5 1 2 2 2
2 3 2 2 2 1
3 2 3 1 2
2 1 2 5 1
1 2 1 3 2
2 1 4 1 3
1 2 2 5
1 1 2 2 5 3
3 1 5 2 1 4
5 1 3 10 2
2 3 1 11 2
6 5 6 2
3 3 3 7 1 2
1 1 9 1 2 1 2 2
11 1 4 5 2
9 2 9 1
5 3 2 1 1 2 1