# solver=cpp-1e16a40
# cpu=AMD EPYC Processor (with IBPB)
# isolated_core=11
# strategy=basic
# n_solutions=1
# solve_time=0.00030
3 3
2 1 3 4
1 2 3 1 1
1 1 3 1 1 1
2 1 3 1 1
1 1 2 3 1 1
4 3 3 3 2 3
9 5 5 6
1 2 9 13
3 3 14
1 2 3 15
1 2 1 3 1 7
2 2 3 3 7
3 3 2 3 7
9 2 3 2 3
7 1 3 1 3
7 2 3 7
7 2 3 7
7 3 3 7
6 3 1 7
2 2 10 4
24 4
2 2 6 4
3 2 4 5
3 2 10 2
2 2 1 1 1 1 3
2 2 1 1 1 1
2 3 1 1
3 3
3
---
8 1 2
2 1 3 1 7
3 4 17
2 1 3 11
1 4 2 6 1
1 1 2 6 1
8 16
1 3 17
3 7 1 2
1 2 1
3 1
4 1
3 1
2 1
3 1
3 3 4 4
2 6 6 1
15 3
4 5
11 7 5
25
11 7 5
4 3 4
2 14 1
1 1 9 5 3
1 1 9 4 1
1 7 8
3 18 1
22
20