# solver=cpp-6b570c1b3
# cpu=AMD EPYC Processor (with IBPB)
# isolated_core=11
# strategy=basic
# n_solutions=1
# solve_time=0.00020
2 1 1 1
2 1 1 1
2 1 1 1 3
2 1 1 1 3 2
1 1 1 1 5
1 1 2 2 5
1 1 1 2 2 2 2
2 1 1 2 2 1 2
3 1 1 3 1 2
1 1 1 1 1 1 2
1 2 1 1 3 2
1 1 2 1 2 1 2
4 1 2 1 4 2
5 1 2 1 1 1 2
6 2 1 1 1 2
4 2 1 1 2 2 1
4 2 1 1 1 2 1
4 1 1 1 5 1
7 1 1 2 4
6 1 1 5
1 4 4 1 2
3 1 4 2 1
4 5 1
3 7 1
2 2 5
---
1
3
3
2 8
2 9 3
4 1 6 4
24
5
3
22
7
8
20
5
7 4
20
2 2 2 3
3 3 4 1 2
5 3 7 2
1 7 3 1
4 3 1 1
1 18
9 4
1
4