# solver=cpp-1562f45ac
# cpu=AMD EPYC Processor (with IBPB)
# isolated_core=11
# strategy=basic
# n_solutions=1
# solve_time=0.00030
9 28
7 27
5 26
4 24
3 24
1 2 24
2 23
4 1 22
6 3 3 22
5 1 10 21
18 20
14 12
12 2 3 10
10 4 2 9
10 5 2 8
9 2 1 6 1 8
9 2 7 1 7
12 7 2 8
11 8 10
11 7 1 10
10 7 3 10
10 11 6
10 11 4
10 11 3 1 1
10 17 7
10 13 7
10 10 8
10 8 10
11 8 12
12 10 14
---
6 22
5 22
5 23
4 23
3 23
2 3 20
2 1 21
1 1 20
1 1 23
7 13
5 5 2
4 3 1
1 3
2 4 1
3 3 6 2
3 3 15
6 2 14
7 2 17
9 18
10 18
11 17
11 5 9
11 1 8 1
11 1 8
11 2 7
11 2 2
11 2 1
11 1 5 1
12 2 5 2
12 2 5 2
13 6 1 3
14 4 1 3
16 5 4
21 6
21 7
21 6
21 6
21 6
20 6
20 7