# solver=cpp-b64f6aebe
# cpu=AMD EPYC Processor (with IBPB)
# isolated_core=11
# strategy=basic
# n_solutions=1
# solve_time=0.00040
6 5 1 11 14 1
13 2 11 2 3 8
8 9 11 3 8
1 5 11 22
1 6 11 7 5 4
5 17 11
5 15 11
3 1 6 7 11
3 2 5 3 9
2 2 3 4 2 8
1 3 3 3 7
4 6 6
4 4 1 1 5
4 3 1 2 2 5
5 3 1 3 1 6
4 4 4 1 1 1 1 6
3 1 3 4 9
2 4 1 1 4 9
2 7 6 1 1 3 9
2 9 6 3 9
4 16 3 1 9
3 15 3 1 9
1 6 6 3 1 9
5 4 6 3 1 8
6 9 1 3 1 8
6 8 2 3 1 8
7 9 3 3 1 8
7 10 3 2 1 8
8 10 4 2 3 8
20 4 2 3 8
---
11 10 6
3 5 10 7
3 5 6 10
7 6 2 7
7 3 1 2 8
5 3 13
4 7 4
5 6 2
2 7 1
2 7 4
2 4 7
4 3 7
4 4 1 2 6
4 9 10
6 8 12
7 19
1 7 2 12
12 12
15 7 3
11 4 1
2 7 1
7 1 2
3 3 6
4 2 4
8 1 3
10 1 2
10 11
8 14
1 6 17
8 2 5
5 1 1
1 2
2 1 1 2
5 10
8 1 2
1 6
1 6 11
10 1 14
4 6 14
4 7 16
4 25
30
29
30
29