# solver=cpp-6dc88e3e
# cpu=AMD EPYC Processor (with IBPB)
# isolated_core=11
# strategy=contra
# n_solutions=1
# solve_time=0.00060
2 1 3 2 1 1
3 1 4 3 1 1
1 1 5 3 1 1
1 1 1 2 1 1 1 1
7 1 2 1 2 1 1
7 1 2 1 1 1 1
7 1 1 4 1 1 1
7 3 2 1 1 1
7 2 1 1 1 2 1
8 2 1 1 2 2 1
8 3 2 9
8 5 11
9 8 2
11 1 9 2
13 2 9 2
16 2
16 3 1
5 8 4 2
1 6 4
3 17
4 23
31
32
9 2 2 2 2
3 2 1 2 2 2
1 2 2 1 2 2 5
2 2 3 3 2
2 2 2 3 4 2
4 3 2 2 3 4 5
5 1 1 2 2 3 4 2
6 2 1 2 3 4 2
7 2 1 24
11 1 23
7 1 17
5 2 18
3 2 17
1 2 17
1 1 18
1 2 14
5 10
---
2 9
2 9
3 8
7 5 9
14 7 3
14 5 1
14 3 1
14 1 1
17 4 1 2
13 6 1 2
8 5 2 1
7 4 2 1
6 3 3 1
5 3 2 2 1
7 4 3 8 2
3 1 4 5 3
3 3 3 12 3
3 5 3 13 3
4 2 3 3 2 4
3 4 3 2 4
1 1 5 2 2 2 5
8 3 10 2 2 2 6
3 3 2 9 9
4 1 8 1 9
6 23
1 5 13
2 4 12
2 7 8
3 7 7
4 4 11
4 4 12
5 18
7 19
8 6 6
7 4 7 6
3 5 1 1 5
2 4 1 1 5
2 3 1 1 4
5 5 14
4 6 11