# solver=cpp-1562f45ac
# cpu=AMD EPYC Processor (with IBPB)
# isolated_core=11
# strategy=basic
# n_solutions=1
# solve_time=0.00040
1 7
10 4 1
3 3 8 7 2
4 3 8 9 2
3 4 2 9 7
1 5 1 7 2 5
4 1 6 7 1 2 2
8 5 6
1 3 4 4
6 4 3
5 6 4
2 2 8 4
15 4
16 1 2 4
14 1 5
11 1 6
6 1 4 1
5 1 4
2 5
40
1 4 1 5 4
1 4 1 5 5
2 4 1 4 6
3 5 1 5 3
4 4 3 4 2
9 4 3 4 3 2
11 3 2 6 1 2
2 7 1 2 8 4 2
2 3 1 1 1 2 1 2 3
2 2 1 1 2 1 3 2
2 3 1 3 2 2 2
2 2 2 3 7 2
2 3 2 1 2 2
2 3 2 1 2 2
2 7 1 2 2
1 2 6 1 2 2
1 2 7 1 2 2
1 11 1 2 2
11 1 11
12 1 11
---
24
6 13
5 1 4
3 5 1 4
2 1 5 2 4
3 11 3 5
14 4 8 5
3 5 4 9 3 5
1 1 7 1 8 1 2 3
1 6 1 3 2 1 9
2 4 1 1 2 1 2 7
3 1 3 1 1 6
4 1 3 1 6
2 4 1 3 6
4 4 1 1 1 1 6
6 4 1 1 1 2 4
12 1 2 2 3
2 9 1 5 1
1 7 1 2
40
4 2 5 1
4 3 5 1 2
8 1 9 1 2
9 11 2 1
12 4 4 2 1
17 3 2 1
16 2 3 1
1 4 6 1 2 10
4 2 2 1 2 10
3 1 2 2
5 1 2 2
3 1 1 1 2
3 1 1 2
4 3 3 2
4 1 4 1 2
5 7 2
3 6 12
3 1 3 13
5 1 1 4
5 1 1 2