# solver=cpp-a0f9b8019
# cpu=AMD EPYC Processor (with IBPB)
# isolated_core=11
# strategy=backtrack
# n_solutions=5
# solve_time=0.24000
3 6
3
2 4
2 3
1 7
2 6
1 6
1 3
2 4
1 8
1 11
1 13
1 13
1 1 10
1 2 11
2 1 1 11
1 2 4 2 2
1 2 2 1 1 1
1 1 1 1 1
1 1 2 1 1 2
1 2 1 1 2 1 1
2 1 1 2 1 1
1 4
2 1 1
1 1 1
1 1 1
2
2
1 1
1
2
1
2 2
3 2
5
4
4
3
2
---
1
2
1
2
1 1 1
1 1 5 1
8 3 3 4 2
4 2 2 3 1
3 2 2 2 1
2 1 3
2 2
1 1 1
2 3 1
1 2 2
1 2 6 1
1 1 1 1
1 1 7 1 1
1 1 2 6
1 1 4
1 1 1 6 1
1 1 1 7 2
1 4 13
14
13
12
3 13
1 7 1
6 2
5
2 2
1 1