# solver=cpp-d85c7576
# cpu=AMD EPYC Processor (with IBPB)
# isolated_core=11
# strategy=basic
# n_solutions=1
# solve_time=0.00030
7 1 1 1 1 1
7 1 1 1 1 1 1 1
7 2 1 1 1 1 1 1
6 1 1 1 1 2 2 2 2
6 1 1 1 1 1
6 1 1 1 1 1
6 1 1 1 1 1
10 1 2 1 2 1
10 2 1 1 1 1
9 2 3 3 3 2 3
9 1 1 1 1 1 1 1 1
5 3 3 3 2 3
1 1 1 1 1
2 2 5 3 3
3 2 8 2 2
7 3 7 5 3 2 2
7 9 1 3 4
8 10 5 3 1 3
3 2 5 1 1 1
2 3 1 1
40
8 4
7 3
27 2
1 1 1 1 1 4 5 2
1 1 1 1 1 4 4 3
24 4
1 1 1 1 1 4 2 4
1 1 1 1 1 4 1 6
23 2 4
1 1 1 1 1 4 3 2 3
1 1 1 1 1 4 4 5
26 2 2
1 1 1 1 1 4 7 3
1 1 1 1 1 4 8 2 1
30 1
1 1 1 1 1 4 9 1 1
1 1 1 1 1 4 9 3 1
30 4
9 5
---
1 5 1 16
2 6 1 1 1 1 1 1 1
3 8 1 1 1 1 1 1
4 3 2 16
6 3 1 1 1 1 1 1 1
8 3 1 1 1 1 1 1 1
9 4 1 16
9 2 2 1 1 1 1 1 1 1
8 1 1 1 1 1 1 1 1 1
6 1 16
5 1 1 1 1 1 1 1
4 1 1 1 1 1 1 1
4 1 16
1 1 5 2 1 1 1 1 1 1 1
1 5 4 1 1 1 1 1 1 1
1 4 5 1 16
2 1 3 1 16
1 2 6 1 16
2 2 6 1 16
1 1 8 1 1 1 1 1 1
1 5 2 1 1 1 1 1 1
40
1 1 1 1 8 11
1 1 1 1 7 10
1 1 6 9
4 1 1 1 1 5 8
5 1 1 1 1 4 7
7 1 1 3 7
4 9 6
15 1 5
1 1 1 1
1 1 1 1 1
4 1 1 1 1 1 4
5 1 1 1 1 1 2 3
7 1 1 2 1 3
4 8 1 2 2
14 2 4 1 1 1
1 1 2 3 7 2
1 1 1 1 14
1 1 1 18