# solver=cpp-298d4941
# cpu=AMD EPYC Processor (with IBPB)
# strategy=basic
# n_solutions=1
# solve_time=0.00070
1
5
2 2
1 2 1
2 2 2
13
2 2
1 2 2
13
1 2 2
13
1 1
1 2 2
13
1 2 2
15
1 1
1 2 3
5 2 15
8 2 1 2 3
7 16 2 15
34 2 1 1
33 1 1 1 2 3
32 2 15
31 1 1 2 3
35 2 17
31 5 1 1
28 1 1 2 3
27 2 17
26 1 3 1 2 3
24 1 1 3 17
3 11 6 3 1 4 1 3
4 8 5 1 3 1 3 1 2 3 1
4 7 7 2 4 1 3 13 1
5 11 7 3 1 4 1 2 2 1
4 3 5 5 3 1 18
4 3 4 4 3 1
3 2 3 3 1 1 2 1 3
3 2 3 3 1 2 1 3
3 2 1 1 3 2 1
---
9 6
20
20
17
11 3
11 5
12 5
12 4
14
14
14
15
15
15
12 2
12 2
11 1
10 2
11 1
15
20
19
20
17
12 2
10 2
10 3
10 1
9 4
11 1
9 6
6 1 1 1
4 1 2 2
3 1 5
1 2 2 2
2 1 1 1
2 1 1 6
2 1 1 1
3 2 2 2
3 5
2 2
1 1
6
1 1 1 1 2 1
1 1 1 1 15
1 1 1 1 11 1 1 1 1
11 1 1 1 1 1 1 1 1
3 1 1 1 1 1 1 1 1 1 1 1 1
4 1 1 1 1 1 1 1 1 1 1 1 1
2 1 1 1 1 1 1 1 1 1 4 4 3
1 3 4 4 4 4 4 4 3
2 3 4 4 4 4 1 1 1 1
1 1 1 1 1 1 1 1 1 1 1 1 1 5
2 1 1 1 1 1 1 1 1 1 1 1 3
4 1 1 1 1 1 1 1 1 1 1 3
7 4 4 4 1 1 2 1 2
11 4 4 4 1 1 2
1 1 1 1 11 6 1 2
1 1 1 1 7 1
1 1 6