# solver=cpp-d85c7576
# cpu=AMD EPYC Processor (with IBPB)
# isolated_core=11
# strategy=basic
# n_solutions=1
# solve_time=0.00040
1 4 1 3 2 1
1 5 1 5 2 2
1 4 1 2 1 2 2
1 2 1 3 5
1 3 1 6 3
4 5 1 2 1
6 6 1 5 5
15 1 3 1
2 4 8 2 1 2 1 5
2 2 13 1 5 1
1 4 13 1 3 1
4 7 1 1 1 1
13 1 7
22 1 1 1 1
6 5 1 1 1 1
5 6 1 7
5 6 1 1 1 1
4 2 3 1 1 1 1 1
1 2 2 3 1 7
1 2 2 2 1 1 1
40
1 1 1 1
1 1 1 5
6 1 3
2 2 4 1 3
3 1 1 1 2 1 3 3 1 1 1
1 2 1 1 1 2 1 7 1 8 2
2 1 1 1 1 1 1 6 1 9 3
2 1 1 1 1 2 3 3 4 7 2
2 1 2 1 1 2 2 1 3 10
3 3 1 1 2 1 1 1 5 2
2 2 3 1 3 1 1 5
1 2 2 3 1 1 6
2 2 2 3 1 1 10
2 2 2 1 1 1 11
3 4 1 1 12
2 4 1 1 13
3 3 1 11
2 3 1 10
3 3 1 8
---
4 7 7 1
4 5 1 1 5 2
3 9 2 1 2 1
9 11 5 2 3
12 1 2 6
10 1 6 2 3
3 4 1 3 1 1
1 2 1 4 2
9 1 6
3 13 1 3 3
21 4 2
21 3 2 3
3 12 1 10 4
1 13 1 1 7 4
7 6 4 1 2
3 1 4 3 4 1
2 1 1 1 2 2
2 1 1 7
2 1 1 5
3 1 1 1 2
9 1 1 5
1 1 4
40
5 1
3 3 1 12
2 1 1 2 1 2
2 1 1 2 1 3
2 1 2 1 3 3
2 2 1 2 5
2 2 3 14
4 2 1 3 14
1 1 1 20
1 10 3 14
2 1 1 1 3 14
3 1 1 10 4 8
3 1 1 1 1 1 1 2 7
8 2 4 1 2 6
3 1 1 1 4 5
3 1 1 1 5 4
2 1 2 3