# solver=cpp-400bd85f2
# cpu=AMD EPYC Processor (with IBPB)
# isolated_core=11
# strategy=basic
# n_solutions=1
# solve_time=0.00040
8
2 2
2 1 3
2 4
1 6
3 11
6 9 2
3 5 9 2
9 9 3
10 8 3
11 6 5
12 4 7
3 13 1 8
3 18 11
3 13 15
4 11 15
5 9 14
3 6 7 17
4 6 1 1 18
4 5 1 1 10
1 6 1 1 5
3 1 1 1 1 1
5 1 1 1 1 1
18 1 1 1
30 1 1
---
1 4
2 4
8
3 3
2 3
1 2
7 2
1 8 2
3 8 2
5 10
2 4 5 2
9 4 2
9 1 2
10 1 2
10 2
11 2
10 2
16
9 1
15
8 1
7 1
5 1
1 4 1
3 2 1
2 7 1 1
1 7 1 1
1 1 9 1
1 7 2 1
1 8 2 1
11 3
11 5
1 8 6
6 8
2 9
2 15
15
14
17
11
9
7
6
4
2
2
2
2
1
1