# solver=cpp-d85c7576
# cpu=AMD EPYC Processor (with IBPB)
# isolated_core=11
# strategy=contra
# n_solutions=1
# solve_time=0.00060
1 1
1 7 1
1 11 1
3 4 4 3
3 3 3 3
3 3 3 3 3 3
1 2 2 2 2 1
3 2 3 5 3 2 3
5 3 2 2 3 5
5 2 1 1 1 1 2 5
4 2 9 2 4
3 2 1 1 1 2 3
3 2 9 2 3
3 2 1 1 1 2 3
3 2 9 2 3
3 2 1 1 1 2 3
3 3 2 1 2 3 3
3 4 5 4 3
3 4 2 2 4 3
3 5 2 2 5 3
3 7 1 7 3
3 4 3 4 3
3 5 5 5 3
3 5 2 1 2 5 3
3 5 1 5 3
3 7 1 6 3
3 7 6 3
3 5 3 3
3 5 6 3
3 5 4 3
3 5 5 3
3 6 3 4
3 5 9
3 14
3 10 5
13 6
8 6
1 6 6
1 1 6 6
4 1 6 3
1 1 3 1 6 8
1 1 3 1 6 10
5 1 3 1 14 1
3 4 1 3 1 6 1 3
3 4 1 3 1 1 1 1 3 1
3 4 1 4 1 3 3 1
3 4 1 4 1 1 3
3 4 1 1 6
3 4 6
3 9
---
3 43
37 1 8
3 30 3 8
3 3 1 1
5 9 1 3 1 2
4 11 3 3 3 1
3 19 3 4 1 1
2 27 4 1 2
2 4 2 11 2 2 3 1
2 1 1 5 1 5 2 2 2 1 1
2 1 3 1 3 3 1 4 2 2 2 1 2
2 2 1 1 1 4 2 3 1 2 2 3 1
2 1 2 1 1 1 2 2 2 1 1
2 1 8 6 2 2 1 2
2 1 2 1 1 1 2 2 2 3 1
2 2 1 1 1 4 2 2 1 2 2 1 1
2 1 3 1 3 3 1 4 2 2 2 1 2
2 1 1 5 1 4 2 2 2 3 1
2 4 2 5 1 1 2 2 1 1
2 21 3 2 2 1 3
3 19 3 2 2 3 2
4 10 2 2 2 1 2
5 8 1 2 8
3 4 2 1 1
3 28 2 3 1
36 2 1 1
3 29 2 1 1
2 2 3 2
2 2 1 1
2 2 1
2 2 1 1
2 2 3 1
2 2 1 2
2 2 1
2 2 1 1
2 2 3 1
2 2 1 1
3 1 2
3 3 1
3 1 1