# solver=cpp-6b570c1b3
# cpu=AMD EPYC Processor (with IBPB)
# isolated_core=11
# strategy=basic
# n_solutions=1
# solve_time=0.00040
5
11
16
21
8 13
12 13
13 13
15 12
15 12
8 6 13
9 4 14
3 4 2 14
3 6 1 13 1
8 2 14 1
7 15 1
5 1 15 1
4 2 15 1
3 2 14 1
3 2 14 1
3 2 14 1
2 2 5 5 1
2 2 5 1 5 1
2 1 4 1 4 2
2 2 4 1 4 2
2 1 4 4 2
2 1 3 5
2 2 3 4
2 1 3 4
2 4 4
11
4 3
5 3
5 3
5 3
5 3
29
30
30
30
30
---
5
4 5
12 6
16 6
18 7
8 11 7
8 4 6 8
12 5 2 5
13 2 3 5
7 4 6 2 5
9 2 9 3 5
3 6 2 5 2 5
3 7 9 1 3 5
4 8 11 3 5
5 5 17 5
6 3 18 5
7 20 5
20 1 5
19 3 2 5
19 5 5
29 5
29 5
26 3 5
24 3 5
19 3 5
16 8
13 7
9 6
6 3 5
16 4