# solver=cpp-86fd3e96b
# cpu=AMD EPYC Processor (with IBPB)
# isolated_core=11
# strategy=basic
# n_solutions=1
# solve_time=0.00040
3
3
4
2
4
1 8 2
3 10 4
5 5 5 5
6 5 5 5
1 4 10 3 1
2 3 2 2 2 2 3
4 1 14 4
6 1 10 1 5
5 6 6 8
5 9 9
5 3 7 11
16 6 11
16 5 12
17 3 13
18 14
19 14
18 12
17 10
16 9
23
16
13
11
11
11
10
7
4
3 2
3 1 4
4 3 1 1
5 5 2 1
15 1
13 1
12 3
14
12
8 1
6
8
---
8
11
12
15
1 14
3 3 9
5 1 9
7 9
5 9 2
2 10 4
10 5
18
3 19
2 1 1 17 2
8 17 2
10 15 3
5 5 13 3
6 7 12 4
5 4 5 1 7 4
6 4 5 6 5
2 6 8 1 6 5
3 5 7 9 6 1
1 12 9 8
1 9 10 9
2 1 1 11 10
3 10 11
11 10
3 12 9
6 11 6 1
6 11 5
4 12 2 3
2 12 3 2
13 2 2
11 2 1
7 6