# solver=cpp-86fd3e96b
# cpu=AMD EPYC Processor (with IBPB)
# isolated_core=11
# strategy=basic
# n_solutions=1
# solve_time=0.00030
32
2 1 1 14 1 1 2
1 1 1 1 16 1 1 1 1
1 2 7 7 2 1
4 5 5 4
1 4 3 4 1
7 5 7
1 3 7 3 1
1 3 8 3 1
5 8 5
4 8 4
4 9 4
4 10 4
3 11 3
3 4 6 3
3 2 6 3
3 6 3
3 8 6 3
3 13 6 3
4 14 5 4
4 10 4 4
4 6 2 4
5 4 5
1 3 4 3 1
1 3 6 3 1
7 8 7
1 4 6 4 1
4 5 5 4
1 2 7 7 2 1
1 1 1 1 16 1 1 1 1
2 1 1 14 1 1 2
32
---
32
2 1 1 14 1 1 2
1 1 1 1 16 1 1 1 1
1 2 7 7 2 1
4 5 5 4
1 4 4 1
7 1 7
1 3 3 3 1
1 3 3 3 1
5 3 1 5
4 4 3 4
4 3 10 4
4 5 10 4
3 8 10 3
3 9 10 3
3 8 4 3 3
3 8 4 1 3
3 10 3 3
3 11 3 3
4 12 2 4
4 4 6 1 4
4 6 4
5 6 5
1 3 6 3 1
1 3 6 3 1
7 5 7
1 4 3 4 1
4 5 5 4
1 2 7 7 2 1
1 1 1 1 16 1 1 1 1
2 1 1 14 1 1 2
32