# solver=cpp-a0f9b8019
# cpu=AMD EPYC Processor (with IBPB)
# isolated_core=11
# strategy=basic
# n_solutions=1
# solve_time=0.00060
1 1 1 3 1
7 8 1
1 3 14
2 1 7
2 2 2 3
3 5 4 2 1 2
2 5 13 2
3 23 2
28 2
30 1
9 6 4 5
8 3 1
7 3 1
7 3 1
7 5
6 5
6 4
6 2
6 4
6 4
5 2
5 3
5 3
5 3
5 3
13 3
17 5 3 3
16 4 2 3
11 3 3 5 3
5 1 1 1
3 3 2
3 1
3 1
4
5 1
5 2
5 3
5 3 4
5 7 4
5 6 2
7 2 3
8 2
7 1 1
8 8 1
5 4 3 2
4 1 4
5 5 5
16 8
8 9 8
11 10
13 4 6
18 5 8
20 6 9
34 10
34 10
33 11
32 11
31 12
30 13
29 14
---
8
9
9
9
2 9
11 2 10
22 10
30 11
32 11
3 34 12
2 22 11 12
6 5 11 13
7 4 25
2 7 5 24
1 6 4 1 20
3 6 4 1 20
2 6 4 1 3 14
2 4 3 3 1 11
1 6 2 1 1 9
3 6 3 1 2 8
2 6 3 1 2 2 7
2 5 3 3 1 3 7
3 4 3 2 3 7
3 5 4 1 3 7
3 5 3 2 3 7
2 5 2 2 1 3 7
2 5 3 2 1 2 7
4 5 3 2 1 7
3 5 2 1 7
8 1 1 1 8
4 4 4 1 9
2 4 2 10 1
2 4 1 1 10 2
2 5 1 1 2 1 10 3
1 5 1 6 7 1 5
3 6 7 6 7
3 5 2 5 15
2 15 3 13
2 20 12
3 2 8 11
10
10
9
9
8