# solver=cpp-1e16a40
# cpu=AMD EPYC Processor (with IBPB)
# strategy=basic
# n_solutions=1
# solve_time=0.00170
# solver=cpp-298d4941
# cpu=AMD EPYC Processor (with IBPB)
# strategy=basic
# n_solutions=1
# solve_time=0.00410
5 6 42 41
6 6 42 1 40
6 50 37 3
7 85 2
9 58 17 2
13 52 17
16 20 25 15
2 12 17 23 14
1 6 12 17 23 3 3 1 13
9 11 39 5 5 2 12
12 10 37 7 6 4 10 1
14 10 35 8 7 5 4 4 1
15 8 35 8 6 6 3 1 3 1
1 11 8 33 8 14 3 3 2
10 7 32 7 13 7 2
9 6 7 20 6 12 6 3
9 5 4 4 18 1 4 13 3 4
9 4 2 7 17 2 2 12 1 6
4 9 1 1 9 9 6 2 10 8
5 7 1 1 6 8 1 5 2 6 10
3 2 7 1 6 8 6 3 3 13
6 5 5 5 4 15 2 14
3 2 7 12 3 15 2 15
3 2 11 5 8 15 1 16
3 2 11 3 7 15 1 4 14
4 1 14 7 13 6 15 3
4 1 14 8 13 7 17 5
4 1 14 2 8 10 7 10 6
4 1 14 4 9 10 5 8 14
6 14 5 8 10 1 9 16
6 14 5 3 7 7 11 17
4 1 16 6 5 6 4 16 18
6 16 6 5 7 15 19
6 17 6 5 24 10 3
6 17 6 5 20 8
6 17 6 5 10 7
6 19 7 6
6 19 7 6 3
4 1 19 7 7 3 3
4 1 19 8 8 8 5
4 1 19 9 9 4 6
4 1 19 24 17 20
6 19 10 13 3 6
6 19 10 13 5 11
6 19 10 16 14
6 19 12 4 16 20
7 19 11 3 18 21
27 11 3 15 18
44 3 18 19
1 1 1 1 5 5 4 19 21
1 2 4 21 17
1 1 5 24 21
3 5 26 21
23 21 25 20
2 1 32 21
2 4 3 1 2 2 2 3 2 1 28 16
1 32 22
5 3 19 34 23
5 31 21
1 3 4 30 1 2 18
1 4 2 1 33 21
2 8 4 4 3 43 1 22
1 4 2 3 34 22
4 4 60
1 3 6 46 23
4 6 36 23
5 6 18 63
7 7 36 22
4 5 36 23
7 6 61
---
9 4 32 1 1 4 1 1
8 4 31 1 1 1 1
7 5 31 1 1 1
7 5 2 1 24 1 1 1 1 1 1
7 5 6 2 6 7 1 1 1 1 1 1
6 5 29 1 1 1
1 4 6 3 1 1 1 1
3 3 6 2 1 1 1 1 10
3 4 6 14 1 1 1 11
4 3 6 13 1 1 11
4 4 5 18 1 11
4 4 6 18 1 1 1 2 1
3 5 5 24 1 1 1 1 2 1
3 4 6 24 1 1 1 1 1
4 5 5 26 1 1 1
5 6 5 26 1 1 1 1
6 5 5 27 1 1 1 1
6 6 5 28 1 1 1 1
6 7 4 28 1 1 1 1
6 7 4 28 1 1 1 1 1
7 7 3 29 1 1 1 1
7 7 3 28 1 1 1 1 1
8 7 3 29 1 1 1 1 1
9 6 4 26 1 1
10 6 3 27 1 1 2 1
11 4 3 25 1 1 1 2 1
13 4 3 17 1 1 1 1 2 1
14 3 4 2 2 2 5
15 2 4 30
16 2 4 10 1 4 13
17 1 4 13 1 1 3 9
19 1 3 18 1 4 7
18 1 4 20 1 1 1 1 2
17 1 3 21 1 1 1 1 2
16 2 2 22 1 1 1
16 2 2 22 1 1 1 1
15 4 3 21 1 1 1 1
15 5 3 8 1 1 1 2
15 5 4 3 5 2 1 1 1 4
7 7 6 4 14 1 6 1 11
6 7 11 14 22
7 9 10 14 22
18 9 13 22
20 6 13 1 19
23 5 8 17
25 4 6 1 16
25 5 30
26 4 29
27 4 31
27 5 8 21
27 6 8 20
19 8 5 8 1 20
18 1 8 4 1 1 1 22
19 10 4 3 27
31 3 31
31 4 31
1 30 3 30
1 29 3 2 27
1 30 3 3 26
16 9 3 2 1 26
13 5 5 4 2 1 26
11 6 2 5 2 1 26
10 5 1 5 1 1 25
9 2 5 1 25
8 5 2 5 1 25
7 7 4 4 1 25
6 9 6 4 1 25
6 10 5 5 1 5 4 14
5 9 5 5 1 2 2 4 3 10
5 8 5 5 1 1 1 4 3 10
5 5 3 5 1 3 3 10
4 3 6 1 1 2 1 8
4 6 1 8
4 5 1 1 1 4 2
4 3 5 2 1 1 2 1
4 6 5 3 1 1 1 1
4 9 6 3 1 1 4 2
4 10 5 4 2 9
5 10 4 5 1 1 2 1 3 10
5 10 5 5 1 2 1 4 3 10
5 2 7 4 5 1 2 2 4 3 10
6 8 4 5 1 5 4 14
6 11 4 5 1 10 14
7 13 5 5 1 25
8 12 6 5 1 25
9 10 6 5 1 26
10 8 7 5 1 26
11 6 7 5 1 26
13 3 7 5 1 27
16 8 5 1 27
18 8 5 1 27
12 4 9 5 1 27
11 1 3 9 6 1 27
12 3 9 7 29
3 12 8 8 29
2 10 9 7 29
3 9 9 6 29
10 11 5 29
4 14 4 29