# solver=cpp-1e16a40
# cpu=AMD EPYC Processor (with IBPB)
# strategy=contra
# n_solutions=1
# solve_time=0.00100
# solver=cpp-298d4941
# cpu=AMD EPYC Processor (with IBPB)
# strategy=contra
# n_solutions=1
# solve_time=0.00100
3 3
3 3
3 3
3 3
3 3
3 3
3 3
3 3
3 3
6
5
5
1 1
5
4 1
6 5
3 9
2 3 3
2 2 2 2
8 2 2
5 4 7
2 3 3 3 3
2 3 3 8
2 2 4 4 3 3
3 1 2 2 2 3
5 4 4 2 2
2 3 3 5 3
5 3 2 6
2 4 6 4
2 2 2 3
3 3 2 2
10 3
5 6
3 4
6
5
7
9
11
11
11
11
11
9
7
5
1
3
2 2
2 2
1 1
2 2
2 2
3
2 2
5
1 1 1
5
1 1 1
5
1 1 1
5
1 1 1
5
1 1 1
---
3
6
3 3
2 6
1 5 3 5
3 9 3 3
5 3 1 2 2 2
6 2 5 4 2 5
6 2 2 3 6 7
12 3 3 7 9 3
5 1 4 4 4 2 13 2 2 11
3 1 2 2 2 1 12 2 4 1 1 1 1
4 1 4 4 4 3 14 1 10
12 3 3 18 2 4 1 1 1 1
8 2 2 3 2 14 2 2 11
8 2 4 4 2 9 3
5 3 3 4 3 7
2 8 2 5 5
4 6 3
4 3
2 2
3 2
3 3
5
3