# solver=cpp-1e16a40
# cpu=AMD EPYC Processor (with IBPB)
# isolated_core=11
# strategy=basic
# n_solutions=1
# solve_time=0.00030
2
4
6
8
6 2
4 1 2
2 1 3
2 2 2
4 19
2 2
2 2
2 2
3 2
4 14
1 2 2
1 2 2
7 11
1 1 2 2
1 1 2 2
10 8
1 1 2 2
1 1 2 2
13 5
1 1 2 2
1 1 2 2
16 3
1 1 2 2 1
1 1 4 1
19 2
1 1 5
---
2
4
6
8
6 2
4 1 2
2 1 3
2 2 20
4 3 1 1 1 1 1
2 2 1 1 1 1 1
2 2 1 1 1 1 1
2 16
2 2 1 1 1 1
3 2 1 1 1 1
1 2 3 1 1 1
1 2 2 1 1 1
1 2 2 1 1 1
1 2 3 1 1
1 3 2 1 1
1 1 2 2 1 1
1 1 2 3 1
1 1 3 2 1
1 1 1 2 2 1
1 1 1 2 3
1 1 1 3 2
1 1 1 1 2 3
1 1 1 1 2 2 1
1 1 1 1 5 1
1 1 1 1 1 2 2
1 1 1 1 1 5