# solver=cpp-6b570c1b3
# cpu=AMD EPYC Processor (with IBPB)
# isolated_core=11
# strategy=basic
# n_solutions=1
# solve_time=0.00030
3 3
5 6
1 4 8 4 2
1 19 2
1 2 1 2 2 2
3 2 2
2 5 4 2
2 4 3
7 2 7
5 2 4
9 7 4 5
3 5 9 6 3
3 10 4
3 10 3
5 10 2 2
2 4 3 2
2 2 3 2
3 3 3 3
4 7 1 4
1 9 8
1 1 8 1 2
3 6 2
1 1
1 1
1 1
3 3
2 2
2 2
2 2
2 2
---
2
2 1
3 2 5
1 3 3 5
6 7 5
2 8 8
4 6 4 1
4 1 2 3
4 1 1 2 2
2 1 1 2
2 1 4 2
2 1 11
2 2 12
2 9 5
2 9 4
2 1 5 4
2 9 2
2 1 8 3
2 1 7 2
2 1 3 2
2 1 1 2 2
2 1 2 2
5 1 2 3
5 1 3 7
3 2 2 8
2 8 4
11 2 5
8 3 2 5
2 1
2