# solver=cpp-298d4941
# cpu=AMD EPYC Processor (with IBPB)
# strategy=basic
# n_solutions=1
# solve_time=0.00100
6 2
2 3 5
4 2 2 1
4 1 2 1
2 1 3 3 2 1 1
6 1 1 1 2 1 1 1
1 2 1 1 1 2 3
1 1 2 1 2 2 1
1 1 7 3 1
1 1 1 2 4 1
1 1 1 4 1
1 2 5 1 4 1
2 1 4 1
1 3 1 2 2 4 1
1 8 4 3 1
1 3 1 6
1 5 1 1 4
7 1 6 1
3 4 8
2 13 5
1 13 4
1 14 3
18
5 8 1 1
2 6 1
2 2 3 1
1 1 1 3
1 2 1 3
8 1 2
8 8 1
---
8
1 1 3 2
3 3 2
1 2 2
2 3 2 4
1 6 5 2
1 15 2
4 4 5 2
4 1 5 2
2 2 2 5 5
4 4 1 7 3
2 1 1 1 6 2
1 1 1 1 1 7
1 2 1 1 1 7
1 1 1 1 1 1 1 11
1 2 1 1 6 1
2 3 1 1 1 5 1
2 1 1 1 2 5 1 1
9 17 1
3 2 2 1
4 7 3
6 5 2
18 1
19 1
3 2 2 2
2 2 1 5
2 2
1 2 2
2 3
4