# solver=cpp-6dc88e3e
# cpu=AMD EPYC Processor (with IBPB)
# isolated_core=11
# strategy=basic
# n_solutions=1
# solve_time=0.00030
1 1 1 1
2 2 2 2
2 2 2 2
2 2 2 2
2 2 2 2
2 2 2 2
3 2 2 3
5 2 2 5
2 3 2 2 3 2
2 4 2 2 4 2
2 3 1 1 3 2
2 3 3 2
2 2 2 2
2 2 2 2
1 3 2 2 3 1
1 4 2 2 4 1
2 4 2 2 4 2
4 4 4 4
2 4 2 2 4 2
2 5 1 1 5 2
2 3 3 2
2 2 2 2
2 3 3 2
2 2 2 2
3 2 2 3
4 2 2 4
5 2 2 5
5 5
3 3
1 1
---
13 10
13 9
2 2 1 2
2 2 2 2
3 2 2 2
2 2 2 2
2 2 2 1
2 1 2 2
2 2 2 2
1 1 3 2
10 8 8
10 8 8
0
10 8 8
10 8 8
1 1 3 2
2 2 2 2
2 1 2 2
2 2 2 1
2 2 2 2
3 2 2 2
2 2 2 2
2 2 1 2
13 9
13 10