# solver=cpp-b64f6aebe
# cpu=AMD EPYC Processor (with IBPB)
# isolated_core=11
# strategy=contra
# n_solutions=1
# solve_time=0.00070
0
0
8
3 3
2
1
2
1 8
2 3 3
1 2 2
1 1 1
3 2
2 3
2 4
1 1 2
1 1 2
1 1 1
1 1 2
1 1 1
1 2 2 1
2 1 1 1
1 2 2 1
2 1 1 1
1 2 2 1
2 3 3 2
1 8 1
2 2 2
2 2 2
3 3 2 2
8 3
0
0
0
5 5 5
1 1 1
5 5 5
1 1 1 1 1 1
1 1 1 1 1 1
5 5 5
0
---
0
3
3 3
2 2
2
1 6
12 2 1 1 1
3 3 3 1 1 1 1
3 3 3 1 1 1 1
2 2 2 1 1 4
1 1 1 1
2 2 2 1
1 1 1 1 6
1 1 1 2 1 1 1
1 1 1 1 1 1 1
1 1 1 2 1 1 1
1 1 3 1 4
1 1 2
2 2 2
1 1 1 6
1 2 2 1 1 1
3 3 1 1 1 1
3 3 2 1 1 1
8 1 1 4
2 2
2 2
2 2
3 3
8
0