# solver=cpp-a0f9b8019
# cpu=AMD EPYC Processor (with IBPB)
# isolated_core=11
# strategy=contra
# n_solutions=1
# solve_time=0.00050
2 2
2 2
2 7 2
2 4 4 2
2 2 2 2
2 2 3 2 2
2 2 7 2 2
2 1 2 2 1 2
2 2 2 2 2 2
2 1 2 1 2 1 2
2 1 1 1 1 1 2
2 1 1 1 1 1 2
2 1 1 1 1 1 2
2 1 1 1 1 1 2
2 1 2 1 2 1 2
2 2 2 2 2 2
2 1 2 2 1 2
2 2 7 2 2
2 2 3 2 2
2 2 2 2
2 4 4 2
2 7 2
2 2
2 2
2 2
---
25
25
0
8
3 3
2 2
2 6 2
2 2 2 2
1 2 2 1
2 2 2 2
2 1 1 2
1 2 2 1
1 2 6 2 1
1 2 2 1
2 1 1 2
2 2 2 2
1 2 2 1
2 2 2 2
2 6 2
2 2
3 3
8
0
25
25