# solver=cpp-1e16a40
# cpu=AMD EPYC Processor (with IBPB)
# isolated_core=11
# strategy=basic
# n_solutions=1
# solve_time=0.00030
27
1 2 2 2 2 2 2 2 2 1
27
3 6 6 3
1 1 1 2 1 1 2 1 1 1
3 6 6 3
27
1 2 2 2 2 2 2 2 2 1
27
9 9
1 2 2 1 1 2 2 1
9 9
3 3 3 3
1 1 1 1 1 1 1 1
3 3 3 3
9 9
1 2 2 1 1 2 2 1
9 9
27
1 2 2 2 2 2 2 2 2 1
27
3 6 6 3
1 1 1 2 1 1 2 1 1 1
3 6 6 3
27
1 2 2 2 2 2 2 2 2 1
27
---
27
1 2 2 2 2 2 2 2 2 1
27
3 6 6 3
1 1 1 2 1 1 2 1 1 1
3 6 6 3
27
1 2 2 2 2 2 2 2 2 1
27
9 9
1 2 2 1 1 2 2 1
9 9
3 3 3 3
1 1 1 1 1 1 1 1
3 3 3 3
9 9
1 2 2 1 1 2 2 1
9 9
27
1 2 2 2 2 2 2 2 2 1
27
3 6 6 3
1 1 1 2 1 1 2 1 1 1
3 6 6 3
27
1 2 2 2 2 2 2 2 2 1
27