# solver=cpp-d85c7576
# cpu=AMD EPYC Processor (with IBPB)
# isolated_core=11
# strategy=contra
# n_solutions=1
# solve_time=0.00050
24 24 7 7 24
1 1 1 3 3 1 1
1 1 1 3 3 1 17
1 1 1 3 1 1
1 24 1 1 1 24
0
1 2 2 3 3 3 1 1 1 1 1 1 1 1 1 1 1 1 2 2 2 3 3 1 1 1 1 1 1 3
1 1 1 1 1 1 1 1 1 1 1 1 1 1 2 2 2 1 1 1 1 1 1 1 1 1 1 1 1 1 1 1 1 1 1 1 1 1
3 2 1 1 2 2 1 2 3 1 1 2 1 1 1 1 1 2 1 1 2 1 2 2 3 1 1 1 1 1 1 1 1 1 1 1
1 1 1 1 1 1 1 1 1 1 1 1 1 1 1 1 1 1 1 1 1 1 1 1 1 1 1 1 1 1 1 1 1 1 2 2 1 1 1
1 1 2 2 3 1 3 1 1 1 2 1 1 2 1 1 1 1 1 1 2 1 1 3 1 3 1 1 1 1 1 1 3
---
1 4
1 1 1
1 4
1
1 5
1 1 1 1
1 1 1
1
1 5
1 1 1
1 3
1
5 5
1 1 1 1
1 1 1
1
1 5
1 1 1
1 1
1 3
1 1 1
1 1 1 1
1 1 3
1
5
1
1 1 5
1 1
1 1 1 3
1 1
1 1 1
1 1 1 3
1 1
1 1 5
1 1 1
1 1 2 2
1 1
1 1 5
5 1
1 1
1 1 5
1 1 1
1 1 1
1 1 1
1 1 5
1 1
1 1 5
1 1 1
1 1 1
1 1 5
0
5 3
1 1 1
1 3
1
1 5
1 1 1
2 1
1
2 3
1 1 1
2 1 1 1
2 3
2 1
1 4
2 1 1
1 1 2
2
1 3 1
1 1 1 1
1 1 3
1
1 1
5 5
1
5 4
1 1 1 1
1 1 1 4
1 1 1
1 1 1 4
1 1 1 1
1 1 1 4
1 1 1
1 1 1 5
1 1 1 1
1 1 1 1
1 1 1 1
1 1 1 5
1 1 1
1 1 1 1 1
1 1 1 2
1 1 1 1 1
1 1 1
1 1 4
1 1 1
1 1
1 1 1 2
1 1 1 1 1
1 1 2 1