# solver=cpp-a0f9b8019
# cpu=AMD EPYC Processor (with IBPB)
# isolated_core=11
# strategy=basic
# n_solutions=1
# solve_time=0.00030
1 1 3 1
1 1 1 1 1 2
1 3 1 1 10
1 1 1 1 1 2
3 1 1 3 1
0
3 3 1 1 1 1 3 1
1 1 1 1 1 2 1 1 1
3 3 3 1 2 1 2 1
1 1 1 1 1 1 1 1 1
3 1 1 1 1 1 1 3 2
0
3 3 3 2 1 3
1 1 1 1 1 1 1 1 1 1
3 1 1 1 1 1 1 1 2
1 1 1 1 1 1 1 1 1
1 3 3 2 3 3
---
5 3 1 5
1 1 1 1 1 1
1 1 3 3
0
4 5 5
1 1 1 1 1 1
4 3 5
0
5 4 5
1 1 1 1 1 1
1 1 1 4 5
1 1
5 5
1 1 1
1 3
1 5
3 5
5 1 3 1
1 1
1 5
1 1 1 1 5
1 1 1 1 1 1
1 1 1
1 5
1 1