# solver=cpp-1e16a40
# cpu=AMD EPYC Processor (with IBPB)
# isolated_core=11
# strategy=backtrack
# n_solutions=36
# solve_time=0.00550
4 1 1 3 4
1 2 1 1 1 1
3 1 1 1 1 1 4
1 1 2 1 1 1
4 1 1 3 4
0
4 1 1 3 4
1 2 1 1 1 1
3 1 1 1 1 1 4
1 1 2 1 1 1
4 1 1 3 4
0
4 1 1 3 4
1 2 1 1 1 1
3 1 1 1 1 1 4
1 1 2 1 1 1
4 1 1 3 4
0
0
0
0
4 1 1 3 4
1 2 1 1 1 1
0
0
0
3 1 1 1 1 1 4
1 1 2 1 1 1
4 1 1 3 4
0
---
5 5 5 2 3
1 1 1 1 1 1 1 1 1 1 1 1
1 1 1 1 1 1 1 1 1 1 1 1
1 1 1 1 1 1 1 1
0
0
5 5
1 1 2 3
1 1 1
1 1 1
5 5 1
2 3
0
5 5
1 1 1
1 1 1 2 3
3 1 1 1
5 1 1
1 2
0
5 5
1 1 1 1 2 1 1
1 1 1 1 1 1 1
3 3 1 1 1
1 3
0
3 1 3 1 3 1
1 1 1 1 1 1 1 1 1
1 1 1 1 1 1 1 1 1
1 3 1 3 1 3