# solver=cpp-1e16a40
# cpu=AMD EPYC Processor (with IBPB)
# isolated_core=11
# strategy=basic
# n_solutions=1
# solve_time=0.00030
17 7
19 7
21 7
21 7
22 7
22 7
23 7
23 7
23 7
24 7
24 7
16 6 7
15 5 7
15 5 7
15 6 7
16 7 7
27 7
27 7
28 7
28 7
24 7
24 7
24 7
24 7
24 7
24 7
24 7
21 6
18 6
16 6
14 6
14 6
14 6
14 6
14 6
14 6
14 6
14 6
14 6
14 6
---
25
26
27
28
40
40
40
40
40
40
40
40
40
40
40
12 25
11 24
11 24
11 14
12 15
27
25
22
18
9 10
2 6 10
4 4 11
6 2 11
9 12
11 20
14 10
16 10
16 9
25
22
18
9
6
4
2