# solver=cpp-86fd3e96b
# cpu=AMD EPYC Processor (with IBPB)
# isolated_core=11
# strategy=basic
# n_solutions=1
# solve_time=0.00030
7
2 2
1 1
1 5 1
1 5 1
1 1 1 1 4
2 2 1 3 3
7 7 8
3 1 1 1 1 3
12 1 1 1 1 1 1 1 1 1 1 6
1 1 2 1 1 1 1 1
1 1 1 1 1 1
1 3 2 1 1 1 1 2 1 2 3 1 1 2 1
1 3 2 1 3 1 2 1 2 3 3 2 1
3 1 3 2 1 5 3 1
24 5 9
1 1
1 5
1 17
22 7 3
1 17
7 1 1 1 1 1 5 1 1
7 1 4 17
7 1 2 1 1
1 1 2 1 4 17
1 1 2 1 4 17
1 1 1 1 4 1 2 2 3 1
1 1 2 1 1 4 1 1 1 3 1
1 1 1 1 6 3 3
1 1 2
---
1 2 1 1 3 1 1 1
2 1 1 4 1 1
2 4 1 3 1 1 1
2 4 1 4 1 1
1 4 1 3 1 1 1
6 1 1 1 9
2 2 1 2 1 1 4
1 2 1 1 2 1 1
1 3 1 1 1 1
1 2 22
1 3 1 1 1 1
1 2 1 7 1
2 2 3 1
6 6 1 2
4 1 1 1
1 2 1 1 2 5
1 2 1 1 7
1 4 1 7
1 2 4 1 2 5
1 1 1
11 1 1
1 1 11
1 1 2 1 1 1 1 2 1
2 2 1 1 3 2
1 1 3 1 2
2 2 6 3
1 1 4 6 4
1 11 2
2 1 4 6 4
2 2 6 3
2 1 3 1 2
1 1 1 3 2
9 1 1 1 2
3 1 1 1 4
7 1 1 1 4
1 1 1 1 1 4
1 2 1 1 1 1 2 1
2 2 1 11
2 1 1 1
2 4 1