# solver=cpp-b64f6aebe
# cpu=AMD EPYC Processor (with IBPB)
# isolated_core=11
# strategy=basic
# n_solutions=1
# solve_time=0.00040
2 2
3
1 2 2
3 2 2 2 2 2
1 1 3 3 3 3 3
3 1 1 1 1 1
40
3
40
3
1 3 3
1 2 2 2 2
1 2 1 2 3 2 1 2
1 2 3 2 2 2 2 3 1
1 1 2 2 2 1 2 2
2 14 2 3 2 10
5 2 2 2 2
2 1 3 1 13 1 5
4 1 1 1 1 2 2 1 1 1 1
2 1 3 1 1 3 3 1 1 5
2 1 1 1 1 1 1 1 1 1
1 2 1 7 1 1 3 3 1 1
1 2 1 1 1 3 3 1 1 3 3
1 2 1 3 3 1 1 1 1 1 1 1 1
2 1 3 3 1 1 3 3 1 1 3 3
2 1 1 1 1 1 1 1 1 1 1 1 1 1
1 2 1 1 1 1 1 1 1 3 3 1 1
1 2 1 3 3 1 1 3 3 1 1 3 3
1 2 1 1 1 1 1 1 1 1 1
2 1 3 3 1 1 3 3 1 1 3 3
2 1 3 3 1 1 1 1 1 1 1 1
1 2 1 1 1 1 1 4 3 3 1 1
1 4 1 1 1 1 4 3 3 4 3 3
1 4 3 3 4 4 1 1 1 1
4 4 5 4 3 3
4 4 4
4 5 4 5 4 5
4 1 1 4 1 1 4 1 1
4 1 1 4 1 1 4 1 1
4 1 1 4 1 1 4 1 1
---
1 1 1 2 1 3 3 3
2 1 1 2 1
2 5 24
2 36
1 5 2 8
1 1 26
1 1 1 3
2 1 1 2 1 1 5 5
2 1 1 2 1 1 2 1 2 1 1
2 1 1 2 1 1 3 1 5 5 4
1 1 1 1 2 1 1 1 1 1
1 1 2 1 1 3 1 5 5 4
1 1 1 2 1 1 2 1 2 1 1
2 1 1 2 1 1 5 5
3 1 3
1 1 1 26
1 1 2 9
1 1 1 2 9
3 1 24
2 1 1 3
1 1 1 2 1 4 4 4
1 1 2 1 1 2 1 2 1 2 1 1
1 1 2 1 1 4 4 4 1 4
1 1 1 1 2 1 1 1
2 1 1 2 1 1 4 4 4 1 4
3 1 2 1 1 2 1 2 1 2 1 1
1 1 1 2 1 4 4 4
1 1 3
1 1 24
1 1 2 8
1 1 1 2 8
2 1 1 26
3 1 3
1 1 1 2 1 3 3 3
1 1 2 1 3 1 1 1 1 1 1 1
1 1 2 1 1 1 1 3 3 3 4
1 1 1 1 2 1 3 1
3 1 2 1 1 1 1 3 3 3 4
2 1 1 2 1 3 1 1 1 1 1 1 1
1 1 1 2 1 3 3 3