# solver=cpp-1e16a40
# cpu=AMD EPYC Processor (with IBPB)
# isolated_core=11
# strategy=backtrack
# n_solutions=352
# solve_time=0.00250
3 3 4 2 2 4
3 3 6 2 2 6
2 2 2 2 2 2 2 2
2 2 2 2 3 3 2 2
2 2 2 2 8 2 2
2 2 2 2 2 2 2 2 2
2 2 2 2 2 2 2 2
2 2 2 2 2 2 2 2
2 2 2 2 2 2 2 2
9 2 2 2 2 2 2
9 2 2 2 2 2 2
2 2 2 2 2 2 2 2
2 2 2 2 2 2 2 2
2 2 2 2 2 2 2 2
2 2 2 2 2 2 2 2
2 2 2 2 2 2 2 2
2 2 2 2 2 2 2 2
2 2 2 2 2 2 2 2
3 3 6 2 2 6
3 3 4 2 2 4
---
20
20
2 2 2
2
2
2
2
20
20
2 2
14
16
2 2
2 2
2 2
2 2
2 2
2 2
16
14
2
20
18
2
2
2
2
18
20
2
14
16
2 2
2 2
2 2
2 2
2 2
2 2
16
14