# solver=cpp-86fd3e96b
# cpu=AMD EPYC Processor (with IBPB)
# isolated_core=11
# strategy=basic
# n_solutions=1
# solve_time=0.00030
25
1 1
1 1 1 3 1 1 3 1
1 1 1 1 1 1 1 1 1
1 3 2 1 1 1 1 1
1 1 1 1 1 1 1 1 1
1 1 1 3 3 3 3 1
1 1
25
1 3 1 1 1 5 2
1 3 1 1 1 2 1 5 2
1 1 1 1 1 1 1 3 2
1 1 1 1 1 1 1 2 3 1 2
1 1 1 2 1 1 2
25
1 1
25
1 2 2 2 2 1
1 1 1 2 2 1
25
---
20
1 1 1 1 1
1 5 1 2 1
1 5 3 1 2 1
1 1 5 1 1 1
1 5 1 1 1 2
1 7 1 1
1 5 1 1 2 1
1 1 1 1 1 3 1 2 1
1 1 1 1 1 1 1
1 7 1 2
1 5 1 1 1 1
1 1 1 1 3 2 1
1 1 1 1 2 2 1
1 1 1 1 1 1
1 5 7 1 2
1 1 1 1 1 2
1 1 5 1 1 1
1 5 1 2 1
1 5 7 2 1
1 1 1 3 1 1 1
1 5 3 1 1 1 2
1 1 1 1 2
1 7 1 1
20