# solver=cpp-b64f6aebe
# cpu=AMD EPYC Processor (with IBPB)
# isolated_core=11
# strategy=basic
# n_solutions=1
# solve_time=0.00020
35
1 1 1
1 1 1
1 1 1
1 1 1
1 14 1 3 3 4
1 1 1 3 2 2 2 2 2
1 1 10 1 2 3 3 1
1 1 1 1 1 1 1 1 1 1 1
1 1 1 1 1 1 1 2 3 3 1
1 1 1 3 2 2 2 2 2
1 14 1 3 3 4
1 1 1
1 1 1
1 1 1
1 1 1
1 1 1
35
1 1 1
1 6 1 1
1 2 2 1 1
1 3 3 1 2 2 3
1 2 2 2 2 1 2 2 2 1
1 1 4 1 1 14 1
1 1 2 1 1 2 2 2 1
1 1 4 1 1 2 2 2 1
1 1 2 2 1 1 14 1
1 4 4 3 2 2 1
1 2 2 2 2 2 1
1 2 2 1 2 2 1
1 6 1 1
1 1 1
1 1 1
1 1 1
35
---
35
1 1 1
1 7 1 1
1 1 1 1 6 1
1 1 3 1 1 2 2 1
1 1 1 1 1 2 3 1
1 1 1 1 1 4 2 2 1
1 1 3 1 1 1 2 2 1 1
1 1 1 1 1 1 3 1 1
1 1 1 1 1 1 3 1 1
1 1 3 1 1 1 2 2 1 1
1 1 1 1 1 4 2 2 1
1 1 1 1 1 2 3 1
1 1 3 1 1 2 2 1
1 1 1 1 6 1
1 7 1 1
1 1 1
35
1 2 2 1 2 1
1 2 2 1 1 2 1
1 1 1 1 1 2 1 1
1 2 2 1 4 2 1
1 2 2 1 2 3 1
1 3 1 2 2 1
1 2 2 1 3 2 1 1
1 2 2 1 1 4 2 1
1 1 1 1 2 3 1
1 2 2 1 2 2 1
1 2 2 1 3 2 1
1 3 1 1 4 1
1 2 2 1 2 1 1
1 2 2 1 2 1 1
1 1 1 1 3 1 1
1 2 2 1 1 1
35