# solver=cpp-1e16a40
# cpu=AMD EPYC Processor (with IBPB)
# isolated_core=11
# strategy=basic
# n_solutions=1
# solve_time=0.00040
50
1 3 3 1 3 3 3 1 3 3
1 3 3 1 3 3 3 1 3 3
1 3 3 1 3 3 3 1 3 3
1 3 3 1 3 3 3 1 3 3
1 3 3 1 3 3 3 1 3 3
1 3 3 1 3 3 3 1 3 3
1 3 3 1 3 3 3 1 3 3
1 3 3 1 3 3 3 1 3 3
1 3 3 1 3 3 3 1 3 3
1 1 1 1 1 1 1 1 1 1
1 1 1 1 1 1 1 1 1 1
1 1 1 1 1 1 1 1 1 1
1 1 1 1 1 1 1 1 1 1
1 1 1 1 1 1 1 1 1 1
1 1 1 1 1 1 1 1 1 1
1 1 1 1 1 1 1 1 1 1
1 1 1 1 1 1 1 1 1 1
1 1 1 1 1 1 1 1 1 1
50
---
20
1 1
1 1
1 1
10 1
20
10 1
1 1
1 1
10 1
20
10 1
1 1
1 1
1 1
20
1 1
1 1
1 1
10 1
20
10 1
1 1
1 1
10 1
20
10 1
1 1
1 1
10 1
20
10 1
1 1
1 1
1 1
20
1 1
1 1
1 1
10 1
20
10 1
1 1
1 1
10 1
20
10 1
1 1
1 1
1 1