# solver=cpp-6b570c1b3
# cpu=AMD EPYC Processor (with IBPB)
# isolated_core=11
# strategy=basic
# n_solutions=1
# solve_time=0.00020
50
1 1
1 10 1
1 1 1 1 2 1
30 16 1
2 1 1 1 1
30 16 1
1 1 2 2 3 1
1 11 2 2 1
1 5 2 1 1
1 30 14
1 1 1 1 2
1 30 13
1 2 5 1 1 1
1 2 6 2 1 1
1 1 7 3 1
1 4 3 2 1
1 1 7 2 1
1 3 4 2 1
1 4 2 1
1 5 2 1
1 4 3 1
1 4 3
1 4 1
50
---
25
1 3 1
1 1 1 3 1
1 1 1 1 1 1
1 1 1 1 1 1
1 1 1 1 1 1
1 1 1 1 1 1
1 1 1 1 1 1
1 1 1 1 1 1
1 1 1 1 1 1
1 1 1 1 1 1
1 1 1 1 1 1
1 1 1 1 1 1
1 1 1 1 1 1
1 1 1 1 1 1
1 1 1 1 1 1
1 1 1 1 1 1
1 1 1 1 1 1
1 1 1 1 1 1
1 1 1 1 1 1
1 1 3 1 1 1
1 1 1 1 1 1 1
1 1 1 1 1 1 3 1
1 1 1 1 1 3 3 1
1 1 1 1 1 2 1 1 1
1 3 1 1 1 1 4 1
1 1 1 1 3 1 2 1 1
1 1 1 1 3 4 1 1
1 1 1 5 4 1 1
1 9 9 1
1 1 3 10 1
1 1 13 1
1 5 7
1 1 1 2 5
1 3 3 3
1 2 1 2 2
1 1 1 2 1
1 1 2 3 1
1 1 2 1 3 1
1 1 3 1 1 2 1
1 1 1 3 1 2 1
1 1 1 1 6 1
1 1 1 1 1 2 1
1 1 1 1 1 2 1
1 1 1 1 1 2 1
1 1 1 1 1 2 1
1 1 1 1 1 1 1
1 3 1 1 2 1
1 3 1 1
25