# solver=cpp-86fd3e96b
# cpu=AMD EPYC Processor (with IBPB)
# isolated_core=11
# strategy=basic
# n_solutions=1
# solve_time=0.00020
1 8 8 1
1 1 1 1 1 1
1 1 4 1 1 4 1 1
1 1 1 1 1 1 1 1 1 1
1 1 2 1 1 1 1 2 1 1
1 1 2 1 1 1 1 2 1 1
1 1 1 1 1 1 1 1
1 6 1 1 6 1
1 1 1 1
10 10
1 1 1 1 1
10
1 1 1 1 1
10
1 1 1 1 1
10
1 1 1 1 1
10
1 1 1 1 1
10
10 10
1 1 1 1
1 6 1 1 6 1
1 1 1 1 1 1 1 1
1 1 2 1 1 1 1 2 1 1
1 1 2 1 1 1 1 2 1 1
1 1 1 1 1 1 1 1 1 1
1 1 4 1 1 4 1 1
1 1 1 1 1 1
1 8 8 1
---
10 10
1 1
8 1 1 8
1 1 1 1 1 1
1 4 1 1 1 1 4 1
1 1 2 1 1 1 1 2 1 1
1 1 1 1 1 1 1 1
1 6 1 1 6 1
1 1 1 1
10 10
2 3 3
3 3 1
2 3 3
3 3 1
2 3 3
3 3 1
2 3 3
3 3 1
2 3 3
3 3 1
10 10
1 1 1 1
1 6 1 1 6 1
1 1 1 1 1 1 1 1
1 1 2 1 1 1 1 2 1 1
1 4 1 1 1 1 4 1
1 1 1 1 1 1
8 1 1 8
1 1
10 10