# solver=cpp-400bd85f2
# cpu=AMD EPYC Processor (with IBPB)
# isolated_core=11
# strategy=basic
# n_solutions=1
# solve_time=0.00030
0
0
0
34
2 2
3 3 3 3 3 3 3 6
3 3 3 3 3 3 3 2
2 1 1 1 1 1 1 2
1 1
2 2 2 2 2 2
2 2 2 2 2 1
1 6 6 6 8
2 6 6 6 8
2 1 2 1 1 2 1 1 2 1 1 2 3
3 1 2 1 1 2 1 1 2 1 1 2 1 2
5 2 3 2 3 2 3 2 4
5 2 3 2 3 2 3 2 4
1 1 2 2 2 2 2
3 4 4 4 4 2
3 1 1 1 1 1 1 1 1 2
3 1 1 1 1 1 1 1 1 2
3 2 2 2 2 2 2 2 2 3
2 2 2 2 2 2 2 2 2 2
2 2
30
2 1
27
40
0
0
---
1
1
8 1
3 5 5 1
3 15 1
1 3 2 2 3 1
1 4 6 2 4
1 2 2 5 1 2
1 1 10 1 2
1 2 10 1 2
1 2 2 5 1 2
1 2 6 2 1 2
1 1 2 1 2
1 2 6 2 1 2
1 2 2 5 1 2
1 2 10 1 2
1 1 10 1 2
1 2 2 5 1 2
1 2 6 2 1 2
1 2 2 1 2
1 1 6 2 1 2
1 2 2 5 1 2
1 2 10 1 2
1 2 10 1 2
1 1 2 5 1 2
1 2 6 2 1 2
1 2 2 1 2
1 2 6 2 1 2
1 1 2 5 1 2
1 2 10 1 2
1 2 10 1 2
1 2 2 5 1 2
1 1 3 2 2 4
1 3 8 2 1
1 2 3 2 3 1
3 10 1
3 8 1
1
1
1