# solver=cpp-d85c7576
# cpu=AMD EPYC Processor (with IBPB)
# isolated_core=11
# strategy=basic
# n_solutions=1
# solve_time=0.00030
21
1 1 1
9 3 1 3 1
1 1 1 1
3 13 1 1
1 1 1 1 1 1 1
1 1 1 3 1 7 1
1 1 1 1 1 1
1 1 3 7 1 3
1 1 1 1 1 1
1 3 1 1 5 3 1
1 1 1 1 1 1 1
3 1 1 3 3 1 3
1 1 1 1 1 1
1 7 9 1
1 1 1 1
1 1 3 7 3 1
1 1 1 1 1 1
1 1 1 7 1 1 3
1 1 1 1
21
---
3 17
1 1 1 1 1
1 1 7 1 1 5
1 1 1 1 1
1 1 5 5 1 3
1 1 1 1 1 1 1
1 1 3 5 5 1
1 1 1 1 1 1 1
1 1 1 1 7 1 1 1
1 1 1 1 1 1 1
7 1 3 1 1 1 1
1 1 1 1 1 1 1 1 1
1 1 1 3 1 3 1 1 1
1 1 1 1 1 1 1 1 1
1 3 1 1 1 1 1 5
1 1 1 1 1
1 1 1 9 3 1
1 1 1 1 1 1 1
1 5 1 1 1 3 1 1
1 1 1 1 1
19 1