# solver=cpp-400bd85f2
# cpu=AMD EPYC Processor (with IBPB)
# isolated_core=11
# strategy=basic
# n_solutions=1
# solve_time=0.00030
35
1 1
1 1
1 1
1 1
1 1
1 1
1 1
1 4 1
1 6 1
1 8 1
1 4 8 1
1 6 8 1
1 9 8 1
1 4 6 6 1
1 4 6 4 1
5 9 1
4 24 1
1 27
1 20 4 1
1 3 6 6 2 1
3 2 2 2 2 2 2 2 1
1 2 2 2 2 2 2 2 2 1
3 2 2 2 2 2 2 2 2
1 2 2 2 2 2 2 2 2 1
3 2 2 2 2 2 2 2 2
1 2 2 2 2 2 2 1
1 2 2 2
1 1
35
---
30
1 2 1 1 1 1
1 3 1 1 1 1
1 4 1 1 1 1
1 4 1 1 1 1
1 4 1 1 1 1 1
1 4 2 1 1 1 1
1 3 2 1 1 1 1
1 3 3 1 1 1 1
1 4 3 1 1 1 1
1 3 4 1 1 1 1
1 8 1 1 1
1 8 1 1 1
1 8 1 1 1
1 8 1 1 1
1 6 1 1 1 1
1 4 6 1 1 1 1
1 6 4 1 1 1 1
1 12 1 1 1 1
1 8 4 1 1 1 1
1 8 4 1 1 1 1
1 8 5 1 1 1 1
1 6 5 1 1 1 1
1 4 4 1 1 1 1
1 4 1 1 1 1
1 3 1 1 1 1
1 3 1 1 1 1
1 2 1 1 1 1
1 2 1 1 1 1
1 3 1 1 1 1
1 3 1 1 1 1
1 3 1 1 1 1
1 3 1 1 1 1
1 1 1 1 1 1
30