# solver=cpp-6b570c1b3
# cpu=AMD EPYC Processor (with IBPB)
# isolated_core=11
# strategy=contra
# n_solutions=1
# solve_time=0.00100
9
4 4
3 3
3 3
2 2
2 2
3 3
3 3
1 4 4 1
1 9 1
1 1
1 1
1 1
1 4 4 1
1 2 2 2 2 1
1 1 3 1 1
1 1 1 1
1 2 2 1
2 1 1 2
1 2 2 1
2 2 2 2
2 2 2 2
2 2 2 2
2 2 2 2
2 1 1 2
1 3 1
2 1 2
1 1 1
2 1 2
1 1 1
2 1 2
2 1 2
2 1 2
2 1 2
2 1 2
1 1 1
2 1 2
1 1 1
1 3 1
1 5 1
1 7 1
1 3 3 1
1 3 3 1
1 2 2 1
1 2 2 1
1 1 1 1
1 1 1 1
1 1 1 1
3 3 3 3
2 2 4 4 2 2
2 3 5 3 2
3 4 4 3
3 7 3
4 4
9
---
2 2
4 4
1 1 1 1
2 13 14 2
1 1 3 3 2 1
2 2 4 2 2 5 1 2
1 1 2 3 2 2 2 1 2 1
1 1 1 2 2 2 2 2 1 1
2 2 1 2 2 2 2 1 1 2
1 1 2 2 3 3 3 1 2 1
1 1 1 2 3 3 2 1 1
1 1 1 3 3 1 1 1
1 1 1 16 1 1 1
1 1 1 3 3 1 1 1
1 1 1 2 3 3 2 1 1
1 1 2 2 3 3 3 1 2 1
2 2 1 2 2 2 2 1 1 2
1 1 1 2 2 2 2 2 1 1
1 1 2 3 2 2 2 1 2 1
2 2 4 2 2 5 1 2
1 1 3 3 2 1
2 13 14 2
1 1 1 1
4 4
2 2