# solver=cpp-6b570c1b3
# cpu=AMD EPYC Processor (with IBPB)
# isolated_core=11
# strategy=contra
# n_solutions=1
# solve_time=0.00030
4 16 4
5 5
2 2
2 2
2 3 3 2
1 2 3 1 4 1
1 2 3 1 2 2 1
1 1 2 2 1 1
1 1 2 2 1 1
1 4 4 1
1 6 1
1 8 1
1 8 1
1 8 1
1 2 6 2 1
2 2 2 2
2 12 2
3 3
2 3 3 2
3 16 3
---
1 1
1 1
1 12 2
2 2 4
3 2
2 2
1 1
2 3 1 2
1 2 1 2 1
1 1 1 2 1
1 1 1 1 1
1 3 2 3 1 1
1 5 5 1 1
1 3 5 1 1
1 5 1 1
1 5 1 1
1 3 5 1 1
1 1 2 5 1 1
1 3 2 3 1 1
1 3 1 1 1
1 1 1 2 1
1 2 1 2 1
2 3 1 2
1 1
2 2
3 2
2 2 4
1 12 2
1 1
1 1