# solver=cpp-6b570c1b3
# cpu=AMD EPYC Processor (with IBPB)
# isolated_core=11
# strategy=basic
# n_solutions=1
# solve_time=0.00020
1 2
2 1 1 1
2 1 2 1
2 1 1
1
1 1 2 1
2 2 1
1 1 1 1
1 1
1 2 2 2
2 1 2
1 2 1 1
2 2
2 1
2 2 2
1 2 2 1
2 2 1 2
1 2 1
1 1 1
2
1 1 2
1 1 1 2
1 2 2
2 1 1 2
2 1 2 2
2 2 1 1
2 2 2 2 2
1 2 2 2 2
1 1 2 2 2
1 1 1 2 2
1 1 1 1 2
1 1 1 1 1
2 1 1 1 1
2 2 1 1 1
2 2 2 1 1
2 2 2 2 1
1 2 1 2 1 2
2 2 1 1 2 2
1 1 2 2 1 1
---
39
3 1 1 3 1 1 4 4 1
1 1 3 1 1 2 3 5 1 1
4 1 9 6 6
3 1 1 1 1 2 2 4 3 2
3 1 3 1 1 1 3 2 1 1 1
1 2 2 3 2 4 3 3 1
1 1 1 1 1 1 1 2 1 3 1
1 1 2 3 2 2 1 3
1 1 1 2 2 1 2
1 2 1 4
2 1 1
2 2 1
1 2
1