# solver=cpp-1e16a40
# cpu=AMD EPYC Processor (with IBPB)
# isolated_core=11
# strategy=basic
# n_solutions=1
# solve_time=0.00040
45
1 3 1
1 5 1
1 3 2 1
1 2 1
1 2 2 2 1
1 2 1 2 1 2 4 1
1 1 1 1 1 1 1 5 1
1 3 14 3 6 3 1
3 5 1 1 2 1 1 5 13 4
1 1 1 1 1 1 2 1 1 1 1 1 4 1 1 1 1
1 1 1 1 1 1 2 1 1 1 1 1 4 2 1 1 1
1 1 1 1 1 6 1 1 1 1 5 1 1 1
1 1 1 1 1 2 2 1 1 1 1 3 1 1 1
1 1 1 1 1 6 1 1 1 1 3 1 1 1
1 1 1 1 1 1 2 1 1 1 1 1 6 1 1 1
1 1 1 1 1 1 2 1 1 1 1 1 4 1 1 1 1
1 1 1 1 1 1 2 1 1 1 1 1 2 1 1 1
1 1 1 1 1 1 2 1 1 1 1 1 2 1 1 1
3 22 13 4
1 3 1 1 3 2 3 1
1 2 2 2 1
1 2 2 1
1 2 2 1
45
---
25
1 1 1 1
1 13 1
1 1 1 1
1 13 2
1 1 1 3
1 1 1 2 1
1 1 3 1
1 14 1
1 1 1 1 1
1 13 1
1 1 1 1 1
1 1 12 1
1 1 2 3 1 1
1 1 5 6 1
1 1 5 6 1
1 1 2 3 1 1
1 1 12 1
1 1 1 1 1
1 13 1
1 1 1 1 1
1 14 1
1 1 3 1
1 1 1 2 1
1 1 1 3
1 13 2
1 1 1 1
1 13 1
1 1 1 1
1 1 1 1
1 1 1 1 1
1 3 7 1 1 1
22 1
4 16 1
3 11 1 1
1 2 3 2 1 1
1 1 4 1 1 1
1 1 1 2 1 1
1 1 1 1
1 13 1
1 1 1 1
1 13 1
1 1 1 1
1 1 1 1
25