# solver=cpp-86fd3e96b
# cpu=AMD EPYC Processor (with IBPB)
# isolated_core=11
# strategy=basic
# n_solutions=1
# solve_time=0.00020
8 1 3 1 1 1 1 1
1 1 1 1 1 1 1 1 1 1
1 1 1 1 1 1 1 1
1 5 1 1 5 5 4 5 1 5 1 1 1 1 1
1 1 1 1 1 1 1 1 1 1 1 1 1 1 1 1 1
1 5 1 1 1 1 1 1 1 1 1 5 1 1 1 1 1
1 1 1 1 1 1 1 1 1 1 1 1 1 1
8 5 1 1 1 5 1 1 1 1 5 1 1 1 1 1
---
8
1 1
1 1
1 1
1 1
1 1
1 1
1 1
0
1 3
1 1 1
1 1 1
1 1 1
5
0
8
0
1 5
0
1
1
8
1 1
1 1
0
5
1 1
1 1
1 1
5
0
5
1
1
1
0
5
1
1
1
5
0
1 5
0
1 3
1 1 1
1 1 1
1 1 1
5
0
6 1
0
6 1
0
6 1
0
6 1
0
6 1
0