# solver=cpp-6b570c1b3
# cpu=AMD EPYC Processor (with IBPB)
# isolated_core=11
# strategy=contra
# n_solutions=1
# solve_time=0.00040
3 3 3 3 3 3 3
1 6 6 6 6 6 6 1
3 2 3
1 5 1
2 5 2
1 6 1
1 1 4 3
1 1 1 6 1
2 1 1 2
1 3 1
2 5 2
1 7 1
1 2 9 1
1 1 2 1 5 1 1
2 14 1 1 1 1 1 2
1 17 1 7 7 1
2 15 1 1 1 1 1 1 1 1 1 2
1 1 1 2 1 2 1 3 3 3 3 1
6 1 2 1 27
1 8 5 1 1
2 3 1 2
1 3 1
3 3 3
1 6 6 6 6 6 6 1
3 3 3 3 3 3 3
---
3 5 5 5 3
1 3 3 3 1 3 1
3 1 3
1 1 1
1 1 1 1
1 5 1
1 3 1 1
2 3 1 2
1 7 1
2 3 1 2
1 3 1 2
1 6 3
1 10
1 3 2 1
2 3 1 2
1 8 1
2 5 1 2
1 3 1 1
1 6 1
2 8 1
3 2 1 1 1
2 1 5 1 2
1 1 4 1 1
2 1 11 2
1 2 4 1 1
1 1 5 1 1
1 1 2 1 1
1 1 2 4 1
2 2 1 2 2
1 3 4 1
2 1 1 1 1 2
1 1 1 4 1
1 1 1 2 2 1
1 1 1 4 1
1 1 1 1 1
2 2 4 2
1 1 1 2 1
2 2 4 2
1 1 1 1 1
1 1 5 1
1 1 1 2 1
1 1 4 1
3 2 1 3
1 3 1 3 3 1 3 1
3 5 5 5 3