# solver=cpp-6dc88e3e
# cpu=AMD EPYC Processor (with IBPB)
# isolated_core=11
# strategy=basic
# n_solutions=1
# solve_time=0.00050
14 14
1 1
1 36 1
1 1 1 12 1 1 1
1 1 1 3 3 1 1 1
1 2 2 3 3 2 1 1
1 2 1 2 8 2 1 2 1
1 3 3 3 1 1 3 3 2 1
1 1 1 1 2 1 1 2 1 3 1
1 1 2 2 2 1 1 2 2 1 1 1
1 1 1 1 2 1 1 2 1 2 1 1
1 1 2 3 1 1 3 2 1 1
1 1 3 1 1 1 1 3 1 1
1 1 1 2 2 1 1 2 2 1 1 1
3 1 1 1 1 1 1 3
2 2 2 1 1 2 2 2
2 2 1 1 1 1 2 2
2 4 2 1 1 2 4 2
2 1 1 1 1 1 1 1 1 2
2 1 2 2 1 1 2 2 1 2
2 1 1 1 1 1 1 1 1 2
2 1 2 2 1 1 2 2 1 2
2 2 1 1 1 1 1 1 2 2
2 1 2 2 1 1 2 2 1 2
2 2 1 1 1 1 1 1 2 2
3 1 2 3 3 2 1 2
1 1 1 2 1 2 2 1 2 3 1
1 1 2 2 2 2 2 2 2 1 1 1
1 1 1 2 1 2 1 1 2 2 1 1
1 1 2 2 2 4 2 2 1 1 1
1 1 2 2 1 2 1 2 2 1 1
1 1 2 4 4 2 1 1
1 1 2 2 2 2 1 1
1 1 2 2 2 3 1 1
1 1 3 2 2 3 1 1
1 1 3 2 1 3 1 1
1 1 12 1 1
1 36 1
1 1
14 14
---
14 14
1 1
1 36 1
1 1 3 12 1 1
1 1 3 3 3 1 1
1 1 4 3 1 1
1 4 3 6 2 1 1
1 1 3 5 3 2 1 1
1 1 3 3 3 2 1 1
1 1 2 3 3 2 2 1 1
1 1 2 3 3 2 2 1 1
1 1 1 2 3 3 2 1 1 1
1 1 2 2 3 3 2 2 1 1
1 1 1 2 3 3 2 1 1 1
3 2 3 3 1 3
2 1 3 4 2
2 2 3 3 2
2 1 3 2 2
2 24 4
2 1 3 3
2 1 2 2
2 24 4
2 1 3 2 2
2 2 3 3 2
2 1 3 4 2
3 2 3 3 1 3
1 1 1 2 3 3 2 1 1 1
1 1 2 2 3 3 2 2 1 1
1 1 1 2 3 3 2 1 1 1
1 1 2 3 3 2 2 1 1
1 1 2 3 3 2 1 1 1
1 1 3 3 3 2 1 1
1 1 3 5 3 2 1 1
1 4 3 6 2 1 1
1 1 3 3 1 1
1 1 3 3 3 1 1
1 1 3 13 1 1
1 36 1
1 1
14 14