# solver=cpp-6dc88e3e
# cpu=AMD EPYC Processor (with IBPB)
# isolated_core=11
# strategy=basic
# n_solutions=1
# solve_time=0.00020
28
28
2 2
2 2
2 2
2 2
2 2
2 2
2 2
2 2
2 2
2 2
2 2
40
40
2 2 2 2
2 2 2 2
2 2 2 2
2 2 2 2
2 2 2 2
2 2 2 2
2 2 2 2
2 2 2 2
2 2 2 2
2 2 2 2
40
40
40
40
40
2 5 5 2
2 5 5 2
2 5 5 2
2 5 5 2
2 5 5 2
2 5 5 2
2 5 5 2
2 5 5 2
2 5 5 2
2 5 5 2
---
27
27
2 5
2 5
2 5
2 15
40
40
2 2 15
2 2 15
2 2 5
2 2 5
2 2 5
2 2 5
2 2 5
2 2 5
2 2 5
2 2 5
2 2 5
2 2 5
2 2 5
2 2 5
2 2 5
2 2 5
2 2 5
2 2 5
2 2 5
2 2 5
2 2 5
2 2 5
2 2 15
2 2 15
40
40
2 15
2 5
2 5
2 5
27
27