# solver=cpp-6b570c1b3
# cpu=AMD EPYC Processor (with IBPB)
# isolated_core=11
# strategy=basic
# n_solutions=1
# solve_time=0.00030
30
3 1
2 1 1
2 1 1
2 1 1
2 1 1
1 1 15 1
1 1 1 3 1
1 1 1 2 1 1
1 1 1 2 1 1
1 1 1 2 1 1
1 1 1 2 1 1
1 1 1 2 1 1
1 1 1 2 1 1
1 1 7 1 1
1 1 1 1 1 1
1 1 1 1 1 1
1 1 1 1 1 1
1 1 1 1 1 1
1 1 1 1 1 1
1 1 1 1 1 1
1 1 1 1 1 1
1 1 1 1 1 1
1 1 1 1 1 1
1 1 1 1 1 1
1 1 1 1 1 1
1 1 1 1 1 1
1 1 1 1 1 1
1 1 1 1 1 1
1 1 1 1 1 1
1 1 1 1 1 1
1 1 1 1 1 1
1 1 1 1 1 1
1 1 1 1 1 1
1 1 1 1 1 1
1 1 1 1 1 1
1 3 1 1 3 1 1 3 1
7 7 7
5 5 5
---
33
2 2
2 3
2 3
2 3
2 2
38
1
1
1
1
1
1
1
1 32
1 1 1 2
1 1 1 3
1 1 1 3
1 1 1 3
1 1 1 2
1 1 25
1 1 2
1 1 2
1 1 2
1 1 2
1 1 2
1 3
1 2
1 32
1 2
1 3
1 3
1 3
1 2
38