# solver=cpp-b64f6aebe
# cpu=AMD EPYC Processor (with IBPB)
# isolated_core=11
# strategy=backtrack
# n_solutions=16
# solve_time=0.00040
5 5
1 1 1 1
1 1 1 1
1 1 1 1
1 3 3 1
1 5 5 1
1 7 7 1
7 7
1 5 5 1
3 3 3 3
5 1 1 5
3 1 1 3
1 1
0
0
0
0
0
0
0
0
0
1 1
1 1
3 3
5 5
7 7
7 7
5 5
3 3
1 1
1 1
0
1
1
3
5
7
7
5
3
1
1 1 1
3 1 1 3
5 1 1 5
3 3 3 3
1 5 5 1
7 7
1 7 7 1
1 5 5 1
1 3 3 1
1 1 1 1
1 1 1 1
1 1 1 1
5 5
---
2 1 1 2
1 3 3 2 1
1 3 5 5 3 1
1 2 3 3 1
2 1 1 2
0
0
2 2 2
4 4 4
6 6 6
10 10 10
6 6 6
4 4 4
2 2 2
2
4
6
10
6
4
2
2 2 2
4 4 4
6 6 6
10 10 10
6 6 6
4 4 4
2 2 2
0
0
2 1 1 2
1 3 3 2 1
1 3 5 5 3 1
1 2 3 3 1
2 1 1 2