# solver=cpp-400bd85f2
# cpu=AMD EPYC Processor (with IBPB)
# isolated_core=11
# strategy=contra
# n_solutions=1
# solve_time=0.00030
12 14
2 1
2 3 1
3 3 1
4 2 1
3 2 2 2 1
3 4 3 4 1
3 4 3 4 1
1 4 3 4 3 1
1 6 5 1
1 7 8 1
1 8 7 1
1 8 3 4 1
1 3 4 3 3 1
1 3 3 3 3 1
1 3 3 3 2
3 2 3 3
2 3 2 11
4 3 6 4
10 2
8
4 2 2 4
9 3
1
30
---
1 2 8 1 2
1 5 2 1 1
1 7 1 1 1
1 6 1 1 1
1 4 2 2 1
1 3 1 1 1
1 3 1 1 1
1 8 1 1 1
1 12 1 1 1
1 4 10 1 1
1 2 3 6 1 1
1 2 3 1 1
2 3 1 2 1
6 4 2 1 1
8 4 1 1
3 6 1
1 3 4 1
1 3 1 1 1
1 2 2 2 1
1 9 1 1 1
1 13 1 1
1 4 8 1 1
1 2 2 3 1 1
1 3 1 1 1
1 4 1 1 1
1 4 2 2 1
1 7 1 1
1 5 2 1
1 4 2 1
15 1 1 1