# solver=cpp-6b570c1b3
# cpu=AMD EPYC Processor (with IBPB)
# isolated_core=11
# strategy=contra
# n_solutions=1
# solve_time=0.00040
1 1 5 1 5 1 5 1 5 1 5 1
1 1 5 1 5 1 5 1 5 1 5 1
1 1 5 1 5 1 5 1 5 1 5 1
1 1 5 1 5 1 5 1 5 1 5 1
1 1
1 1
1 1 1 1 1 1 1 1 1 1 1 1 1 1 1 1 1
1 1 1 1 1 1 1 1 1 1 1 1 1 1 1 1 1
1 1 1 2 1 1 2 1 1 1 1 1 1 1 1 1 1
1 1 1 1 1 2 1 2 1
1 3 3 5 1
1 2 2 1 1
1 3 1 1
1 5 1 1
1 3 3 1 1
1 1 1 1 1 1 1
1 1 1 2 1 1 2 1 1 1 1 1 1 1 1
1 1 1 1 1 1 1 1 1 1 1 1 1 1 1
1 1 1 1 1 1 1 1 1 1 1 1 1 1 1
1 1
1 1
1 1 5 1 5 1 5 1 5 1 5 1
1 1 5 1 5 1 5 1 5 1 5 1
1 1 5 1 5 1 5 1 5 1 5 1
1 1 5 1 5 1 5 1 5 1 5 1
---
17
4 4
3 3
4 4
3 3
4 4
4 4
4 3 3 4
4 3 3 4
4 2 2 4
13
4 2 4
13
4 2 2 4
4 3 3 4
4 3 3 4
4 4
4 4
3 3
4 4
3 3
4 4
4 4
4 4
4 4
4 4
3 3
4 4
3 3
4 4
4 4
4 4 4
4 2 4
4 1 4
13
4 1 4
2
4 4 4
4 4
4 4
4 3 3 4
4 4
3 3
4 4
17