# solver=cpp-a0f9b8019
# cpu=AMD EPYC Processor (with IBPB)
# isolated_core=11
# strategy=basic
# n_solutions=1
# solve_time=0.00030
35
1 1
1 1
1 1
1 1
1 1
1 1
1 1
1 1
19 1
1 1 1
1 2 1
1 2 1
1 1 1
1 2 1
1 2 1
1 2 1
1 1 1 1
1 2 3 1
1 1 1 1 1
1 2 2 2 1
1 2 1 1 1
1 1 2 2 1
1 2 1 1 1
35
1 1
1 1
1 1
1 1
1 1
1 1
1 1
1 1
1 1
35
---
35
1 1 1 1
1 1 1 1
1 1 1 1
1 1 1 1
1 1 1 1
1 1 1 1
1 1 1 1
1 1 1 1
1 1 2 1
1 1 4 1
1 1 2 1 1
1 1 3 1 1
1 1 3 1 1
1 1 2 1 1
1 1 2 1 1
1 1 3 1 1
1 1 2 1 1
1 3 1 1
1 3 1
1 3 1 1
1 3 1 1
1 2 1 1
1 3 1 1
1 3 1 1
1 3 1
1 1 1
1 1 1
1 1 1
1 1 1
1 1 1
1 1 1
1 1 1
1 1 1
35