# solver=cpp-86fd3e96b
# cpu=AMD EPYC Processor (with IBPB)
# isolated_core=11
# strategy=contra
# n_solutions=1
# solve_time=0.00030
3 3 3 3 6 3 3 3 3
1 3 3 3 3 4 3 3 3 3 1
2 2
2 3 2 2 1 1 2 2 2
1 1 1 1 1 1 2 2 1
1 3 2 2 1 1 2 2 1
2 1 1 1 1 1 2 2 2
2 3 1 1 1 1 2 2 2
1 1 1 1 1 1 2 2 1
1 3 1 1 1 1 2 2 2 1
1 1 1 1 1 1 2 2 2 1
1 3 1 1 1 1 2 2 2 1
2 1 1 1 1 1 2 2 2 2
2 3 2 2 1 1 2 2 2 2
1 1 3 1 1 2 2 2 1
1 3 1 1 1 2 2 2 1
2 2
2 2
1 3 3 3 3 4 3 3 3 3 1
3 3 3 3 6 3 3 3 3
---
3 3 2 3 3
1 3 3 3 3 1
2 2
2 2
1 1
1 13 1
2 1 1 1 1 1 1 1 2
2 1 1 1 1 1 1 1 2
1 1
1 1
2 1 1 2
2 11 2
1 2 1
1 2 1
2 2 2
2 11 2
1 1 1 1
1 1
2 2
2 13 2
2 2
2 13 2
1 1
1 1
2 1 1 1 2
2 2 3 2 2
1 2 2 2 2 1
1 1 3 1 3 1 1
2 2 1 3 1 2 2
2 2 2 2 2 2
1 3 1 3 1 1
1 1 2 1 2 1
2 2 2 2
2 3 2
1 1 1
1 1
2 2
2 2
1 3 3 3 3 1
3 3 2 3 3