# solver=cpp-b35e477
# cpu=AMD EPYC Processor (with IBPB)
# strategy=basic
# n_solutions=1
# solve_time=0.00010
0
0
17
3 2
1 2 2 2
1 2 4 2
1 2 2 2
1 2 2
1 1 2 2
1 2 16
1 2 1 1
1 1 1
1 1 2 2 1
1 2 1 4 4 1
1 2 1 2 2 1
1 1 1
1 1 2 2 1
1 2 1 4 4 1
2 2 1 2 2 1
2 1 1 1
2 1 2 2 1
2 1 4 4 1
2 1 2 2 1
3 1
17
---
0
0
17
2 2
3 3 2
1 2 2 2 2
1 2 2 2 2
1 2 3 2
1 2 2
1 17
1 1 1
1 1 1
1 1 1 1 1 1 1
1 3 1 3 3 3 1
1 3 1 3 3 3 1
1 1 1 1 1 1 1
1 1 1
1 1 1
2 1 1 1 1 1
2 1 3 3 3 1
2 1 3 3 3 1
2 1 1 1 1 1
2 1 1
3 1
17