# solver=cpp-6b570c1b3
# cpu=AMD EPYC Processor (with IBPB)
# isolated_core=11
# strategy=basic
# n_solutions=1
# solve_time=0.00030
2
2 2
1 2 1
2 2 1
2 2 4
1 2 7
1 9
1 12
14
17
2 16
3 17
2 17
2 16
1 14
1 11 3
1 9 5
1 1 6 2 6
1 3 3 2 1 7
1 1 2 2 2 1 7
1 1 1 1 1 1 5 1
1 1 1 1 1 2 3 1
1 1 1 1 3 2 2 1 1
1 1 1 1 1 2 2 1 1
2 1 1 1 1 2 1 1 1
2 1 1 1 1 1 2
6 1 1 1 1 1 2
9 1 1 1 2
6 3 2 1 2
2 2 3 2
---
1 1
13 3
2 1 3
1 5
2 13
1 1 3
1 1 3
2 3 1 1
1 10 9
1 1 7 1
1 1 1 10 1
1 1 1 11 11
1 1 14 1
1 16 7
2 14 1 2
13 5 1
14 1 1 1
13 1 1 1
14 1 1 1 1 1
12 1 1 1 1
10 5 1 1 1 1
8 1 1
14 1 1 1
3 7 1
2 7 1 1 1
5 1
5 1 1 1
3 1
8
0