# solver=cpp-eb7e8a1
# cpu=AMD EPYC Processor (with IBPB)
# strategy=basic
# n_solutions=1
# solve_time=0.00040
# solver=cpp-b35e477
# cpu=AMD EPYC Processor (with IBPB)
# strategy=basic
# n_solutions=1
# solve_time=0.00040
16
1 1
1 1
1 1
1 1
1 4 4 1
1 1 1 1 1 1
1 1 1 1 1 1
1 4 4 1
1 1
1 1
1 1
1 1
1 1
1 1
30
1 1
1 1
1 1
1 1
1 5 5 1 3 1
1 4 5 1 1 1 1 1 1
1 1 5 3 3 1 1
1 1 5 1
1 7 1 1 1 1 5 1
1 1 1 1 5 1 1 1
1 1 1 1 1 5 1
1 7 1 1 1
1 1 1 1 1 1 3 5 1
1 1 1 1 1 1 1 1 1 1 1
1 1 1 1 1 1 3 1 5 1
1 4 1 1 1 1
1 1 1 5 1 3 1
1 7 1 1 1 1 1 1 1 1
1 1 1 1 1 1 1 1 3 1 1
1 3 3 5 1
1 1
1 1
1 1
30
---
0
0
0
0
0
25
1 1
1 1 5 3 1
1 1 1 1 1 1 1
1 1 1 1 1 1 1
1 5 1 3 2 1
1 1 1 1 1 1 1
16 1 1 1 1 1 1
1 1 1 1 5 3 1
1 1 1
1 4 1 16 1
1 1 1 1 4 1 1
1 1 1 1 4 1 1
1 4 1 4 1 1
1 1 16 1
1 1 1
1 4 1 2 3 3 1 1 1
1 1 1 1 1 1 1 1 2 1
1 1 1 1 1 1 1 3 1 1
1 4 1 1 1 1 1 2 1
1 1 2 3 3 1 1 1
1 1 1
16 3 1 1 1 1 3 1
1 1 1 1 1 1 1 1
1 3 3 1 1 3 1
1 1 1 1 1 1 1 1
1 3 3 3 3 1
1 1
1 1
25
0
0
0
0
0