# solver=cpp-86fd3e96b
# cpu=AMD EPYC Processor (with IBPB)
# isolated_core=11
# strategy=basic
# n_solutions=1
# solve_time=0.00020
34
1 1 1 1 1 1 1 1 1 1 1 1 1 1 1 1 1
34
1 1 1
1 1 1
3 1 3 1 3 1
5 6 6 1
1 3 2 3 2 3 1
1 1 2 1 1 1 1 1 2 1
3 1 1 3 1 1 6 2 1
6 1 6 1 4 1
4 1 4 1 4 1
4 6 1 3 1 1
3 1 3 1 1 3 1
3 2 1 1 1 2 1 1 1
1 2 2 1 1 4 1 2 1
1 1 1
34
1 1 1 1 1 1 1 1 1 1 1 1 1 1 1 1 1
34
---
1 1 3 1 1
3 1 3 2 3
1 1 3 6 1 1
3 11 3
1 1 3 5 1 1 1
3 1 3
1 1 2 1 1
3 3
1 1 2 1 1
3 2 3
1 1 1 1
20
1 1 3 1 1 1
3 1 3 3
1 1 3 7 1 1
3 9 3
1 1 3 7 1 1
3 1 1 3
1 1 2 2 1 1
3 2 3
1 1 1 1
20
1 1 2 1 1
3 1 4 3
1 1 3 7 1 1
3 8 1 3
1 1 3 5 1 1
3 1 1 3
1 1 2 2 1 1
3 3
1 1 2 1 1
3 2 3
1 1 1 1
20