# solver=cpp-b64f6aebe
# cpu=AMD EPYC Processor (with IBPB)
# isolated_core=11
# strategy=contra
# n_solutions=1
# solve_time=0.00050
1 1 1 1 1 4 5
1 1 2 1 2 1 1 1 1
3 4 4 1 1 1 2
5 1 2 1 2 1 1 1 1
1 1 1 1 1 1 5 5 1
0
30
30
2 2
2 3 5 3 2
2 1 1 7 1 1 2
2 1 4 3 1 2
2 4 4 2 2 2
2 2 2 5 2
2 1 2 2 1 5 2
2 1 2 2 1 5 2
2 1 2 2 1 5 2
2 1 2 3 2 1 3 2
2 1 5 1 5 1 1 2
2 1 1 1 1 2
2 1 2 2 1 2
2 1 3 1 2
2 2 2 2
2 2 2 2
2 2 2 2
2 2 2 2
2 9 2
2 2
30
30
---
2 24
3 24
1 2 2 2
3 2 4 8 2
2 2 1 3 2 2
2 5 1 1 2 2
5 2 2 1 1 1 2 2
2 2 1 2 1 2 2
2 2 2 2 3 1 2
5 2 2 2 1 1 2
2 2 1 1 1 2
5 2 2 2 1 1 2
2 2 2 1 1 1 2
2 2 2 2 1 1 2
5 2 1 2 3 1 2
2 1 2 1 2 2
5 2 2 1 1 1 2 2
1 1 2 5 1 1 2 2
1 1 2 1 3 2 2
5 2 4 8 2
1 2 2
2 2
2 5 2
5 2 6 2
1 1 2 6 2
1 1 2 6 2
1 1 1 2 5 2
1 3 2 2
24
1 24