# solver=cpp-6b570c1b3
# cpu=AMD EPYC Processor (with IBPB)
# isolated_core=11
# strategy=basic
# n_solutions=1
# solve_time=0.00030
1 1 1 1 1 1
1 1 1 1 1 1 1
5 1 1 1 1
5 1 1 1 1
1 5 1 1 1 1 1
1 5 1 1 1 1 1
1 1 1 1 1 1 1 1 1
9 1 1 1 1
7 1 1 1 1
5 1 1 1 1
5 1 1 2 4
5 1 1 9
5 1 1 10
2 2 1 1 1 1 1
2 2 1 1 1 1 1
2 2 1 1 1 1 1
26
0
4 4
3 1 1 2
2 2 1 1 1 1
3 1 1 1
1 1 1 1 3 1
2 1 2
1 4 5 3
1 2 15 1
3 1 8 1
1 1 11
1 2 10
1 1 11
---
4 1 3
2 1 4 1
17 3 5
4 10 2 5
12 1 1 2
4 10 1 1 1 1
17 4 2 2
2 1 4
4 1 1
1 1
17 1
1 1
1 1
1 1 1
17 3 5
1 1 7
5 1 1 1 6
3 1 1 1 6
17 1 1 1 6
2 1 2 7
2 1 5 5
2 1 4
17 3
3 1 1 3
3 1 4
3 1 1