# solver=cpp-6dc88e3e
# cpu=AMD EPYC Processor (with IBPB)
# isolated_core=11
# strategy=backtrack
# n_solutions=141343572
# solve_time=92.49010
2 3 2 2 3 1 1 3
1 1 1 1 1 1 1 1
1 2 1 1 2 3 2
1 1 1 1 1 1 1
2 3 2 2 2 1 2
0
1 1 1
1 1 1 1 1 1 1 1
3 2 3 3 2 1 1
1 1 1 1 1 1 1 1 1 1 1 1
1 1 1 1 1 1 1 2 1 1 1 1
0
3 1 1
1 1 1 1 1 1 1 1
1 2 3 1 1 1 1 1 1 1 2 2 1 1
1 1 1 1 2 1 1 1 1 1 2 1 1 1 2
3 1 1 1 2 1 1 1 2 2 1 1 2 2
1
2
---
3 4 1 1
1 1 1 1 5
1 1 4 1 1
0
5 3 3
1 1 1 1 1
1 1 2
1
3 4 1
1 1 1 4
1 1 1
1 2
1 1 2
1 1 1 1 1 2
1 1 4 1 1
1 1
5
1 2
3 1 5
1 1 1 1
1 1 1 1 1 2
1 1
3 1 1
1 1 2 1 1 1
5 3
1
3 1 1 1 2
1 1 1 1 1 2
1 1 1 1 1
0
5 3
1
2
0
1
1 1
1 1
0
2
1 2
1 1