# solver=cpp-6b570c1b3
# cpu=AMD EPYC Processor (with IBPB)
# strategy=backtrack
# n_solutions=1210224512331
# solve_time=77695.86290
0
0
0
0
0
16
1 1 1 1 1 1 1 2
1 1 1 1 1 1 1 2
1 1 1 1 1 1 1 2
1 1 1 1 1 1 1 2
16
1 1
1 1
1 4 1
1 1
1 1
1 4 1 2
1 1 1 5
1 1 1 1 1 3 1
1 1 2 1 9
1 1 2 1 2 1 5
1 1 1 1 1 1 1 1
1 1 1 1 1 1
1 4 1 1 1 1
1 5 1 1
1 1 1
1 1 1
1 1
1 1
2 1
2 2 2 2 2 2 2 2 2 2 2
33
4 1
1 1
1 29 1
41
0
0
0
0
0
0
0
0
0
0
0
0
0
0
---
0
0
0
0
0
2
1 1
1 1
1 1
1 1
4 1
27 1
1 1 1 2
6 4 2 2
1 1 1 1 2 2
6 1 1 1 1 1 2
1 1 1 2 1 2 2
6 1 2 1 2 2
1 1 1 1 1 1 1 2
6 1 1 2 2
1 1 4 2 2
6 1 2
1 1 1 1 2 2
6 1 1 1 2 2
1 1 1 1 1 1 2
6 1 1 1 2 2
6 1 1 2 2
1 1 1 1 2
1 2 1 2 2
7 3 2 2
3 1 2
4 2 2
2 1 2 2
3 1 2
1 2 2
1 2 2
1 1 2
1 4 2 2
1 2 2
1 1 2
1 2 2
10 1
1 1
1 1
1 1
2
0
0
0
0