# solver=cpp-1e16a40
# cpu=AMD EPYC Processor (with IBPB)
# isolated_core=11
# strategy=contra
# n_solutions=1
# solve_time=0.00040
1 2 2 1
3 1 1 3
2 1 1 1 1 2
3 3 3 3
3 3
2 3 3 2
2 2 2 2 2 1
1 1 1 1 1 1 1 1
2 2 1 1 2 2
1 1 1 1
2 2 4 2 2
1 2 2 2 1
2 1 1 2
1 2 2 1
4 6 5
2 1 1 1 1 2
1 3 3 1
4 4 4
2 3 3 2
2 1 8 1 2
---
1 1 1 2 1 1
2 2 1 1 1 2
1 2 1 2
2 3 2
2 1 4 2 2 3
6 1 2 1 2
1 1 1 1 1 2 2 2
1 1 2 1 2 1 1
3 3 1 1 2 1
2 1 1 1
2 1 1 1
3 3 1 1 2 1
1 1 2 1 2 1 1
1 1 1 1 1 2 2 2
6 1 2 1 2
2 1 4 2 2 3
2 3 2
1 2 1 2
2 1 1 1 2 2
1 1 1 2 1 1