# solver=cpp-86fd3e96b
# cpu=AMD EPYC Processor (with IBPB)
# isolated_core=11
# strategy=basic
# n_solutions=1
# solve_time=0.00030
9
1 1 1 1 2
8 10
1 2 1 1 1 1 2
1 1 9 1
8 1 1 1
1 1 1 1 1 1 1 1
17 1
3 1 1 2 1
3 8 2
2 2 2 1
1 3 9 3
1 1 1 1 1 2 2
1 3 8 2 1
1 1 1 1 1 3
1 1 1 1 1 1 2
1 3 8 1 1
1 1 1 1 1 1 2
2 9 1 1
3 2 1 1
---
8
1 1 1 1 9
3 3 1 1
1 1 1 1 1 1 4 1
3 3 1 1 1 1 1
1 1 1 1 1 1 1 2 1
3 3 1 1
1 4 1 9
2 1 3 1 1 1 1
2 1 3 3 3
8 1 1 1 1
1 1 1 1 3 3
3 3 1 1 1 1
1 1 1 1 8
3 3 1 1 1 2
1 1 1 1 2 1 1 1
9 2 1 1
1 1 1 2 2 1 1
2 1 1 2 2 1
2 14