# solver=cpp-b64f6aebe
# cpu=AMD EPYC Processor (with IBPB)
# isolated_core=11
# strategy=contra
# n_solutions=1
# solve_time=0.00030
9 9
7 7
5 2 2 5
4 3 3 4
3 2 1 1 2 3
2 2 2 2 2 2
2 2 2 2 2 2
1 2 2 2 2 2 1
1 1 3 1 1 3 1 1
1 1
1 1
1 1 3 1 1 3 1 1
1 2 2 2 2 2 1
2 2 2 2 2 2
2 2 2 2 2 2
3 2 1 1 2 3
4 3 3 4
5 2 2 5
7 7
9 9
---
9 9
7 7
5 2 2 5
4 3 3 4
3 2 1 1 2 3
2 2 2 2 2 2
2 2 2 2 2 2
1 2 2 2 2 2 1
1 1 3 1 1 3 1 1
1 1
1 1
1 1 3 1 1 3 1 1
1 2 2 2 2 2 1
2 2 2 2 2 2
2 2 2 2 2 2
3 2 1 1 2 3
4 3 3 4
5 2 2 5
7 7
9 9