# solver=cpp-6dc88e3e
# cpu=AMD EPYC Processor (with IBPB)
# isolated_core=11
# strategy=basic
# n_solutions=1
# solve_time=0.00030
20
20
5 5
3 2 1 1 1 3
2 2 1 1 4 2
2 1 3 2 1 2 2
1 2 1 2 1 1 1 1
1 2 1 1 4 1 1 1
1 1 1 4 1 2 2 1
1 4 2 1 3 1
2 1 1 2 2 1 2 2
2 1 1 2 1 2 2
3 2 3 1 3
5 5
20
2 12 2
1 1 1 1 1 1
1 1 1 1 1 1
2 12 2
20
---
20
6 6 2
4 2 3 1
3 3 2 2 1
3 1 1 2 1 3 2
2 2 1 2 6
2 1 2 2 2 2 2
2 1 1 2 1 1 2 2
2 1 1 1 2 6
2 1 1 2 2 2 2
2 2 1 2 1 2 2
2 1 1 2 1 1 6
2 1 2 1 1 2 2
2 3 2 1 1 2 2
2 1 1 2 1 6
3 2 1 3 3 2
3 2 3 2 1
4 2 3 1
6 6 2
20