# solver=cpp-86fd3e96b
# cpu=AMD EPYC Processor (with IBPB)
# isolated_core=11
# strategy=contra
# n_solutions=1
# solve_time=0.00030
3 5 3
4 1 2 1 1 2 1
2 1 1 3 1 1 1 3
1 5 1 1
3 1 1 2 1 1 2
1 1 1 1 3 1
3 1 1 1 1 1
1 8 2 2 2
2 1 1 1 2 2
1 1 1 1 1 7
2 1 1 1 1 1 1 1 1
1 1 1 1 1 1 1 1 2
2 1 1 1
2 7 6
2 5 3 1 2
1 2 3 1 1 1 1
3 2 3 1 2
1 2 3 1 2 3
1 1 3 1 1
3 2 3
---
11 4
2 1 1 1 1 3 1 2
1 5 1 1 1 3 1
3 2 1 1 2 3
1 2 1 1 1 2
2 1 2 1 5
2 1 1 1 6
3 2 1 3 3
1 6 1 1 1 2
3 1 2 1 1
1 1 2 1 5
1 1 1 1 2 1 1 1 2
2 1 1 1 1 4 1
1 1 2 2 1 3
2 1 1 1 1 1
1 1 1 1 2 1
1 1 2 1 2 2
3 1 2 4 1 1
1 6 2 2
3 3