# solver=cpp-400bd85f2
# cpu=AMD EPYC Processor (with IBPB)
# isolated_core=11
# strategy=basic
# n_solutions=1
# solve_time=0.00030
13
4 1 1 2
2 1 1 1 1
2 1 2 3 1
2 3 2 3 1
2 2 2 2 1 1
1 2 7 1 1
1 2 1 2
1 1 3 3 1
3 1 3 1 3 3
1 1 3 3 1 1
1 1 1 1
3 2 1 1 2 3
3 2 2 2
1 2 5 1 1
3 1 1 1 1 3
1 1 1 3 1 1 1
3 2 2 3
3 3
12
---
8 3
2 1 4 1
3 7 3
3 2 2
2 2 1 1
2 2 1 1 2 1 1
5 3 2 4
1 2 3 3
1 1 1 2 2
4 1 1 1 1 1
1 2 1 1 1 1
1 3 1 1 1 1 1
4 2 1 1 2 2
1 1 1 3 3
1 2 1 3 2 4
1 1 1 1 2 1 1
1 1 1 1 1
1 2 5 3
1 3 4 1
6 4 3