# solver=cpp-400bd85f2
# cpu=AMD EPYC Processor (with IBPB)
# isolated_core=11
# strategy=contra
# n_solutions=1
# solve_time=0.00030
6
2 2
2 1 2
2 1 1
5 3
2 6 4
1 1
4 1
2 16
3 1 1 1 1 1 1 2
2 2 2 1 1 2 2
2 1 1 1 1 1 1 1 2
3 1 2 1 1 2 1
2 2 2 1 1 1 2 1
3 1 1 1 1 1 1 1 1
1 2 2 1 1 1 2 1
1 1 1 1 1 1 1 1 2
2 11 1
2 1
15
---
3 5
2 8 2
1 4 1 1 2
1 1 1 1 1 1 1
2 1 1 5 1
3 4 1
2 1 1 5 1
2 1 1 6 1 1 1
1 1 1 1 1 1 1 2 1
1 1 2 1 1 1 1 1
1 1 1 1 1 1 2 1
1 1 2 1 1 1 1 1
2 1 1 1 1 2 1
2 2 1 1 1 1 1
3 1 1 1 1 2 1
1 6 1 1 1
2 1 5 1
1 4 1
1 9 1
4 3