# solver=cpp-ce7a535
# cpu=AMD EPYC Processor (with IBPB)
# strategy=basic
# n_solutions=1
# solve_time=0.00010
0
20
1 1 1 1 1 1 1 1 1 1
20
0
20
1 1
6 1 6 1
1 2 2 1 2 2
1 2 1 1 1 2 1 1
1 1 2 1 1 1 2 1
2 2 1 2 2 1
1 6 1 6
1 1
20
0
20
1 1 1 1 1 1 1 1 1 1
20
0
---
1 1 2 1 1 1 1 3
3 1 1 1 1
1 1 1 6 1 3
3 1 2 2 1 1 1
1 1 1 1 2 1 1 3
3 1 1 2 1 1 1 1
1 1 1 2 2 1 3
3 1 6 1 1 1
1 1 1 1 3
3 1 1 1 1 2 1 1
1 1 2 1 1 1 1 3
3 1 1 1 1
1 1 1 6 1 3
3 1 2 2 1 1 1
1 1 1 1 2 1 1 3
3 1 1 2 1 1 1 1
1 1 1 2 2 1 3
3 1 6 1 1 1
1 1 1 1 3
3 1 1 1 1 2 1 1