# solver=cpp-d85c7576
# cpu=AMD EPYC Processor (with IBPB)
# isolated_core=11
# strategy=contra
# n_solutions=1
# solve_time=0.00040
1
3 3
1 1 1 1
1 1 3 1 2
3 1 2 3
2 1 1 1 2 1
1 6 1 1 2
2 1 1 1 2
2 1 1 1 1
1 2 3 2 4 1
2 2 2 1 1 1 1
3 6 1 2 1 1
1 2 1 1 3 1 1
2 1 1 1 2 1 1
3 1 1 1 1 1
1 1 1 1 2
13 2
3 2
14
4
---
5 1 1
3 2 2 1 1
2 2 2 1 1 1
1 2 3 1 2
4 2 2 1
1 1 2 1 1
1 1 1 1 1
3 1 1 3 1 1
1 2 1 1 1 1 1
1 1 3 3 2 1
1 2 1 1 1
4 2 2 1
2 4 4 1 1
1 1 2 1 1
1 2 1 1
4 3 1 1
1 2 1 1 2
1 2 8 2
3 2 2
2 2 7