# solver=cpp-6dc88e3e
# cpu=AMD EPYC Processor (with IBPB)
# isolated_core=11
# strategy=basic
# n_solutions=1
# solve_time=0.00030
3 11 1 1
2 11
1 3 4 1 1 1
14 2
7 1
1 1 1 1 1 1 3 2
1 1 1 1 1 1 6
5
3 1 2 6 3
2 1 1 2 7
1 1 1 2 5
3 3 2 3 1
12 2
1 11 3
2 5 5 3
3 3 3 4 3
1 2 1 2 1 4 3
5 3 5 3
4 1 9 3
1 1 3 8 3
---
4 1 3 8
2 1 1 2 2 2 2
1 2 1 1 4 5
3 1 1 4 3
4 1 1 4 1 1
2 1 1 1 6 2
2 1 1 1 6 1 1
2 1 1 2 4 3
2 1 1 2 2 5
4 1 1 4 1 2
4 1 2 3 2 2
5 1 3 3 3
6 4 7
2 4 4 6
1 1 8 6
2 2 2 6
8
1 5 7
1 3 8
1 1 9