# solver=cpp-400bd85f2
# cpu=AMD EPYC Processor (with IBPB)
# isolated_core=11
# strategy=basic
# n_solutions=1
# solve_time=0.00020
4 3 3 4
3 1 3 10
4 4 2 1
1 2 5 1 4 1
5 7 2 2
5 2 3
1 3 3 4 2 2
5 4 2 6
3 1 4 2 2 1
2 3 2 2 2 1
1 2 2 6 1 1
1 5 9
1 1 1 8 1
2 1 12
1 1 1 2 9
1 5 2 4 3
1 2 2 3 6
2 3 5 4 1
2 1 7 2
3 10 3
---
3 14
6 3 1 2
3 5 2
1 6 2 2 1
1 5 4 4 1
1 2 1 1 1 2
4 2 4 4 1
9 2 1 2 2
9 3 3
1 3 13
2 2 1 1 4 5
3 1 2 6 4
4 2 7 3
1 1 1 1 7 2
1 1 11 1
1 2 2 1 7 1
2 2 3 2 2 2
2 1 1 2 7 1
2 4 1 4 2
9 1 2 3