# solver=cpp-6dc88e3e
# cpu=AMD EPYC Processor (with IBPB)
# isolated_core=11
# strategy=basic
# n_solutions=1
# solve_time=0.00030
11 2 3 1
1 1 1 1 1 1
9 3 2 3
1 1 1 1 1 1
3 1 1 3 3 3
1 1 1 1 1
3 1 1 5 2
1 9 1 1
1 8
5 5 1 1
1 1 1 6
1 3 1 1 1 1 1
1 1 8 1 3
1 3 1 1 1
1 1 6 1 1 1 1
5 1 1 1 3
1 6 1 1 1
4 1 1 1 3
1 1 1 3 1 1 1 1
1 6 1 3 5
---
3 4 7 3
1 1 1 1 1 1 1
1 3 2 1 3 1 3
1 1 1 1 1 1 3 1
1 1 6 1 3 1
1 1 1 2
1 4 1 1 2 1 1 1
1 1 1 1 1 3 2
1 1 2 1 4 1 1 1
1 1 1 1 1 1 4
5 2 1 2 1 1
1 1 1 1 2
5 7 1
1 1 1 1 8
3 1 1 1
3 1 1 1 8
1 3 3 1
3 1 1 1 4 3
3 1 1 1 1 1 1 1
3 3 3 4 1