# solver=cpp-400bd85f2
# cpu=AMD EPYC Processor (with IBPB)
# isolated_core=11
# strategy=contra
# n_solutions=1
# solve_time=0.00030
13 2
12 1
3 3
2 2 2 2
1 1 3 3
1 2 2 1 2 1 2
1 3 3 1 1
1 2 1 2 2 3 1
1 1 3 2
3 4 1 1 1
2 1 1 3 3 1
2 3 4 2
3 6 3
4 4 3
5 4 4 4
1 1 1 1
3 4 4 4
1 1 1 1
4 4 4 4
1 1 1 1 1 1
---
16
4 6 3
3 2 1 3 1 1
2 3 1 2 1 1
2 2 1 1 1 1
2 2 1 1 1 1
2 2 1 1 1 1
2 3 1 2 1 1
3 2 1 3 1 1
4 6 1 2
14 1 1
2 6 1 1 2
1 2 1 2 1 1 1
3 1 1 1 1 1
2 1 1 2 1 1
3 1 1 1 1 1
2 1 1 2 1 1
3 1 1 1 1 1
1 2 1 2 1 1 1
2 6 1 1 2