# solver=cpp-6dc88e3e
# cpu=AMD EPYC Processor (with IBPB)
# isolated_core=11
# strategy=contra
# n_solutions=1
# solve_time=0.00040
1 1 1 1 1 1
1 1 1 1 1 1 1 1
2 1 2 2 1 2
7 7
2 3 2 1 3 1
3 4 3
1 4 1 5 1
1 1 2 1 1 1
1 1 1 1 2 1 1
1 1 1 1 2
1 1 2 1 1 1
1 1 1 1 1 1 1
1 1 2 1 2
1 1 1 1 1
1 1 2 1 2 2
1 1 2 1 1 1
2 1 1 2 1 2
2 1 2 6
3 2 2
4
---
13
2 2
3 1 2
1 2 1
1 2 3 2 6
1 3 1 1
1 2 1 1
1 2 1 2
4 2
2 1
12
2 1 1 2
3 1 1 1 1 1
1 2 2 1 1 1 2
1 2 1 1 1 1 1 1
1 3 1 1 1 1 3
1 2 2 2 1 2 2
1 2 2 1 1 1 1
3 1 1 1 1 2
13