# solver=cpp-6dc88e3e
# cpu=AMD EPYC Processor (with IBPB)
# isolated_core=11
# strategy=basic
# n_solutions=1
# solve_time=0.00030
10 3 5
1 1 1 1 1 1
1 6 1 3 1 1 1
1 1 1 1 1
1 1 11
1 1 5 1
1 1 1 1 1 3
1 1 1 1 1 1 1 1 1
1 1 1 1 3
11 1
1 11
3 1 1 1 1
1 1 1 1 1 1 1 1 1
3 1 1 1 1 1
1 5 1 1
11 1 1
1 1 1 1 1
1 1 1 3 1 6 1
1 1 1 1 1 1
5 3 10
---
10 3 5
1 1 1 1 1 1
1 6 1 3 1 1 1
1 1 1 1 1
1 1 11
1 1 5 1
1 1 1 1 1 3
1 1 1 1 1 1 1 1 1
1 1 1 1 3
11 1
1 11
3 1 1 1 1
1 1 1 1 1 1 1 1 1
3 1 1 1 1 1
1 5 1 1
11 1 1
1 1 1 1 1
1 1 1 3 1 6 1
1 1 1 1 1 1
5 3 10