# solver=cpp-b64f6aebe
# cpu=AMD EPYC Processor (with IBPB)
# isolated_core=11
# strategy=basic
# n_solutions=1
# solve_time=0.00020
18
7 4 7
3 2 2 2 3
2 3 2 2 3 2
2 3 1 1 3 2
2 1 3 3 1 2
2 2 3 3 2 2
2 3 2 2 3 2
2 3 1 1 3 2
4 3 3 4
4 3 3 4
3 2 1 1 2 3
2 2 2 2 2 2
2 1 3 3 1 2
2 3 1 1 3 2
2 3 2 2 3 2
2 2 2 2 2 2
2 1 2 4 2 1 2
3 6 3
18
---
18
20
3 3 2
2 1 3 2 2 3 1
2 2 3 2 3 1
2 3 3 1 3 1 1
3 3 3 3 2 1
1 2 3 2 2 2 2
2 2 3 2 2 3
3 3
3 3
2 2 3 2 2 3
1 2 3 2 2 2 2
3 3 3 3 2 1
2 3 3 1 3 1 1
2 2 3 2 3 1
2 1 3 2 2 3 1
3 3 2
20
18