# solver=cpp-b64f6aebe
# cpu=AMD EPYC Processor (with IBPB)
# isolated_core=11
# strategy=basic
# n_solutions=1
# solve_time=0.00030
12
1 1 1 1 1
2 10 2
1 2 2 1
1 1 4 1 1
1 1 3 4 1 1
2 1 5 1 2
1 1 3 4 1 1
1 2 2 1
4 4
1 1 1 1
5 5
1 11 1 1
4 1 1 5
1 1 11 1
1 2 1 1 1 1 2
2 1 1 1 5
13 1
1 1 1 1 1 1
12
---
7
2 1 1 6
1 1 1 1 1 1 2
4 4 3 2
1 1 3 3 3 1
1 1 1 1 1 1 1 1
3 1 1 1 1 3
1 1 2 6 1
1 1 1 1 1 1 1 1
3 1 1 1 1 3
1 1 1 1 1 4 1
1 1 3 3 1 1
1 1 1 1 1 1 3
3 1 1 1 4 1
1 1 1 1 3 4
1 1 3 1 4 1
4 6 1 1
1 1 1 1 1 1 3
2 1 1 5
7