# solver=cpp-6b570c1b3
# cpu=AMD EPYC Processor (with IBPB)
# isolated_core=11
# strategy=basic
# n_solutions=1
# solve_time=0.00020
1 1 1 1 1 1 1 1 1 1
1 1 1 1 1 1 1 1 1 1
17 1
1 4 3 3
4 3 4 2 1
1 2 1 3 3 3
5 3 3 2 1
1 1 2 3 2 3
5 3 2 1 2 1
1 4 3 1 1 3
5 3 1 2 2 1
1 1 2 3 2 3
5 3 3 2 1
1 2 1 3
17 1
1 17
17 1
1 17
1 1 1 1 1 1 1 1 1 1
1 1 1 1 1 1 1 1 1 1
---
1 1 1 1 1 1 1 1 1 1
1 1 1 1 1 1 1 1 1 1
17 1
1 5 3 7
4 7 4 1
1 2 8 5
2 4 1
1 11 5
12 4 1
1 17
2 4 1
1 1 7 5
2 5 1 4 1
1 1 3 3 5
2 1 5 4 1
1 1 5
17 1
1 17
1 1 1 1 1 1 1 1 1 1
1 1 1 1 1 1 1 1 1 1