# solver=cpp-86fd3e96b
# cpu=AMD EPYC Processor (with IBPB)
# isolated_core=11
# strategy=contra
# n_solutions=1
# solve_time=0.00040
4 1 1 2 2
2 2 2 1
1 4 1 6 1
4 2 1 1 1
2 4 1 1 2 1
1 4 2 1 2 1
2 4 2 1
1 1 4 2 6
2 4 1 2
1 4 2 2
2 2 7
2 1 4 1
6 2 2 4
1 2 1 2 2 1
1 2 1 1 3 2
1 2 1 1 3 2
1 1 1 5 4
1 6 1 3 1
1 2 5 2
2 2 1 1 4
---
4 1 1 2 2
2 2 2 1
1 4 1 6 1
4 2 1 1 1
2 4 1 1 2 1
1 4 2 1 2 1
2 4 2 1
1 1 4 2 6
2 4 1 2
1 4 2 2
2 2 7
2 1 4 1
6 2 2 4
1 2 1 2 2 1
1 2 1 1 3 2
1 2 1 1 3 2
1 1 1 5 4
1 6 1 3 1
1 2 5 2
2 2 1 1 4