# solver=cpp-1e16a40
# cpu=AMD EPYC Processor (with IBPB)
# isolated_core=11
# strategy=basic
# n_solutions=1
# solve_time=0.00040
7 4 2
2 1 1 1 1
1 2 1 2 2 2
2 1 1 1 1 1
2 1 1 1 1 1 1
2 1 1 1 1 1 1
1 3 1 1 1 1 1 1
1 5 2 2 2
3 4 2 1
1 10 2
1 5 2
1 2 8 1
1 3 5 1 1
1 4 6 1
2 3 1 1 2 2
2 2 1 2 1 4
1 1 1 1 1 1
1 2 1 1 2
1 1 1 1 4
2 2 4
---
3 3 4
2 2 1 2 1
2 1 1 1 3 1
1 1 1 1 1 3
1 1 1 2 1 2 2
1 1 1 1 1 1 2 1
1 1 3 1 1 4 1
1 2 1 2 2 1
2 11 1
2 6 3
1 2 7 1
1 1 8 1 1
1 2 1 1 1 2 1 1
1 3 2 1 2 1
3 2 1 1 1 2
2 2 2 1 1 1
1 2 1 1 1 1
3 1 1 2 2
2 3 2 1
4 1 1