# solver=cpp-041dbf2
# cpu=AMD EPYC Processor (with IBPB)
# strategy=basic
# n_solutions=1
# solve_time=0.00050
20
20
0
2 2
1 2 2 1
1 16 1
1 1
1 1 3 1 3 1 1 1
1 1 1 3 1 3 1 1
1 2 2 1
1 1 10 1 1
1 1 6 3 1 1
1 2 5 2 2 1
1 1 3 1 2 1 1
1 1 3 1 2 1 1
1 2 2 1 1 1 2 1
1 1 2 1 1 1 1 1
1 1 1 1 1 1 1 1
1 2 10 2 1
1 1 1 1 1 1
---
2 16
2 1
2 3 1 1 3 1 3
2 2 3 1 3 1
2 1 1
2 1 2 10
2 1 1 7 1
2 1 1 5 1
2 1 2 3 3
2 1 1 3 1 1
2 1 1 2 1 1
2 1 2 1 2 1
2 1 1 2 3
2 1 1 5 1
2 1 2 10
2 1 1
2 2 1 1 3 1 3
2 3 3 1 3 1
2 1
2 16