# solver=cpp-6dc88e3e
# cpu=AMD EPYC Processor (with IBPB)
# isolated_core=11
# strategy=basic
# n_solutions=1
# solve_time=0.00030
1 1 1 1 1 1 1 1
1 1 1 1 1 1 6
1 1 1 1 1 1 2 1 1
1 1 1 1 2 1
1 1 6 2
1 1 7 2 2
1 1 2 1 2 1
1 1 3 2
1 1 3 2
1 1 7 2
1 1 1 1 1
1 1 1 1 1 2 2
1 1 1 1 1 1 1
1 1 1 1 2 2
1 1 1 1 1
1 1 1 11
1 1 2 2
1 1 1 2 1
1 1 14
1 1 1
---
1 1 1 1 1 1 1 1 1 1
1 1 1 1 1 1 1 1 1 1
1 1 1 1 1 1 1 1 1 1
1 1 1 1 1 1 1 1 1 1
1 1 1 1 1 1 1
1 1 2 1 1 1
1 5 1 1 2
1 1 2 3 1 3
1 3 2 1 2 1
1 1 2 1 3 1
1 2 1 3 1 1
2 3 1 1
5 1 1
2 1 1
3 2 1 1
3 2 1 1
2 3 1 1
5 3 3 1 1
5 4 1
1 1 1 1 3