# solver=cpp-6b570c1b3
# cpu=AMD EPYC Processor (with IBPB)
# isolated_core=11
# strategy=basic
# n_solutions=1
# solve_time=0.00030
9 1 2 1 1
8 1 1 1 5
7 1 2 2 1
6 1 1 1 7
5 1 2 2 1
4 1 1 1 7 1
3 1 1 3 2
2 1 2 2 2
1 1 1 1 10 1
4 1 2 4
1 1 3 1 1
4 14
1 1 2 1 1
4 2 4
1 14 1
4 4
1 2 1 1
20
1 1 1 1
4 4
---
20
8 1 1 1 1 1 1
7 2 1 1 1 1 1
6 1 11
5 1 1 1 2
4 1 1 3 1
3 1 9 1
2 1 1 2 1 1
1 1 1 4 1 1
1 7 1 1 1
1 1 3 1 1 1
6 1 1 1 1
1 2 1 1 1 1
4 1 1 1 1 1
2 1 1 1 1 1
2 1 1 1 1 1 1
1 1 1 12
1 1 1 3 1 1 1 1 1
1 2 2 1 1 1 1 1 1
4 2 12