# solver=cpp-6dc88e3e
# cpu=AMD EPYC Processor (with IBPB)
# isolated_core=11
# strategy=basic
# n_solutions=0
# solve_time=0.00020
1 1 1 0 1 1 1 1 1 1
0
0
1 1 1 1 1
0 1 1 1 1 1 1 1 1 1
3 0 3 3 3
1 1 1 1 1
1 1 1 1 1 1 1 1 0 1
0
0
1 1 1 1 1
1 1 1 1 1 1 1 1 1 1
1 3 3 3 3 2
1 1 1 1 0
1 1 1 1 1 0 1 1 1 1
0
0
1 1 1 1 1
1 0 1 1 1 1 1 1 1 1
3 3 3 0 3
---
1 0 1 2 1 2
1 2 1 1
1 2 1 0 1 2
1 2
1 2 1 2 1 2
0 2 1 1
1 2 1 2 1 2
1 2
0 2 1 2 1 2
1 2 1 1
1 2 1 2 1 2
1 2
1 2 1 0 1 2
1 2 1 1
1 2 1 2 0 2
1 2
1 2 1 2 1 0
1 2 1 1
1 2 1 2 0 2
1 2