# solver=cpp-b64f6aebe
# cpu=AMD EPYC Processor (with IBPB)
# isolated_core=11
# strategy=basic
# n_solutions=1
# solve_time=0.00030
2 3
3 2 1 3
2 2 3 2 1
1 1 1 2 3 1
2 2 1 1 3 1
2 2 2 3
3 1 3 1 2
1 2 2 3 3 3
1 1 1 2 2 5
1 2 1 1 1 1 1
3 2 2 2 1
1 1 3 8
1 1 1 1
11 1 1 1 1
1 1 2 1
2 1 1 1 2 2 2
9 2 2
2 2 1 1
7 3 3
1 1 1 1
---
2 2 3
1 1 4 3
2 2 1 3
3 3 1 2 2
2 2 1 1 1 1
1 1 9 2 1
2 1 1 1 1 1
3 3 1 2 2
2 2 1 3
1 1 3 3
2 2 3
3 3
3 2 4
3 1 2 1 2 2
1 2 4 1 1 2 1
1 3 2 1 3
1 3 1 4 1
3 2 2 1 3
2 1 4 1 1 2 1
2 4 1 2 2