# solver=cpp-298d4941
# cpu=AMD EPYC Processor (with IBPB)
# strategy=basic
# n_solutions=1
# solve_time=0.00050
2 2 2 2 2 2 2
1 1 1 1 1 1 1 1
1 1
1 5 1
1 2 2 1
1 1 1 1
1 2 3 2 1
1 1 1 1 1
1 2 1 1 1 2 1
1 1 5 1 1
1 1 1 1 1 1 1
1 2 1 1 1
1 1 1 1 1
1 2 1 2 1
1 1 3 1 1
1 2 2 1
1 6 1
1 1
1 1 1 1 1 1 1 1
2 2 2 2 2 2 2
---
2 2 2 2 2 2 2
1 1 1 1 1 1 1 1
1 1
1 1
1 1
1 4 1
1 3 3 1
1 3 3 1
1 2 3 2 1
1 1 1 1 1 1 1
1 1 9 1 1
1 1 1 1 1 1 1
1 2 3 1 1
1 3 2 1
1 3 3 1
1 6 1
1 1
1 1
1 1 1 1 1 1 1 1
2 2 2 2 2 2 2