# solver=cpp-6b570c1b3
# cpu=AMD EPYC Processor (with IBPB)
# isolated_core=11
# strategy=contra
# n_solutions=1
# solve_time=0.00030
6 1
1 1 6 2 1 2
1 1 1 1 1 4 1
1 4 5 1
1 2 2 2 2 1
1 1 4 2 2 1
3 3 1 2 2
1 3 1 1 1 1 2
4 3 7
5 5 5 1
3 5 4 1 2
1 7 1 5
1 4 3 2 1
4 4 5
3 2 2 1 1 1 2
2 5 2 2
1 3 2 1
1 5 2 1
2 2 1 1 1 2
1 1 2 1 2
---
2 2 6 1
1 5 4 1
3 1 3 4 1
1 3 3 1
3 1 2 1 2 3
2 5 3 3 2
4 2 3 6
2 1 1 6 1 1
2 3 9 3
3 1 1 7 2
1 1 1 1 1 3
2 1 1 2 1
4 3 1 1
4 5 2 3
2 2 3 1 2
1 4 2 4 1
1 7 1
2 1 1
1 9 2
1 1 2 2 2 1