# solver=cpp-1e16a40
# cpu=AMD EPYC Processor (with IBPB)
# isolated_core=11
# strategy=backtrack
# n_solutions=34
# solve_time=0.00040
1 1
18
2 2
1 14 1
1 2 2 1
1 1 10 1 1
1 1 2 2 1 1
1 1 1 6 1 1 1
1 1 1 2 2 1 1 1
1 1 1 1 2 1 1 1 1
1 1 1 1 2 1 1 1 1
1 1 1 2 2 1 1 1
1 1 1 6 1 1 1
1 1 2 2 1 1
1 1 10 1 1
1 2 2 1
1 14 1
2 2
18
1 1
---
1 1
18
2 2
1 14 1
1 2 2 1
1 1 10 1 1
1 1 2 2 1 1
1 1 1 6 1 1 1
1 1 1 2 2 1 1 1
1 1 1 1 2 1 1 1 1
1 1 1 1 2 1 1 1 1
1 1 1 2 2 1 1 1
1 1 1 6 1 1 1
1 1 2 2 1 1
1 1 10 1 1
1 2 2 1
1 14 1
2 2
18
1 1