# solver=cpp-6dc88e3e
# cpu=AMD EPYC Processor (with IBPB)
# isolated_core=11
# strategy=backtrack
# n_solutions=3159
# solve_time=0.00970
1 2 3 1 1
2 1 1 1 1
1 1 1 3
1 1 1 1
3 3 3 1
3 2 3 1
1 1 1 1 1
2 2 1 1
1 1 1 1 1 1
2 1 1 1
1 1 1 1 1
1 1 2 1 1 2 2
2 1 1 1 1 1
1 1 1 1 1 1
1 3 1 3 3
1 2 1 3 1
2 1 2 1 1 1
1 1 1 1 1 1
1 1 1 1 1 1
3 3 3 3 1
---
1 1
1 4 1 1 5
6 1 2 1 1
2 1 4
1 2
1 2 1 1
1 2 3 5 1 1
1 1 2 1 1 1
1 2 1 1 1
3 5
1 1 1
1 2 1 3
1 1 2 2 1 1
2 4 1 2 1 1
7 2
1
3 1 1 3
1 1 1 1 1 2 1
5 1 1 5 3
1