# solver=cpp-86fd3e96b
# cpu=AMD EPYC Processor (with IBPB)
# isolated_core=11
# strategy=basic
# n_solutions=1
# solve_time=0.00030
20
1 1
1 16 1
1 1 1 1
1 1 12 1 1
1 1 1 1 1 1
1 1 1 8 1 1 1
1 1 1 1 1 1 1 1
1 1 1 1 4 1 1 1 1
1 1 1 1 1 1 1 1 1 1
1 1 1 1 1 1 1 1 1 1
1 1 1 1 4 1 1 1 1
1 1 1 1 1 1 1 1
1 1 1 8 1 1 1
1 1 1 1 1 1
1 1 12 1 1
1 1 1 1
1 16 1
1 1
20
---
20
1 1
1 16 1
1 1 1 1
1 1 12 1 1
1 1 1 1 1 1
1 1 1 8 1 1 1
1 1 1 1 1 1 1 1
1 1 1 1 4 1 1 1 1
1 1 1 1 1 1 1 1 1 1
1 1 1 1 1 1 1 1 1 1
1 1 1 1 4 1 1 1 1
1 1 1 1 1 1 1 1
1 1 1 8 1 1 1
1 1 1 1 1 1
1 1 12 1 1
1 1 1 1
1 16 1
1 1
20