# solver=cpp-400bd85f2
# cpu=AMD EPYC Processor (with IBPB)
# isolated_core=11
# strategy=basic
# n_solutions=1
# solve_time=0.00020
10 9
2 3 1
6 2 1 1 1
1 1 10 2 1
1 2 2 1 2 1
1 2 2 1 1 1
1 3 3 1 1 2 1
1 1 16
2 1 1 1 1
1 1 3 3 1 1
2 2 5 5
2 2 3 2
1 12 2 1
1 1 1 5 3 1
1 4 1 1 1 1
1 6 2 1 1 1
1 1 6 4 1
1 2 2 2 3
1 1 4 2 1
9 8
---
1 6 8
1 1 4 1
1 3 3 3 3 1
1 1 1 1 2 1 1 1
1 1 2 1 2 1 1
1 2 1 6 1 1
1 5 2 1 6
8 1 1 3 1
4 2 2 3 1 1
1 1 1 1 2 1 1
1 4 1 2 1 1
4 1 1 1 2 2 1
2 1 1 2 2 1 2
2 1 1 1 2 1 1 1
1 7 1 2 1
1 1 7 1
1 6 1 2 1 2
1 3 2 2 7
1 1 2 1 1
20