# solver=cpp-6b570c1b3
# cpu=AMD EPYC Processor (with IBPB)
# isolated_core=11
# strategy=basic
# n_solutions=1
# solve_time=0.00030
4
1 1 1
1 4 1 4
3 4 1 1 2
1 2 1 1 6 1
3 4 1 1 4
1 2 1 1 4 1 1
1 1 3 3 1 6
1 1 2 2 1 1 1 1
1 3 1 1 1 2 1 1
2 2 3 2 1 1
1 1 2 4 3 1
1 1 1 1 1 2 2
1 2 2 1 2 1 1
2 1 1 2 1 1
1 2 2 1 1 2
1 1 1 1 1 1
1 1 1 2 1 2
1 2 2 1 2 1
2 1 1 1 1 2
---
6 1
1 1 1 4 1
1 6 5 1
1 1 1 1 4 3
4 1 1 2 5
1 6 1 1 1 1 3
1 1 1 1 2 1
5 3
2 2 1 1 1
1 1 9
2 2
12
4 1 1
2 1 1 2 1
1 4 1 1 1 2
3 4 2 4
1 2 1 4 2
8 4 1
1 1 1 4 1 1
6 1