# solver=cpp-a0f9b8019
# cpu=AMD EPYC Processor (with IBPB)
# isolated_core=11
# strategy=basic
# n_solutions=1
# solve_time=0.00030
6 4 6
6 1 1 2 6
5 1 1 1 6
5 1 3 1 6
5 1 1 1 1 5
3 1 1 1 4
1 3 5 2
3 1 5
2 2 1 1 4
1 1 2 2 1 1 2
2 3 2 3
1 1 2 2 2 3
1 2 1 1 1 4
1 1 1 1 2 1
1 2 1 3 3 1 2
1 1 1 2 1 1 1 1 2
1 1 2 4 2 1 2
1 2 3 4 1 2
1 1 2 2 2 2
2 2 3 2
---
7 1 9
6 2 1
6 1 1 4
5 2 1 3 2
5 4 2 2 1
2 1 1 1 2
4 1 2 1 2
2 3 2 1
1 2 2 1 2 2
4 3 3
1 4 1 2 1
2 1 1 2
4 2 1 2 2 2
4 2 2 3
4 2 1 1 3 1
5 3 2 2
6 2 9
6 1 3
7 4 6
7 2 7