# solver=cpp-1562f45ac
# cpu=AMD EPYC Processor (with IBPB)
# isolated_core=11
# strategy=basic
# n_solutions=1
# solve_time=0.00030
2 1 2 2 1 1 2
2 1 2 2 1 2 1
1 1 1 2 1 1 2 1
2 2 1 2 1 1
1 2 1 2 2 2
2 2 1 1 1 1 1
2 2 2 1 2 2 1
1 1 1 2 2 1 1
1 1 2 1 3 1 2
1 1 2 1 2 1 2
2 1 1 2 2 1 2
1 1 2 3 1 1 2
1 1 2 1 1 1 1 2
2 2 1 2 1 1 1 3
1 1 1 2 1 1 1 2
1 1 2 2 1 2 1 2
1 2 2 5 3 2
1 1 2 3 3 1
2 2 2 3 1 1 1
3 1 2 3 1 1 1
---
3 3 4 1
2 2 4 2
3 3 4
2 2 4
2 2 4 2
3 2 4
5 3 6
2 2 4 3
3 3 7
2 3 7
2 2 3 4
1 7 9
5 4
5 8
3 5
3 9 2
4 5
10
1 9
3 7