# solver=cpp-1562f45ac
# cpu=AMD EPYC Processor (with IBPB)
# isolated_core=11
# strategy=basic
# n_solutions=1
# solve_time=0.00020
7 10
1 1 1 1
1 3 3 6 1
1 1 1 1 1 1
1 3 3 6 1 1
1 1 1 1 1 1 1
3 3 6 1 1 1
1 1 1 3 1
3 6 1 1 1
1 1 1 1 3 3
3 3 1 1 1 1
1 1 1 6 3
1 3 1 1 1
1 1 1 6 3 3
1 1 1 1 1 1 1
1 1 6 3 3 1
1 1 1 1 1 1
1 6 3 3 1
1 1 1 1
10 7
---
7 10
1 1 1 1
1 3 3 6 1
1 1 1 1 1 1
1 3 3 6 1 1
1 1 1 1 1 1 1
3 3 6 1 1 1
1 1 1 3 1
3 6 1 1 1
1 1 1 1 3 3
3 3 1 1 1 1
1 1 1 6 3
1 3 1 1 1
1 1 1 6 3 3
1 1 1 1 1 1 1
1 1 6 3 3 1
1 1 1 1 1 1
1 6 3 3 1
1 1 1 1
10 7