# solver=cpp-298d4941
# cpu=AMD EPYC Processor (with IBPB)
# strategy=basic
# n_solutions=1
# solve_time=0.00040
1 1 12 1
1 1 1 1 1
1 1 12 1
1 1 2 2 1
1 2 10 2
1 2 2 2 2
1 1 2 8 2 1
1 1 1 2 2 1 1
1 1 1 1 4 1 1 1
1 1 1 1 1 1 1 1 1
1 1 1 1 1 2 1 1 1 1
1 1 1 1 3 1 1 1 1
1 1 1 2 1 1 1 1
1 1 2 6 1 1 1
1 2 2 2 1 1
1 2 9 2 1
1 1 2 2 1
1 1 11 1 1
1 1 1 1 1
1 1 11 1 1
---
1 1 10 1 1
1 1 1 1 1 1
1 1 10 1 1
1 1 2 2 1 1
1 2 8 2 1
1 2 2 2 2 1
1 1 2 6 2 1 1
1 1 1 2 2 1 1 1
1 1 1 1 2 1 1 1 1
1 1 1 1 1 1 1 1 1 1
1 1 1 1 1 2 1 1 1 1
1 1 1 1 1 2 1 1 1 1
1 1 1 1 1 1 1 1 1
1 1 1 1 4 1 1 1
1 1 1 2 2 1 1
1 1 2 8 2 1
1 2 2 2 1
1 2 10 1 1
1 1 2 1 1
1 1 11 1 1