# solver=cpp-298d4941
# cpu=AMD EPYC Processor (with IBPB)
# strategy=basic
# n_solutions=1
# solve_time=0.00050
1 1 1 1
2 12 2
2 1 1 2
2 8 2
3 1 1 3
1 2 4 2 1
1 3 1 1 3 1
1 1 2 2 1 1
1 1 3 2 3 1 1
1 1 1 1 1 1 1 1
1 1 1 1 1 1 1 1
1 1 3 2 3 1 1
1 1 2 2 1 1
1 3 1 1 3 1
1 2 4 2 1
3 1 1 3
2 8 2
2 1 1 2
2 12 2
1 1 1 1
---
1 1 1 1
2 12 2
2 1 1 2
2 8 2
3 1 1 3
1 2 4 2 1
1 3 1 1 3 1
1 1 2 2 1 1
1 1 3 2 3 1 1
1 1 1 1 1 1 1 1
1 1 1 1 1 1 1 1
1 1 3 2 3 1 1
1 1 2 2 1 1
1 3 1 1 3 1
1 2 4 2 1
3 1 1 3
2 8 2
2 1 1 2
2 12 2
1 1 1 1