# solver=cpp-86fd3e96b
# cpu=AMD EPYC Processor (with IBPB)
# isolated_core=11
# strategy=basic
# n_solutions=1
# solve_time=0.00020
4 4
2 5 5 2
1 4 1
1 4 1 1 4 1
2 1 1 1 1 1 1 2
1 1 1 1 1 1 1 1
1 4 1 1 4 1
1 4 1
7 7
1 1 1 1
1 1 1 1
7 7
1 4 1
1 4 1 1 4 1
1 1 1 1 1 1 1 1
2 1 1 1 1 1 1 2
1 4 1 1 4 1
1 4 1
2 5 5 2
4 4
---
4 4
2 5 5 2
1 4 1
1 4 1 1 4 1
2 1 1 1 1 1 1 2
1 1 1 1 1 1 1 1
1 4 1 1 4 1
1 4 1
7 7
1 1 1 1
1 1 1 1
7 7
1 4 1
1 4 1 1 4 1
1 1 1 1 1 1 1 1
2 1 1 1 1 1 1 2
1 4 1 1 4 1
1 4 1
2 5 5 2
4 4