# solver=cpp-6dc88e3e
# cpu=AMD EPYC Processor (with IBPB)
# isolated_core=11
# strategy=basic
# n_solutions=1
# solve_time=0.00030
4 8 4
1 1 1 1 1 1 1 1
1 4 1 1 4 1
3 1 1 3
1 5 5 1
1 1 1 1 1 1
3 1 3 3 1 3
1 1 1 1 1 1
7 4 7
1 1 1 1
1 1 1 1
7 4 7
1 1 1 1 1 1
3 1 3 3 1 3
1 1 1 1 1 1
1 5 5 1
3 1 1 3
1 4 1 1 4 1
1 1 1 1 1 1 1 1
4 8 4
---
4 8 4
1 1 1 1 1 1 1 1
1 4 1 1 4 1
3 1 1 3
1 5 5 1
1 1 1 1 1 1
3 1 3 3 1 3
1 1 1 1 1 1
7 4 7
1 1 1 1
1 1 1 1
7 4 7
1 1 1 1 1 1
3 1 3 3 1 3
1 1 1 1 1 1
1 5 5 1
3 1 1 3
1 4 1 1 4 1
1 1 1 1 1 1 1 1
4 8 4