# solver=cpp-d85c7576
# cpu=AMD EPYC Processor (with IBPB)
# isolated_core=11
# strategy=basic
# n_solutions=1
# solve_time=0.00030
5 7 4
1 1 1 1 1 1
1 5 1 5 1
1 1 1 1 1 1 1 1
1 1 3 3 3 4
1 1 1 1
1 1 3 1 5
1 1 1 1 5 1 1 1
1 5 1 1 1 1 3
1 1 3 1 1
1 1 1 1
7 1 6
1 1 1 1
9 3 1
1 1 1 1
11 6
1 1 1 1
1 1 5 4
1 1 1 1 1 1
7 3 8
---
12 5
1 1 1 1
1 7 1 1 1
1 1 1 1 1 1
5 8 1 1
1 1 1 1 1 1 1 1
3 3 9
1 1
5 3 1 1 3
1 1 1 1 1 1 1 1
1 6 1 5
1 1 1 1
1 3 7 3
1 1 1 1
5 6 3 1
1 1 1 1 1 1
3 5 1 5 1
1 1 1 1 1 1 1 1
1 1 3 1 1 1 1
5 5 3