# solver=cpp-1e16a40
# cpu=AMD EPYC Processor (with IBPB)
# isolated_core=11
# strategy=basic
# n_solutions=1
# solve_time=0.00040
8 3 4
1 1 1 3 1 1
1 7 1 1 1 1 1
1 1 1 1 1 1 4
1 1 5 3 1
1 1 1 1 5
1 1 1 5 1 1
3 1 1 1 8
3 1 1 1 1
1 4 5
5 4 1
1 1 1 1 3
8 1 1 1 3
1 1 5 1 1 1
5 1 1 1 1
1 3 5 1 1
4 1 1 1 1 1 1
1 1 1 1 1 7 1
1 1 3 1 1 1
4 3 8
---
8 3 4
1 1 1 3 1 1
1 7 1 1 1 1 1
1 1 1 1 1 1 4
1 1 5 3 1
1 1 1 1 5
1 1 1 5 1 1
3 1 1 1 8
3 1 1 1 1
1 4 5
5 4 1
1 1 1 1 3
8 1 1 1 3
1 1 5 1 1 1
5 1 1 1 1
1 3 5 1 1
4 1 1 1 1 1 1
1 1 1 1 1 7 1
1 1 3 1 1 1
4 3 8