# solver=cpp-400bd85f2
# cpu=AMD EPYC Processor (with IBPB)
# isolated_core=11
# strategy=basic
# n_solutions=1
# solve_time=0.00030
9 8 1
1 1 1
9 6 1 1
1 1 1 1 1
1 7 4 1 1 1
1 1 1 1 1 1 1
1 1 5 2 1 1 1 1
1 1 1 1 1 1 1 1 1
1 1 1 3 1 1 1 1 1
1 1 1 1 1 1 1 1
1 1 1 1 1 1 1 1
1 1 1 1 1 3 1 1 1
1 1 1 1 1 1 1 1 1
1 1 1 1 2 5 1 1
1 1 1 1 1 1 1
1 1 1 4 7 1
1 1 1 1 1
1 1 6 9
1 1 1
1 8 9
---
1 8 9
1 1 1
1 1 6 9
1 1 1 1 1
1 1 1 4 7 1
1 1 1 1 1 1 1
1 1 1 1 2 5 1 1
1 1 1 1 1 1 1 1 1
1 1 1 1 1 3 1 1 1
1 1 1 1 1 1 1 1
1 1 1 1 1 1 1 1
1 1 1 3 1 1 1 1 1
1 1 1 1 1 1 1 1 1
1 1 5 2 1 1 1 1
1 1 1 1 1 1 1
1 7 4 1 1 1
1 1 1 1 1
9 6 1 1
1 1 1
9 8 1