# solver=cpp-b64f6aebe
# cpu=AMD EPYC Processor (with IBPB)
# isolated_core=11
# strategy=basic
# n_solutions=1
# solve_time=0.00020
3 3 3 3
2 2 1 1 1 1 2 2
1 3 4 3 1
2 1 1 2
2 2 2 2
1 6 1
5 5
1 2 6 2 1
3 1 1 1 1 3
1 1 1 1 1 1
1 1 1 1 1 1
3 1 1 1 1 3
1 2 6 2 1
5 5
1 6 1
2 2 2 2
2 1 1 2
1 3 4 3 1
2 2 1 1 1 1 2 2
3 3 3 3
---
3 3 3 3
2 2 1 1 1 1 2 2
1 3 4 3 1
2 1 1 2
2 2 2 2
1 6 1
5 5
1 2 6 2 1
3 1 1 1 1 3
1 1 1 1 1 1
1 1 1 1 1 1
3 1 1 1 1 3
1 2 6 2 1
5 5
1 6 1
2 2 2 2
2 1 1 2
1 3 4 3 1
2 2 1 1 1 1 2 2
3 3 3 3