# solver=cpp-298d4941
# cpu=AMD EPYC Processor (with IBPB)
# strategy=basic
# n_solutions=1
# solve_time=0.00070
18
1 1
3 12 3
1 1 1 1
1 3 8 1 1
1 1 1 1 1 1
1 1 3 3 1 1 1
1 1 1 1 1 1 1 3
1 1 3 2 1 1 1 1
1 1 1 1 1 1 3 1
1 3 1 1 1 1 1 1
1 1 1 1 2 3 1 1
3 1 1 1 1 1 1 1
1 1 1 3 3 1 1
1 1 1 1 1 1
1 1 8 3 1
1 1 1 1
3 12 3
1 1
18
---
11 3
1 1 1 1
3 7 6 1
1 1 1 1
1 3 3 8 1
1 1 1 1 1 1
1 1 3 8 1 1
1 1 1 1 1 1
1 1 1 6 1 1 1
1 1 1 3 1 1 1 1
1 1 1 1 3 1 1 1
1 1 1 6 1 1 1
1 1 1 1 1 1
1 1 8 3 1 1
1 1 1 1 1 1
1 8 3 3 1
1 1 1 1
1 6 7 3
1 1 1 1
3 11