# solver=cpp-d85c7576
# cpu=AMD EPYC Processor (with IBPB)
# isolated_core=11
# strategy=basic
# n_solutions=1
# solve_time=0.00020
1 1 1
7 1 6 1 1
1 1 1 1 1 1 1
1 3 1 1 1 2 1 1 1
1 1 1 1 1 1 1 1 1
1 1 5 1 1 1 1
5 1 1 4 1 1
1 1 1 1 1 1
3 1 1 1 1 1 6
1 1 1 1 1
1 1 14 1
1 1 1 1 1
1 6 1 7 1
1 1 1 1 1
6 1 1 1 7
1 1 1 1 1
4 1 1 1 7 1
1 1 1 1 1 1
2 1 1 1 9 1
1 1 1 1 1
---
6 1 5 1 1
1 1 1 1 1 2
1 2 1 5 1 1
1 1 1 1 1 4
1 8 1 1
1 1 1 6
8 1 1
1 1 8
4 1 4
1 9
8 1 1
1 1 5 1
1 8 1 1 1
1 1 1 1 1 1 1 1
1 1 1 1 1 1 1 1
6 1 1 1 1 1 1
1 1 1 1 1 1
9 3 1 3
1 1
7 12