# solver=cpp-b64f6aebe
# cpu=AMD EPYC Processor (with IBPB)
# isolated_core=11
# strategy=contra
# n_solutions=1
# solve_time=0.00030
5 1 1
1 1 1 1 1 1 1 1
2 2 1 1 1 1
1 1 1 1
16
1 2 1 1
1 2 2 2 1 1 1
1 2 2 2 1 1
1 2 1
1 5 5
1 6 5 1
1 1 2 2 1
1 2 2 2 1 1
1 2 2 2 1
1 1 2 1
1 1 16
1 1 1 1 1
1 1 1 1 1 2 2
2 1 1 1 1 1 1 1
1 1 1 5
---
5 1 1 1
1 1 1 1 1 1 1
2 2 1 1 1 1
1 1 1 1 1 1
16 1
1 2 1
1 1 2 2 2 1 1
1 1 1 2 2 2 2 1
1 1 2 1 1
5 5
5 5
1 1 2 1 1
1 2 2 2 2 1 1 1
1 1 2 2 2 1 1
1 2 1
16
1 1 1 1 1
1 1 1 1 1 2 2
1 1 1 1 1 1 1
1 5