# solver=cpp-400bd85f2
# cpu=AMD EPYC Processor (with IBPB)
# isolated_core=11
# strategy=basic
# n_solutions=1
# solve_time=0.00030
2 4 7
1 3 4 6
5 2 2 5
2 2
1 1 2 1 1
1 5 1 1 5 1
1 1 1 4 1 1 1
1 1 1 1 1 1 1 1
1 1 1 1 4 1 1 1 1
1 1 1 1 1 1 1 1 1 1
1 1 1 1 1 1 1 1
1 1 1 1 4 1 1 1 1
1 1 1 1 1 1 1 1 1 1
1 1 1 1 1 1 1 1 1 1
1 1 1 4 1 1 1
1 1 1 1 1 1 1 1 1 1
1 1 1 1 1 1 1 1 1 1
1 1 1 1 4 1 1 1 1
1 1 1 1 1 1
1 16 1
---
3 16
1 1
1 15
3 1 1
3 1 3 3 3 1
2 1 1
1 17
2 1
2 2 10 1
1 1 1 1 1 1 1 1
1 1 1 1 1 1 1 1
2 2 10 1
2 1
1 17
2 1 1
3 1 3 3 3 1
3 1 1
3 15
3
3 16