# solver=cpp-6dc88e3e
# cpu=AMD EPYC Processor (with IBPB)
# isolated_core=11
# strategy=basic
# n_solutions=1
# solve_time=0.00040
1 4 4 3
1 3 3 2 2
1 1 2 3 1 1 2 1
3 2 3 2 2
2 1 1 1 1 1 2 1
2 2 2 2 3 1
1 1 1 1 1 2 1 1
1 1 2 1 1 1
1 1 2 1 2 1
1 2 1 1 2 1 1
2 1 2 1 3 2
1 1 1 1 2 2
1 3 4 2 1
3 1 1 1 1 1 1
1 3 2 3 2
2 2 2 2 2 1 1 1
3 4 4 2
3 1 1 3 1
2 8 3 2
1 9 2 1 1 1
---
1 2 5 6
1 3 2 1 4
1 1 1 3 3 2 1
2 2 2 3 2
2 1 1 1 2 2 3
1 2 1 1 1 2 1 2
1 1 3 2 1 2 2
1 1 2 2
1 3 1 1 1 2
1 2 1 1 1 3 1 3
1 3 2 1 1 2 2
2 1 1 2 1 1 2
3 4 3 1 5
1 1 1 1 6
4 2 2 1 1
1 3 1 2 2 1
3 1 3 1
1 3 2 2 1
2 5 1 1 1 1
3 2 5