# solver=cpp-400bd85f2
# cpu=AMD EPYC Processor (with IBPB)
# isolated_core=11
# strategy=contra
# n_solutions=1
# solve_time=0.00050
7 7
2 2 2 2
1 3 2 1 3 1
1 1 1 1 1 1 1 1
1 1 1 1 1 1 1 1 1 1
1 1 1 1 1 1 1 1 1
1 2 1 1 1 1 1
2 1 2 3 2
5 4 2
2 7
7 2
2 4 5
2 3 2 1 2
1 1 1 1 1 2 1
1 1 1 1 1 1 1 1 1
1 1 1 1 1 1 1 1 1 1
1 1 1 1 1 1 1 1
1 3 1 2 3 1
2 2 2 2
7 7
---
7 7
2 2 2 2
1 3 1 2 3 1
1 1 1 1 1 1 1 1
1 1 1 1 1 1 1 1 1 1
1 1 1 1 1 1 1 1 1
1 1 1 1 1 2 1
2 3 2 1 2
2 4 5
7 2
2 7
5 4 2
2 1 2 3 2
1 2 1 1 1 1 1
1 1 1 1 1 1 1 1 1
1 1 1 1 1 1 1 1 1 1
1 1 1 1 1 1 1 1
1 3 2 1 3 1
2 2 2 2
7 7