# solver=cpp-6b570c1b3
# cpu=AMD EPYC Processor (with IBPB)
# isolated_core=11
# strategy=basic
# n_solutions=1
# solve_time=0.00020
20
1
18 1
1 1 1
1 14 1 1
1 1 1 1 1
1 1 10 1 1 1
1 1 1 1 1 1 1
1 1 1 6 1 1 1 1
1 1 1 1 1 1 1 1 1
1 1 1 1 1 1 1 1 1 1
1 1 1 1 4 1 1 1 1
1 1 1 1 1 1 1 1
1 1 1 8 1 1 1
1 1 1 1 1 1
1 1 12 1 1
1 1 1 1
1 16 1
1 1
20
---
1 18
1 1 1
1 1 14 1
1 1 1 1 1
1 1 1 10 1 1
1 1 1 1 1 1 1
1 1 1 1 6 1 1 1
1 1 1 1 1 1 1 1 1
1 1 1 1 1 2 1 1 1 1
1 1 1 1 1 1 1 1 1 1
1 1 1 1 1 1 1 1 1 1
1 1 1 1 4 1 1 1 1
1 1 1 1 1 1 1 1
1 1 1 8 1 1 1
1 1 1 1 1 1
1 1 12 1 1
1 1 1 1
1 16 1
1 1
20