# solver=cpp-b35e477
# cpu=AMD EPYC Processor (with IBPB)
# strategy=backtrack
# n_solutions=1239191
# solve_time=6.29510
1 2 1 1 1 1 2 1
1 1 1 2 1 1 1
1 1 1 1
1 16 1
1 1 1 1
1 1 2 1 1
1 1 2 2 1 1
1 1 1 1 1 1
1 1 1 1 1 1
1 1 1 1 1 1
1 1 1 1 1 1
1 1 2 2 1 1
1 1 2 1 1
1 1 3 3 1 1
1 1 1 1 1 1
1 1 1 1 1 1
1 16 1
1 1 1 1
1 1 1 2 1 1 1
1 2 1 1 1 1 2 1
---
1 2 1 1 1 1 2 1
1 1 1 2 1 1 1
1 1 1 1
1 16 1
1 1 1 1
1 1 1 1
1 1 4 1
1 1 6 1 1 1
1 1 1 1 1 1 1
1 1 1 1 1 1
1 1 1 1 1 1
1 1 1 1 1 1 1
1 1 6 1 1 1
1 1 4 1
1 1 1 1
1 1 1 1
1 16 1
1 1 1 1
1 1 1 2 1 1 1
1 2 1 1 1 1 2 1