# solver=cpp-6dc88e3e
# cpu=AMD EPYC Processor (with IBPB)
# isolated_core=11
# strategy=backtrack
# n_solutions=3
# solve_time=16.45900
8
3 2
2 3
2 3 1
1 6 1
4 2
2 2
1 1
2 4 2
1 4 1
3 2
1 1
4 3 2
2 3 2 1
1 2
2 2
1 2
2 1
2 2
1 1 1
2 2 2
1 1 2 1
2 2 2 2
1 2 1 1
4 2 3 1
2 2 1 1 2
2 2 2 1 1
2 3 4 1 2 1
1 2 1 2 2 2 1 1
2 2 1 1 2 1 1 2
1 1 1 1 2 2 1 1
2 1 1 1 2 1 1 2
3 2 1 1 2 1 3 1
3 1 1 1 1 2 1 1
2 1 1 1 1 2 1 4
4 2 1 1 1 1
1 1 1 1 1 1 1
1 3 1 1 2 1 1 3
3 2 2 2 2 1
1 1 1 1 1 1
4 1 1 2 1
3 3
---
5
3 1
2 5
5 1 1
4 1 1
3 1 1
2 6
5 4
3 2 4
3 3 1 2
2 2 2 2 2
2 4 3 2 1
1 2 8 3 15
2 1 1 2 2 2 1 1
1 1 2 1 2 1 1
1 1 1 1 1 1 1
1 1 1 1 1
1 2 2 12
1 1 1 1 2
1 2 1 1 1
3 1 2 1
5 1 2
2 2 2
3 1 2
3 2
3 2
3 5 3
2 2 1 3 7
2 1 1 3 1 2
3 3 4 1 1
3 3 3 1 1
3 3 5
4 3
5 2 1
3 1
3